Instruction,pfIssued,pfInCache,overallMisses,overallHits,overallAccesses,unusedPrefetches
1000172.000000,6652.000000,64250.000000,303823.000000,30266.000000,334089.000000,39.000000
2000108.000000,6652.000000,64909.000000,303144.000000,30168.000000,667401.000000,0.000000
3000044.000000,6644.000000,64864.000000,303169.000000,30144.000000,1000714.000000,0.000000
4000076.000000,6649.000000,64837.000000,303192.000000,30152.000000,1334058.000000,0.000000
5000108.000000,6645.000000,64820.000000,303215.000000,30128.000000,1667401.000000,0.000000
6000044.000000,6650.000000,64888.000000,303151.000000,30160.000000,2000712.000000,0.000000
7000364.000000,6654.000000,64882.000000,303281.000000,30160.000000,2334153.000000,0.000000
8000972.000000,6644.000000,64851.000000,303367.000000,30168.000000,2667688.000000,0.000000
9000620.000000,6649.000000,64826.000000,303081.000000,30136.000000,3000905.000000,0.000000
10000172.000000,6647.000000,64851.000000,303056.000000,30128.000000,3334089.000000,0.000000
11000108.000000,6648.000000,64824.000000,303160.000000,30152.000000,3667401.000000,0.000000
12000236.000000,6647.000000,64870.000000,303231.000000,30144.000000,4000776.000000,0.000000
13000460.000000,6652.000000,64882.000000,303249.000000,30160.000000,4334185.000000,0.000000
14000108.000000,6647.000000,64838.000000,303089.000000,30128.000000,4667402.000000,0.000000
15000140.000000,6647.000000,64858.000000,303183.000000,30160.000000,5000745.000000,0.000000
16000460.000000,6645.000000,64844.000000,303281.000000,30160.000000,5334186.000000,0.000000
17000108.000000,6654.000000,64962.000000,303072.000000,30144.000000,5667402.000000,0.000000
18000140.000000,6646.000000,64792.000000,303207.000000,30136.000000,6000745.000000,0.000000
19000268.000000,6650.000000,64881.000000,303207.000000,30168.000000,6334120.000000,0.000000
20000204.000000,6642.000000,64786.000000,303185.000000,30128.000000,6667433.000000,0.000000
21000332.000000,6652.000000,64890.000000,303224.000000,30152.000000,7000809.000000,0.000000
22000268.000000,6650.000000,64863.000000,303168.000000,30144.000000,7334121.000000,0.000000
23000492.000000,6648.000000,64917.000000,303248.000000,30160.000000,7667529.000000,0.000000
24000044.000000,6645.000000,64722.000000,303055.000000,30128.000000,8000712.000000,0.000000
25000172.000000,6651.000000,64958.000000,303210.000000,30168.000000,8334090.000000,0.000000
26000108.000000,6645.000000,64795.000000,303183.000000,30128.000000,8667401.000000,0.000000
27000044.000000,6652.000000,64913.000000,303144.000000,30168.000000,9000713.000000,0.000000
28000043.000000,6647.000000,64883.000000,303176.000000,30151.000000,9334040.000000,0.000000
29000012.000000,6646.000000,64811.000000,303185.000000,30145.000000,9667370.000000,0.000000
30000044.000000,6645.000000,64821.000000,303215.000000,30128.000000,10000713.000000,0.000000
31000268.000000,6651.000000,64885.000000,303240.000000,30168.000000,10334121.000000,0.000000
32000300.000000,6653.000000,64888.000000,303192.000000,30152.000000,10667465.000000,0.000000
33000908.000000,6644.000000,64840.000000,303367.000000,30168.000000,11001000.000000,0.000000
34000556.000000,6649.000000,64846.000000,303081.000000,30136.000000,11334217.000000,0.000000
35000108.000000,6647.000000,64843.000000,303056.000000,30128.000000,11667401.000000,0.000000
36000044.000000,6648.000000,64809.000000,303160.000000,30152.000000,12000713.000000,0.000000
37000172.000000,6647.000000,64875.000000,303231.000000,30144.000000,12334088.000000,0.000000
38000396.000000,6652.000000,64899.000000,303249.000000,30160.000000,12667497.000000,0.000000
39000044.000000,6647.000000,64854.000000,303089.000000,30128.000000,13000714.000000,0.000000
40000076.000000,6647.000000,64825.000000,303183.000000,30160.000000,13334057.000000,0.000000
41000396.000000,6645.000000,64855.000000,303281.000000,30160.000000,13667498.000000,0.000000
42000044.000000,6654.000000,64936.000000,303072.000000,30144.000000,14000714.000000,0.000000
43000076.000000,6646.000000,64834.000000,303207.000000,30136.000000,14334057.000000,0.000000
44000204.000000,6650.000000,64878.000000,303207.000000,30168.000000,14667432.000000,0.000000
45000140.000000,6642.000000,64771.000000,303185.000000,30128.000000,15000745.000000,0.000000
46000268.000000,6652.000000,64890.000000,303224.000000,30152.000000,15334121.000000,0.000000
47000204.000000,6650.000000,64837.000000,303168.000000,30144.000000,15667433.000000,0.000000
48000428.000000,6648.000000,64946.000000,303248.000000,30160.000000,16000841.000000,0.000000
49000172.000000,6648.000000,64769.000000,303113.000000,30136.000000,16334090.000000,0.000000
50000108.000000,6648.000000,64909.000000,303152.000000,30160.000000,16667402.000000,0.000000
51000176.000000,6673.000000,63395.000000,303490.000000,29997.000000,17000889.000000,10.000000
52000112.000000,6691.000000,62441.000000,303438.000000,29874.000000,17334201.000000,0.000000
53000336.000000,6688.000000,62563.000000,303518.000000,29889.000000,17667608.000000,0.000000
54000176.000000,6674.000000,62805.000000,303291.000000,29990.000000,18000889.000000,0.000000
55000304.000000,6645.000000,64852.000000,303131.000000,30244.000000,18334264.000000,0.000000
56000144.000000,6643.000000,64482.000000,303027.000000,30253.000000,18667544.000000,0.000000
57000080.000000,6618.000000,64920.000000,302930.000000,30383.000000,19000857.000000,0.000000
58000208.000000,6640.000000,64456.000000,303117.000000,30258.000000,19334232.000000,0.000000
59000144.000000,6623.000000,65087.000000,302903.000000,30410.000000,19667545.000000,0.000000
60000464.000000,6639.000000,64437.000000,303181.000000,30258.000000,20000984.000000,0.000000
61000112.000000,6618.000000,65026.000000,302831.000000,30386.000000,20334201.000000,0.000000
62000144.000000,6640.000000,64423.000000,303085.000000,30258.000000,20667544.000000,0.000000
63000368.000000,6639.000000,64559.000000,303150.000000,30258.000000,21000952.000000,0.000000
64000304.000000,6622.000000,65026.000000,302902.000000,30410.000000,21334264.000000,0.000000
65000528.000000,6637.000000,64488.000000,303149.000000,30258.000000,21667671.000000,0.000000
66000272.000000,6625.000000,65004.000000,302863.000000,30386.000000,22000920.000000,0.000000
67000112.000000,6635.000000,64420.000000,303031.000000,30250.000000,22334201.000000,0.000000
68000240.000000,6641.000000,64536.000000,303101.000000,30274.000000,22667576.000000,0.000000
69000277.000000,6618.000000,64941.000000,302942.000000,30402.000000,23000920.000000,0.000000
70000112.000000,6641.000000,64600.000000,303038.000000,30242.000000,23334200.000000,0.000000
71000048.000000,6622.000000,64935.000000,302903.000000,30410.000000,23667513.000000,0.000000
72000272.000000,6638.000000,64561.000000,303157.000000,30250.000000,24000920.000000,0.000000
73000016.000000,6631.000000,64476.000000,302950.000000,30298.000000,24334168.000000,0.000000
74000048.000000,6631.000000,65033.000000,302982.000000,30362.000000,24667512.000000,0.000000
75000080.000000,6638.000000,64577.000000,303077.000000,30266.000000,25000855.000000,0.000000
76000304.000000,6624.000000,64869.000000,303015.000000,30394.000000,25334264.000000,0.000000
77000144.000000,6639.000000,64613.000000,303006.000000,30274.000000,25667544.000000,0.000000
78000176.000000,6631.000000,64595.000000,303056.000000,30289.000000,26000889.000000,0.000000
79000112.000000,6626.000000,64846.000000,302972.000000,30339.000000,26334200.000000,0.000000
80000048.000000,6641.000000,64522.000000,303037.000000,30274.000000,26667511.000000,0.000000
81000272.000000,6622.000000,64950.000000,303007.000000,30402.000000,27000920.000000,0.000000
82000981.000000,6639.000000,64624.000000,303278.000000,30290.000000,27334488.000000,0.000000
83000336.000000,6632.000000,64614.000000,302839.000000,30281.000000,27667608.000000,0.000000
84000560.000000,6630.000000,64881.000000,303061.000000,30347.000000,28001016.000000,0.000000
85000688.000000,6639.000000,64562.000000,303115.000000,30261.000000,28334392.000000,0.000000
86000720.000000,6620.000000,64865.000000,302937.000000,30407.000000,28667736.000000,0.000000
87000176.000000,6636.000000,64550.000000,302923.000000,30229.000000,29000888.000000,0.000000
88000208.000000,6634.000000,64683.000000,303010.000000,30334.000000,29334232.000000,0.000000
89000048.000000,6629.000000,64803.000000,302941.000000,30339.000000,29667512.000000,0.000000
90000464.000000,6636.000000,64589.000000,303203.000000,30269.000000,30000984.000000,0.000000
91000016.000000,6623.000000,64970.000000,302785.000000,30399.000000,30334168.000000,0.000000
92000144.000000,6642.000000,64582.000000,303123.000000,30253.000000,30667544.000000,0.000000
93000176.000000,6629.000000,64516.000000,303026.000000,30318.000000,31000888.000000,0.000000
94000208.000000,6626.000000,64858.000000,303011.000000,30334.000000,31334233.000000,0.000000
95000048.000000,6641.000000,64494.000000,303004.000000,30274.000000,31667511.000000,0.000000
96000080.000000,6624.000000,64996.000000,302962.000000,30383.000000,32000856.000000,0.000000
97000304.000000,6639.000000,64542.000000,303139.000000,30269.000000,32334264.000000,0.000000
98000009.000000,6627.000000,64614.000000,302913.000000,30317.000000,32667494.000000,0.000000
99001232.000000,6636.000000,64960.000000,303386.000000,30359.000000,33001239.000000,0.000000
100000112.000000,6633.000000,64333.000000,302719.000000,30242.000000,33334200.000000,0.000000
101000010.000000,6640.000000,64383.000000,303224.000000,30208.000000,33667632.000000,9.000000
102000138.000000,6692.000000,62539.000000,303453.000000,29923.000000,34001008.000000,0.000000
103000170.000000,6684.000000,62481.000000,303428.000000,29916.000000,34334352.000000,0.000000
104000202.000000,6687.000000,62563.000000,303418.000000,29925.000000,34667695.000000,0.000000
105000042.000000,6687.000000,62389.000000,303365.000000,29916.000000,35000976.000000,0.000000
106000842.000000,6684.000000,62573.000000,303659.000000,29939.000000,35334574.000000,0.000000
107000202.000000,6686.000000,62408.000000,303222.000000,29899.000000,35667695.000000,0.000000
108000042.000000,6685.000000,62512.000000,303365.000000,29915.000000,36000975.000000,0.000000
109000074.000000,6687.000000,62579.000000,303401.000000,29942.000000,36334318.000000,0.000000
110000106.000000,6683.000000,62390.000000,303439.000000,29907.000000,36667664.000000,0.000000
111000330.000000,6686.000000,62564.000000,303492.000000,29915.000000,37001071.000000,0.000000
112000074.000000,6687.000000,62400.000000,303325.000000,29923.000000,37334319.000000,0.000000
113000106.000000,6687.000000,62602.000000,303419.000000,29926.000000,37667664.000000,0.000000
114000138.000000,6682.000000,62423.000000,303426.000000,29916.000000,38001006.000000,0.000000
115000170.000000,6690.000000,62537.000000,303431.000000,29915.000000,38334352.000000,0.000000
116000106.000000,6684.000000,62415.000000,303389.000000,29922.000000,38667663.000000,0.000000
117000522.000000,6688.000000,62553.000000,303546.000000,29926.000000,39001135.000000,0.000000
118000458.000000,6680.000000,62472.000000,303380.000000,29931.000000,39334446.000000,0.000000
119000010.000000,6688.000000,62485.000000,303292.000000,29894.000000,39667632.000000,0.000000
120000138.000000,6688.000000,62485.000000,303446.000000,29929.000000,40001007.000000,0.000000
121000170.000000,6685.000000,62477.000000,303435.000000,29909.000000,40334351.000000,0.000000
122000207.000000,6680.000000,62506.000000,303404.000000,29940.000000,40667695.000000,0.000000
123000042.000000,6690.000000,62492.000000,303377.000000,29902.000000,41000974.000000,0.000000
124000266.000000,6685.000000,62470.000000,303479.000000,29930.000000,41334383.000000,0.000000
125000010.000000,6685.000000,62494.000000,303349.000000,29899.000000,41667631.000000,0.000000
126000042.000000,6685.000000,62470.000000,303403.000000,29940.000000,42000974.000000,0.000000
127000074.000000,6689.000000,62546.000000,303429.000000,29917.000000,42334320.000000,0.000000
128000106.000000,6684.000000,62466.000000,303428.000000,29916.000000,42667664.000000,0.000000
129000138.000000,6687.000000,62530.000000,303420.000000,29923.000000,43001007.000000,0.000000
130000270.000000,6689.000000,62427.000000,303446.000000,29931.000000,43334384.000000,0.000000
131000778.000000,6682.000000,62599.000000,303576.000000,29926.000000,43667886.000000,0.000000
132000138.000000,6686.000000,62403.000000,303222.000000,29899.000000,44001007.000000,0.000000
133000074.000000,6687.000000,62491.000000,303388.000000,29923.000000,44334318.000000,0.000000
134000010.000000,6685.000000,62524.000000,303381.000000,29931.000000,44667630.000000,0.000000
135000042.000000,6683.000000,62407.000000,303439.000000,29907.000000,45000976.000000,0.000000
136000266.000000,6686.000000,62623.000000,303489.000000,29918.000000,45334383.000000,0.000000
137000010.000000,6687.000000,62406.000000,303324.000000,29924.000000,45667631.000000,0.000000
138000042.000000,6687.000000,62536.000000,303422.000000,29923.000000,46000976.000000,0.000000
139000074.000000,6682.000000,62413.000000,303428.000000,29914.000000,46334318.000000,0.000000
140000106.000000,6690.000000,62581.000000,303428.000000,29918.000000,46667664.000000,0.000000
141000042.000000,6684.000000,62437.000000,303388.000000,29923.000000,47000975.000000,0.000000
142000458.000000,6688.000000,62525.000000,303546.000000,29926.000000,47334447.000000,0.000000
143000394.000000,6680.000000,62436.000000,303382.000000,29929.000000,47667758.000000,0.000000
144000047.000000,6690.000000,62517.000000,303316.000000,29901.000000,48000975.000000,0.000000
145000074.000000,6686.000000,62521.000000,303420.000000,29924.000000,48334319.000000,0.000000
146000106.000000,6685.000000,62486.000000,303434.000000,29910.000000,48667663.000000,0.000000
147000143.000000,6680.000000,62444.000000,303406.000000,29938.000000,49001007.000000,0.000000
148000170.000000,6692.000000,62489.000000,303438.000000,29907.000000,49334352.000000,0.000000
149000202.000000,6683.000000,62489.000000,303419.000000,29924.000000,49667695.000000,0.000000
150000426.000000,6686.000000,62545.000000,303482.000000,29925.000000,50001102.000000,0.000000
151000170.000000,6686.000000,62446.000000,303326.000000,29924.000000,50334352.000000,0.000000
152000001.000000,6687.000000,62592.000000,303469.000000,29860.000000,50667681.000000,8.000000
153000221.000000,6692.000000,62481.000000,303506.000000,29902.000000,51001089.000000,0.000000
154000157.000000,6671.000000,62789.000000,303352.000000,29961.000000,51334402.000000,0.000000
155000573.000000,6643.000000,64989.000000,303195.000000,30276.000000,51667873.000000,0.000000
156000125.000000,6639.000000,64354.000000,302955.000000,30229.000000,52001057.000000,0.000000
157000157.000000,6621.000000,65062.000000,302937.000000,30407.000000,52334401.000000,0.000000
158000189.000000,6639.000000,64414.000000,303071.000000,30274.000000,52667746.000000,0.000000
159000317.000000,6625.000000,65007.000000,302987.000000,30388.000000,53001121.000000,0.000000
160000161.000000,6636.000000,64533.000000,303025.000000,30256.000000,53334402.000000,0.000000
161000189.000000,6623.000000,64921.000000,302950.000000,30394.000000,53667746.000000,0.000000
162000125.000000,6638.000000,64611.000000,303038.000000,30274.000000,54001058.000000,0.000000
163001122.000000,6639.000000,64486.000000,303373.000000,30290.000000,54334721.000000,0.000000
164000093.000000,6621.000000,64986.000000,302647.000000,30346.000000,54667714.000000,0.000000
165000221.000000,6642.000000,64436.000000,303109.000000,30266.000000,55001089.000000,0.000000
166000253.000000,6619.000000,65045.000000,302934.000000,30410.000000,55334433.000000,0.000000
167000289.000000,6636.000000,64501.000000,303087.000000,30258.000000,55667778.000000,0.000000
168000125.000000,6641.000000,64430.000000,303029.000000,30250.000000,56001057.000000,0.000000
169000157.000000,6624.000000,65083.000000,302942.000000,30402.000000,56334401.000000,0.000000
170000002.000000,6638.000000,64476.000000,303023.000000,30258.000000,56667682.000000,0.000000
171000221.000000,6619.000000,65019.000000,303004.000000,30402.000000,57001088.000000,0.000000
172000349.000000,6644.000000,64476.000000,303119.000000,30258.000000,57334465.000000,0.000000
173000002.000000,6636.000000,64457.000000,302967.000000,30250.000000,57667682.000000,0.000000
174000605.000000,6624.000000,65029.000000,303133.000000,30402.000000,58001217.000000,0.000000
175000349.000000,6632.000000,64548.000000,302973.000000,30274.000000,58334464.000000,0.000000
176000189.000000,6626.000000,64979.000000,302903.000000,30378.000000,58667745.000000,0.000000
177000317.000000,6639.000000,64540.000000,303118.000000,30258.000000,59001121.000000,0.000000
178000157.000000,6639.000000,64515.000000,302991.000000,30290.000000,59334402.000000,0.000000
179000093.000000,6617.000000,64908.000000,302940.000000,30370.000000,59667712.000000,0.000000
180000221.000000,6642.000000,64642.000000,303111.000000,30266.000000,60001089.000000,0.000000
181000253.000000,6622.000000,64811.000000,302958.000000,30386.000000,60334433.000000,0.000000
182000093.000000,6638.000000,64619.000000,303023.000000,30258.000000,60667714.000000,0.000000
183000605.000000,6638.000000,64544.000000,303181.000000,30322.000000,61001217.000000,0.000000
184001309.000000,6628.000000,64998.000000,303189.000000,30378.000000,61334784.000000,0.000000
185000093.000000,6633.000000,64500.000000,302703.000000,30226.000000,61667713.000000,0.000000
186000605.000000,6625.000000,64897.000000,303110.000000,30394.000000,62001217.000000,0.000000
187000028.000000,6638.000000,64685.000000,302846.000000,30289.000000,62334352.000000,0.000000
188000093.000000,6631.000000,64542.000000,303087.000000,30274.000000,62667713.000000,0.000000
189000221.000000,6630.000000,64851.000000,303013.000000,30363.000000,63001089.000000,0.000000
190000253.000000,6637.000000,64564.000000,303107.000000,30237.000000,63334433.000000,0.000000
191001053.000000,6626.000000,64948.000000,303169.000000,30431.000000,63668033.000000,0.000000
192000029.000000,6633.000000,64514.000000,302757.000000,30234.000000,64001024.000000,0.000000
193000253.000000,6635.000000,64694.000000,303080.000000,30329.000000,64334433.000000,0.000000
194000285.000000,6628.000000,64859.000000,302997.000000,30347.000000,64667777.000000,0.000000
195000029.000000,6638.000000,64529.000000,302994.000000,30253.000000,65001024.000000,0.000000
196000541.000000,6620.000000,64933.000000,303091.000000,30415.000000,65334530.000000,0.000000
197000573.000000,6641.000000,64556.000000,303106.000000,30237.000000,65667873.000000,0.000000
198000413.000000,6634.000000,64627.000000,302962.000000,30318.000000,66001153.000000,0.000000
199000349.000000,6629.000000,64787.000000,302973.000000,30339.000000,66334465.000000,0.000000
200000093.000000,6631.000000,64509.000000,302986.000000,30261.000000,66667712.000000,0.000000
201000125.000000,6628.000000,65028.000000,302947.000000,30399.000000,67001058.000000,0.000000
202000048.000000,6661.000000,63048.000000,303336.000000,29934.000000,67334328.000000,7.000000
203000080.000000,6694.000000,62442.000000,303447.000000,29899.000000,67667674.000000,0.000000
204000304.000000,6697.000000,62475.000000,303535.000000,29872.000000,68001081.000000,0.000000
205000048.000000,6631.000000,64251.000000,302987.000000,30261.000000,68334329.000000,0.000000
206000080.000000,6641.000000,64560.000000,303084.000000,30260.000000,68667673.000000,0.000000
207000208.000000,6656.000000,64919.000000,303232.000000,30144.000000,69001049.000000,0.000000
208000144.000000,6645.000000,64784.000000,303168.000000,30144.000000,69334361.000000,0.000000
209000176.000000,6649.000000,64868.000000,303199.000000,30144.000000,69667704.000000,0.000000
210000116.000000,6649.000000,64881.000000,303154.000000,30160.000000,70001018.000000,0.000000
211000432.000000,6648.000000,64820.000000,303287.000000,30152.000000,70334457.000000,0.000000
212000272.000000,6647.000000,64845.000000,303136.000000,30144.000000,70667737.000000,0.000000
213000304.000000,6649.000000,64799.000000,303199.000000,30144.000000,71001080.000000,0.000000
214000048.000000,6646.000000,64839.000000,303097.000000,30152.000000,71334329.000000,0.000000
215000757.000000,6650.000000,64842.000000,303408.000000,30160.000000,71667897.000000,0.000000
216000016.000000,6646.000000,64820.000000,302968.000000,30120.000000,72000985.000000,0.000000
217000053.000000,6649.000000,64846.000000,303184.000000,30160.000000,72334329.000000,0.000000
218000464.000000,6655.000000,64905.000000,303312.000000,30160.000000,72667801.000000,0.000000
219000496.000000,6642.000000,64806.000000,303208.000000,30136.000000,73001145.000000,0.000000
220000624.000000,6651.000000,64874.000000,303224.000000,30152.000000,73334521.000000,0.000000
221000656.000000,6648.000000,64851.000000,303183.000000,30160.000000,73667864.000000,0.000000
222000016.000000,6647.000000,64837.000000,302985.000000,30136.000000,74000985.000000,0.000000
223000244.000000,6643.000000,64799.000000,303257.000000,30152.000000,74334394.000000,0.000000
224000848.000000,6655.000000,64863.000000,303390.000000,30144.000000,74667928.000000,0.000000
225000016.000000,6645.000000,64818.000000,302914.000000,30144.000000,75000986.000000,0.000000
226000144.000000,6650.000000,64829.000000,303231.000000,30144.000000,75334361.000000,0.000000
227000176.000000,6644.000000,64843.000000,303185.000000,30160.000000,75667706.000000,0.000000
228000016.000000,6651.000000,64837.000000,303151.000000,30128.000000,76000985.000000,0.000000
229000624.000000,6649.000000,64889.000000,303368.000000,30168.000000,76334521.000000,0.000000
230000176.000000,6647.000000,64752.000000,303056.000000,30128.000000,76667705.000000,0.000000
231000016.000000,6642.000000,64890.000000,303112.000000,30168.000000,77000985.000000,0.000000
232000144.000000,6656.000000,64897.000000,303232.000000,30144.000000,77334361.000000,0.000000
233000080.000000,6645.000000,64771.000000,303168.000000,30144.000000,77667673.000000,0.000000
234000112.000000,6649.000000,64871.000000,303199.000000,30144.000000,78001016.000000,0.000000
235000052.000000,6649.000000,64856.000000,303154.000000,30160.000000,78334330.000000,0.000000
236000368.000000,6648.000000,64838.000000,303287.000000,30152.000000,78667769.000000,0.000000
237000208.000000,6647.000000,64869.000000,303136.000000,30144.000000,79001049.000000,0.000000
238000240.000000,6649.000000,64794.000000,303199.000000,30144.000000,79334392.000000,0.000000
239000041.000000,6649.000000,64851.000000,303104.000000,30159.000000,79667655.000000,0.000000
240000693.000000,6647.000000,64813.000000,303401.000000,30153.000000,80001209.000000,0.000000
241000144.000000,6649.000000,64843.000000,303025.000000,30128.000000,80334362.000000,0.000000
242000180.000000,6647.000000,64846.000000,303184.000000,30160.000000,80667706.000000,0.000000
243000400.000000,6654.000000,64890.000000,303255.000000,30152.000000,81001113.000000,0.000000
244000432.000000,6642.000000,64790.000000,303208.000000,30136.000000,81334457.000000,0.000000
245000560.000000,6651.000000,64882.000000,303224.000000,30152.000000,81667833.000000,0.000000
246000592.000000,6648.000000,64867.000000,303183.000000,30160.000000,82001176.000000,0.000000
247000528.000000,6648.000000,64842.000000,303169.000000,30144.000000,82334489.000000,0.000000
248000180.000000,6642.000000,64786.000000,303073.000000,30144.000000,82667706.000000,0.000000
249000784.000000,6655.000000,64864.000000,303390.000000,30144.000000,83001240.000000,0.000000
250000240.000000,6646.000000,64823.000000,303001.000000,30152.000000,83334393.000000,0.000000
251000080.000000,6649.000000,64836.000000,303144.000000,30136.000000,83667673.000000,0.000000
252000098.000000,6640.000000,64157.000000,303088.000000,30048.000000,84000809.000000,12.000000
253000130.000000,6678.000000,62448.000000,303413.000000,29931.000000,84334153.000000,0.000000
254000450.000000,6648.000000,64502.000000,303166.000000,30274.000000,84667593.000000,0.000000
255000290.000000,6652.000000,64250.000000,303163.000000,30116.000000,85000872.000000,0.000000
256000322.000000,6628.000000,65039.000000,302938.000000,30407.000000,85334217.000000,0.000000
257000033.000000,6630.000000,64675.000000,302937.000000,30294.000000,85667448.000000,0.000000
258000002.000000,6627.000000,64763.000000,302989.000000,30340.000000,86000777.000000,0.000000
259000226.000000,6625.000000,64999.000000,303021.000000,30387.000000,86334185.000000,0.000000
260000066.000000,6636.000000,64482.000000,303007.000000,30272.000000,86667464.000000,0.000000
261000290.000000,6626.000000,64919.000000,303007.000000,30402.000000,87000873.000000,0.000000
262001095.000000,6635.000000,64632.000000,303302.000000,30298.000000,87334473.000000,0.000000
263000070.000000,6635.000000,64345.000000,302783.000000,30210.000000,87667466.000000,0.000000
264000290.000000,6629.000000,65132.000000,302995.000000,30412.000000,88000873.000000,0.000000
265000226.000000,6636.000000,64448.000000,303048.000000,30264.000000,88334185.000000,0.000000
266000066.000000,6620.000000,64868.000000,302910.000000,30370.000000,88667465.000000,0.000000
267000002.000000,6638.000000,64666.000000,303038.000000,30274.000000,89000777.000000,0.000000
268000226.000000,6640.000000,64493.000000,303134.000000,30274.000000,89334185.000000,0.000000
269000258.000000,6623.000000,65048.000000,302942.000000,30402.000000,89667529.000000,0.000000
270000578.000000,6637.000000,64377.000000,303190.000000,30250.000000,90000969.000000,0.000000
271000034.000000,6622.000000,65029.000000,302757.000000,30394.000000,90334120.000000,0.000000
272000258.000000,6637.000000,64538.000000,303159.000000,30250.000000,90667529.000000,0.000000
273000002.000000,6640.000000,64429.000000,302982.000000,30266.000000,91000777.000000,0.000000
274000327.000000,6619.000000,65057.000000,303030.000000,30410.000000,91334217.000000,0.000000
275000162.000000,6641.000000,64446.000000,303030.000000,30250.000000,91667497.000000,0.000000
276000578.000000,6624.000000,65081.000000,303070.000000,30402.000000,92000969.000000,0.000000
277000226.000000,6638.000000,64422.000000,302966.000000,30250.000000,92334185.000000,0.000000
278000071.000000,6633.000000,64503.000000,303014.000000,30266.000000,92667465.000000,0.000000
279000002.000000,6627.000000,65034.000000,302926.000000,30386.000000,93000777.000000,0.000000
280000130.000000,6639.000000,64526.000000,303103.000000,30274.000000,93334154.000000,0.000000
281000258.000000,6623.000000,64984.000000,302981.000000,30394.000000,93667529.000000,0.000000
282000482.000000,6639.000000,64513.000000,303134.000000,30274.000000,94000937.000000,0.000000
283000226.000000,6638.000000,64507.000000,302998.000000,30250.000000,94334185.000000,0.000000
284000066.000000,6621.000000,64929.000000,302895.000000,30386.000000,94667466.000000,0.000000
285000098.000000,6636.000000,64581.000000,303085.000000,30258.000000,95000809.000000,0.000000
286000134.000000,6627.000000,64929.000000,302935.000000,30410.000000,95334154.000000,0.000000
287000642.000000,6636.000000,64604.000000,303228.000000,30274.000000,95667656.000000,0.000000
288000098.000000,6634.000000,64451.000000,302888.000000,30266.000000,96000810.000000,0.000000
289000034.000000,6630.000000,65026.000000,302934.000000,30378.000000,96334122.000000,0.000000
290000258.000000,6634.000000,64549.000000,303149.000000,30258.000000,96667529.000000,0.000000
291000770.000000,6624.000000,64909.000000,303093.000000,30410.000000,97001032.000000,0.000000
292000130.000000,6637.000000,64616.000000,302879.000000,30242.000000,97334153.000000,0.000000
293000258.000000,6635.000000,64571.000000,303079.000000,30297.000000,97667529.000000,0.000000
294000578.000000,6628.000000,64869.000000,303077.000000,30363.000000,98000969.000000,0.000000
295000519.000000,6635.000000,64531.000000,303043.000000,30269.000000,98334281.000000,0.000000
296000258.000000,6627.000000,64944.000000,302849.000000,30399.000000,98667529.000000,0.000000
297000002.000000,6636.000000,64553.000000,303006.000000,30242.000000,99000777.000000,0.000000
298000322.000000,6633.000000,64716.000000,303111.000000,30329.000000,99334217.000000,0.000000
299000066.000000,6622.000000,64793.000000,302908.000000,30339.000000,99667464.000000,0.000000
300000002.000000,6642.000000,64579.000000,303068.000000,30245.000000,100000777.000000,0.000000
301000226.000000,6624.000000,64875.000000,303001.000000,30407.000000,100334185.000000,0.000000
302000930.000000,6643.000000,64620.000000,303307.000000,30261.000000,100667753.000000,0.000000
303000022.000000,6651.000000,62180.000000,302836.000000,29770.000000,101000359.000000,18.000000
304000438.000000,6698.000000,62363.000000,303605.000000,29867.000000,101333831.000000,0.000000
305000053.000000,6692.000000,62394.000000,303332.000000,29867.000000,101667030.000000,0.000000
306000790.000000,6698.000000,62459.000000,303723.000000,29861.000000,102000614.000000,0.000000
307000054.000000,6692.000000,62403.000000,303253.000000,29836.000000,102333703.000000,0.000000
308000086.000000,6697.000000,62443.000000,303483.000000,29861.000000,102667047.000000,0.000000
309000118.000000,6696.000000,62402.000000,303477.000000,29868.000000,103000392.000000,0.000000
310000726.000000,6691.000000,62477.000000,303665.000000,29869.000000,103333926.000000,0.000000
311000086.000000,6694.000000,62306.000000,303288.000000,29834.000000,103667048.000000,0.000000
312000214.000000,6698.000000,62473.000000,303506.000000,29869.000000,104000423.000000,0.000000
313000015.000000,6693.000000,62376.000000,303404.000000,29858.000000,104333685.000000,0.000000
314000854.000000,6696.000000,62538.000000,303748.000000,29870.000000,104667303.000000,0.000000
315000406.000000,6694.000000,62404.000000,303331.000000,29853.000000,105000487.000000,0.000000
316000246.000000,6696.000000,62483.000000,303419.000000,29861.000000,105333767.000000,0.000000
317000086.000000,6693.000000,62317.000000,303431.000000,29849.000000,105667047.000000,0.000000
318000406.000000,6691.000000,62459.000000,303562.000000,29877.000000,106000486.000000,0.000000
319000150.000000,6698.000000,62418.000000,303405.000000,29845.000000,106333736.000000,0.000000
320000182.000000,6697.000000,62397.000000,303492.000000,29851.000000,106667079.000000,0.000000
321000406.000000,6694.000000,62451.000000,303547.000000,29861.000000,107000487.000000,0.000000
322000342.000000,6691.000000,62391.000000,303443.000000,29868.000000,107333798.000000,0.000000
323000002.000000,6699.000000,62469.000000,303375.000000,29846.000000,107667019.000000,0.000000
324000022.000000,6695.000000,62330.000000,303492.000000,29848.000000,108000359.000000,0.000000
325000150.000000,6693.000000,62481.000000,303499.000000,29877.000000,108333735.000000,0.000000
326000086.000000,6690.000000,62404.000000,303450.000000,29861.000000,108667046.000000,0.000000
327000118.000000,6701.000000,62432.000000,303493.000000,29853.000000,109000392.000000,0.000000
328000342.000000,6697.000000,62454.000000,303540.000000,29867.000000,109333799.000000,0.000000
329000374.000000,6693.000000,62471.000000,303477.000000,29867.000000,109667143.000000,0.000000
330000118.000000,6689.000000,62403.000000,303388.000000,29861.000000,110000392.000000,0.000000
331000342.000000,6700.000000,62420.000000,303555.000000,29852.000000,110333799.000000,0.000000
332000278.000000,6694.000000,62374.000000,303468.000000,29844.000000,110667111.000000,0.000000
333000118.000000,6695.000000,62390.000000,303428.000000,29852.000000,111000391.000000,0.000000
334000154.000000,6697.000000,62481.000000,303476.000000,29869.000000,111333736.000000,0.000000
335000374.000000,6694.000000,62409.000000,303540.000000,29868.000000,111667144.000000,0.000000
336000406.000000,6692.000000,62475.000000,303485.000000,29858.000000,112000487.000000,0.000000
337000630.000000,6699.000000,62440.000000,303539.000000,29869.000000,112333895.000000,0.000000
338000086.000000,6693.000000,62352.000000,303308.000000,29845.000000,112667048.000000,0.000000
339000310.000000,6692.000000,62402.000000,303549.000000,29859.000000,113000456.000000,0.000000
340000150.000000,6695.000000,62407.000000,303412.000000,29867.000000,113333735.000000,0.000000
341000182.000000,6697.000000,62430.000000,303491.000000,29853.000000,113667079.000000,0.000000
342000214.000000,6695.000000,62504.000000,303476.000000,29868.000000,114000423.000000,0.000000
343000054.000000,6691.000000,62408.000000,303435.000000,29844.000000,114333702.000000,0.000000
344000470.000000,6701.000000,62408.000000,303613.000000,29860.000000,114667175.000000,0.000000
345000118.000000,6694.000000,62395.000000,303363.000000,29853.000000,115000391.000000,0.000000
346000246.000000,6695.000000,62395.000000,303524.000000,29852.000000,115333767.000000,0.000000
347000278.000000,6689.000000,62370.000000,303470.000000,29874.000000,115667111.000000,0.000000
348000214.000000,6700.000000,62511.000000,303451.000000,29861.000000,116000423.000000,0.000000
349000054.000000,6693.000000,62465.000000,303427.000000,29853.000000,116333703.000000,0.000000
350000278.000000,6696.000000,62405.000000,303542.000000,29867.000000,116667112.000000,0.000000
351000027.000000,6686.000000,62344.000000,303380.000000,29867.000000,117000359.000000,0.000000
352000054.000000,6700.000000,62452.000000,303491.000000,29853.000000,117333703.000000,0.000000
353000816.000000,6634.000000,61875.000000,302818.000000,29675.000000,117666196.000000,29.000000
354000272.000000,6687.000000,62358.000000,303268.000000,29885.000000,117999349.000000,0.000000
355000016.000000,6667.000000,63109.000000,303216.000000,30033.000000,118332598.000000,0.000000
356000240.000000,6631.000000,65026.000000,303044.000000,30363.000000,118666005.000000,0.000000
357001040.000000,6636.000000,64676.000000,303274.000000,30326.000000,118999605.000000,0.000000
358000208.000000,6646.000000,64731.000000,302911.000000,30145.000000,119332661.000000,0.000000
359000336.000000,6649.000000,64884.000000,303224.000000,30152.000000,119666037.000000,0.000000
360000176.000000,6649.000000,64816.000000,303128.000000,30152.000000,119999317.000000,0.000000
361000304.000000,6644.000000,64841.000000,303239.000000,30136.000000,120332692.000000,0.000000
362000240.000000,6655.000000,64874.000000,303161.000000,30152.000000,120666005.000000,0.000000
363000368.000000,6645.000000,64835.000000,303223.000000,30152.000000,120999380.000000,0.000000
364000016.000000,6649.000000,64790.000000,303082.000000,30136.000000,121332598.000000,0.000000
365000528.000000,6644.000000,64842.000000,303334.000000,30168.000000,121666100.000000,0.000000
366000272.000000,6651.000000,64823.000000,303121.000000,30128.000000,121999349.000000,0.000000
367000016.000000,6648.000000,64904.000000,303095.000000,30152.000000,122332596.000000,0.000000
368000336.000000,6649.000000,64797.000000,303297.000000,30144.000000,122666037.000000,0.000000
369000277.000000,6642.000000,64872.000000,303144.000000,30168.000000,122999349.000000,0.000000
370000016.000000,6652.000000,64820.000000,303120.000000,30128.000000,123332597.000000,0.000000
371000144.000000,6648.000000,64822.000000,303223.000000,30152.000000,123665972.000000,0.000000
372000272.000000,6649.000000,64882.000000,303233.000000,30144.000000,123999349.000000,0.000000
373000016.000000,6644.000000,64854.000000,303104.000000,30144.000000,124332597.000000,0.000000
374000048.000000,6653.000000,64830.000000,303185.000000,30160.000000,124665942.000000,0.000000
375000272.000000,6647.000000,64851.000000,303255.000000,30152.000000,124999349.000000,0.000000
376000304.000000,6648.000000,64804.000000,303208.000000,30136.000000,125332693.000000,0.000000
377000015.000000,6646.000000,64836.000000,303064.000000,30167.000000,125665924.000000,0.000000
378000080.000000,6650.000000,64853.000000,303224.000000,30137.000000,125999285.000000,0.000000
379000112.000000,6649.000000,64845.000000,303200.000000,30144.000000,126332629.000000,0.000000
380000144.000000,6645.000000,64776.000000,303200.000000,30144.000000,126665973.000000,0.000000
381000080.000000,6650.000000,64840.000000,303153.000000,30160.000000,126999286.000000,0.000000
382000016.000000,6650.000000,64915.000000,303158.000000,30152.000000,127332596.000000,0.000000
383000144.000000,6647.000000,64836.000000,303233.000000,30144.000000,127665973.000000,0.000000
384000272.000000,6649.000000,64881.000000,303224.000000,30152.000000,127999349.000000,0.000000
385000112.000000,6649.000000,64808.000000,303128.000000,30152.000000,128332629.000000,0.000000
386000240.000000,6644.000000,64821.000000,303239.000000,30136.000000,128666004.000000,0.000000
387000176.000000,6655.000000,64889.000000,303161.000000,30152.000000,128999317.000000,0.000000
388000304.000000,6645.000000,64826.000000,303223.000000,30152.000000,129332692.000000,0.000000
389000053.000000,6651.000000,64818.000000,303105.000000,30144.000000,129665941.000000,0.000000
390000464.000000,6642.000000,64817.000000,303311.000000,30160.000000,129999412.000000,0.000000
391000208.000000,6651.000000,64836.000000,303121.000000,30128.000000,130332661.000000,0.000000
392000336.000000,6649.000000,64903.000000,303216.000000,30160.000000,130666037.000000,0.000000
393000272.000000,6648.000000,64773.000000,303176.000000,30136.000000,130999349.000000,0.000000
394000213.000000,6642.000000,64895.000000,303144.000000,30168.000000,131332661.000000,0.000000
395000048.000000,6654.000000,64823.000000,303143.000000,30136.000000,131665940.000000,0.000000
396000080.000000,6646.000000,64821.000000,303200.000000,30144.000000,131999284.000000,0.000000
397000208.000000,6649.000000,64871.000000,303233.000000,30144.000000,132332661.000000,0.000000
398000048.000000,6647.000000,64852.000000,303127.000000,30152.000000,132665940.000000,0.000000
399000368.000000,6652.000000,64863.000000,303281.000000,30160.000000,132999381.000000,0.000000
400000208.000000,6645.000000,64823.000000,303136.000000,30144.000000,133332661.000000,0.000000
401000240.000000,6648.000000,64802.000000,303208.000000,30136.000000,133666005.000000,0.000000
402000047.000000,6649.000000,64853.000000,303088.000000,30175.000000,133999268.000000,0.000000
403000249.000000,6510.000000,62747.000000,301321.000000,29741.000000,134330330.000000,25.000000
404000377.000000,6695.000000,62534.000000,303495.000000,29881.000000,134663706.000000,0.000000
405000409.000000,6631.000000,64468.000000,303031.000000,30313.000000,134997050.000000,0.000000
406000729.000000,6644.000000,64555.000000,303214.000000,30226.000000,135330490.000000,0.000000
407000189.000000,6649.000000,64812.000000,303009.000000,30144.000000,135663643.000000,0.000000
408000121.000000,6648.000000,64862.000000,303160.000000,30152.000000,135996955.000000,0.000000
409001017.000000,6651.000000,64851.000000,303479.000000,30152.000000,136330586.000000,0.000000
410000473.000000,6641.000000,64813.000000,302999.000000,30152.000000,136663737.000000,0.000000
411000121.000000,6649.000000,64824.000000,303081.000000,30136.000000,136996954.000000,0.000000
412000057.000000,6652.000000,64876.000000,303169.000000,30144.000000,137330267.000000,0.000000
413000857.000000,6648.000000,64809.000000,303439.000000,30160.000000,137663866.000000,0.000000
414000217.000000,6643.000000,64792.000000,302984.000000,30136.000000,137996986.000000,0.000000
415000057.000000,6652.000000,64896.000000,303127.000000,30152.000000,138330265.000000,0.000000
416000185.000000,6647.000000,64830.000000,303241.000000,30136.000000,138663642.000000,0.000000
417000505.000000,6651.000000,64902.000000,303272.000000,30168.000000,138997082.000000,0.000000
418000062.000000,6643.000000,64758.000000,303040.000000,30144.000000,139330266.000000,0.000000
419000953.000000,6653.000000,64926.000000,303471.000000,30160.000000,139663897.000000,0.000000
420000025.000000,6645.000000,64780.000000,302905.000000,30120.000000,139996922.000000,0.000000
421000249.000000,6650.000000,64896.000000,303240.000000,30168.000000,140330330.000000,0.000000
422000377.000000,6647.000000,64789.000000,303240.000000,30136.000000,140663706.000000,0.000000
423000409.000000,6648.000000,64849.000000,303192.000000,30152.000000,140997050.000000,0.000000
424000057.000000,6649.000000,64821.000000,303073.000000,30144.000000,141330267.000000,0.000000
425000003.000000,6649.000000,64893.000000,303168.000000,30145.000000,141663580.000000,0.000000
426000029.000000,6650.000000,64773.000000,303192.000000,30151.000000,141996923.000000,0.000000
427000926.000000,6645.000000,64940.000000,303447.000000,30184.000000,142330554.000000,0.000000
428000281.000000,6650.000000,64805.000000,303001.000000,30120.000000,142663675.000000,0.000000
429000313.000000,6647.000000,64809.000000,303199.000000,30144.000000,142997018.000000,0.000000
430000153.000000,6650.000000,64892.000000,303128.000000,30152.000000,143330298.000000,0.000000
431000665.000000,6646.000000,64853.000000,303352.000000,30152.000000,143663802.000000,0.000000
432000125.000000,6649.000000,64803.000000,303009.000000,30144.000000,143996955.000000,0.000000
433000057.000000,6648.000000,64869.000000,303160.000000,30152.000000,144330267.000000,0.000000
434000953.000000,6651.000000,64824.000000,303479.000000,30152.000000,144663898.000000,0.000000
435000409.000000,6641.000000,64791.000000,302999.000000,30152.000000,144997049.000000,0.000000
436000057.000000,6649.000000,64844.000000,303081.000000,30136.000000,145330266.000000,0.000000
437000005.000000,6654.000000,64882.000000,303171.000000,30146.000000,145663583.000000,0.000000
438000793.000000,6646.000000,64816.000000,303437.000000,30158.000000,145997178.000000,0.000000
439000153.000000,6643.000000,64780.000000,302984.000000,30136.000000,146330298.000000,0.000000
440000281.000000,6653.000000,64900.000000,303216.000000,30160.000000,146663674.000000,0.000000
441000121.000000,6646.000000,64822.000000,303152.000000,30128.000000,146996954.000000,0.000000
442000441.000000,6651.000000,64923.000000,303272.000000,30168.000000,147330394.000000,0.000000
443000002.000000,6644.000000,64759.000000,303040.000000,30145.000000,147663579.000000,0.000000
444000889.000000,6652.000000,64911.000000,303471.000000,30159.000000,147997209.000000,0.000000
445000153.000000,6647.000000,64790.000000,302962.000000,30128.000000,148330299.000000,0.000000
446000185.000000,6648.000000,64880.000000,303183.000000,30160.000000,148663642.000000,0.000000
447000313.000000,6647.000000,64793.000000,303240.000000,30136.000000,148997018.000000,0.000000
448000345.000000,6648.000000,64867.000000,303192.000000,30152.000000,149330362.000000,0.000000
449000377.000000,6651.000000,64819.000000,303192.000000,30152.000000,149663706.000000,0.000000
450000121.000000,6649.000000,64888.000000,303105.000000,30144.000000,149996955.000000,0.000000
451000345.000000,6650.000000,64803.000000,303255.000000,30152.000000,150330362.000000,0.000000
452000862.000000,6643.000000,64900.000000,303328.000000,30176.000000,150663866.000000,0.000000
453000217.000000,6650.000000,64813.000000,303001.000000,30120.000000,150996987.000000,0.000000
454000425.000000,6344.000000,61674.000000,299025.000000,29529.000000,151325541.000000,25.000000
455000361.000000,6642.000000,64768.000000,303185.000000,30128.000000,151658854.000000,0.000000
456000009.000000,6650.000000,64858.000000,303072.000000,30144.000000,151992070.000000,0.000000
457000041.000000,6650.000000,64837.000000,303201.000000,30144.000000,152325415.000000,0.000000
458000649.000000,6650.000000,64939.000000,303367.000000,30168.000000,152658950.000000,0.000000
459000105.000000,6642.000000,64680.000000,303032.000000,30120.000000,152992102.000000,0.000000
460000041.000000,6650.000000,64912.000000,303152.000000,30160.000000,153325414.000000,0.000000
461000265.000000,6649.000000,64840.000000,303264.000000,30144.000000,153658822.000000,0.000000
462000201.000000,6652.000000,64886.000000,303144.000000,30168.000000,153992134.000000,0.000000
463000137.000000,6644.000000,64841.000000,303169.000000,30144.000000,154325447.000000,0.000000
464000169.000000,6649.000000,64825.000000,303192.000000,30152.000000,154658791.000000,0.000000
465000201.000000,6645.000000,64800.000000,303215.000000,30128.000000,154992134.000000,0.000000
466000137.000000,6650.000000,64873.000000,303151.000000,30160.000000,155325445.000000,0.000000
467000040.000000,6652.000000,64871.000000,303137.000000,30159.000000,155658741.000000,0.000000
468000009.000000,6644.000000,64796.000000,303200.000000,30129.000000,155992070.000000,0.000000
469000041.000000,6649.000000,64817.000000,303193.000000,30152.000000,156325415.000000,0.000000
470000265.000000,6649.000000,64871.000000,303255.000000,30152.000000,156658822.000000,0.000000
471000201.000000,6648.000000,64801.000000,303160.000000,30152.000000,156992134.000000,0.000000
472000041.000000,6646.000000,64860.000000,303152.000000,30128.000000,157325414.000000,0.000000
473000553.000000,6653.000000,64868.000000,303328.000000,30176.000000,157658918.000000,0.000000
474000009.000000,6646.000000,64828.000000,303032.000000,30120.000000,157992070.000000,0.000000
475000233.000000,6648.000000,64829.000000,303240.000000,30168.000000,158325478.000000,0.000000
476000553.000000,6645.000000,64846.000000,303281.000000,30160.000000,158658919.000000,0.000000
477000009.000000,6651.000000,64881.000000,303014.000000,30136.000000,158992069.000000,0.000000
478000233.000000,6649.000000,64843.000000,303265.000000,30144.000000,159325478.000000,0.000000
479000361.000000,6650.000000,64854.000000,303207.000000,30168.000000,159658853.000000,0.000000
480000297.000000,6642.000000,64758.000000,303185.000000,30128.000000,159992166.000000,0.000000
481000425.000000,6652.000000,64908.000000,303224.000000,30152.000000,160325542.000000,0.000000
482000361.000000,6650.000000,64806.000000,303168.000000,30144.000000,160658854.000000,0.000000
483000585.000000,6648.000000,64929.000000,303248.000000,30160.000000,160992262.000000,0.000000
484000041.000000,6642.000000,64691.000000,303032.000000,30120.000000,161325414.000000,0.000000
485000073.000000,6651.000000,64909.000000,303175.000000,30168.000000,161658757.000000,0.000000
486000201.000000,6648.000000,64835.000000,303241.000000,30136.000000,161992134.000000,0.000000
487000137.000000,6652.000000,64872.000000,303144.000000,30168.000000,162325446.000000,0.000000
488000073.000000,6644.000000,64851.000000,303169.000000,30144.000000,162658759.000000,0.000000
489000105.000000,6649.000000,64828.000000,303192.000000,30152.000000,162992103.000000,0.000000
490000137.000000,6645.000000,64805.000000,303215.000000,30128.000000,163325446.000000,0.000000
491000073.000000,6650.000000,64865.000000,303151.000000,30160.000000,163658757.000000,0.000000
492000393.000000,6654.000000,64858.000000,303281.000000,30160.000000,163992198.000000,0.000000
493001001.000000,6644.000000,64848.000000,303367.000000,30168.000000,164325733.000000,0.000000
494000649.000000,6649.000000,64813.000000,303081.000000,30136.000000,164658950.000000,0.000000
495000201.000000,6647.000000,64847.000000,303056.000000,30128.000000,164992134.000000,0.000000
496000137.000000,6648.000000,64790.000000,303160.000000,30152.000000,165325446.000000,0.000000
497000265.000000,6647.000000,64843.000000,303231.000000,30144.000000,165658821.000000,0.000000
498000489.000000,6652.000000,64894.000000,303249.000000,30160.000000,165992230.000000,0.000000
499000137.000000,6647.000000,64829.000000,303089.000000,30128.000000,166325447.000000,0.000000
500000169.000000,6647.000000,64820.000000,303183.000000,30160.000000,166658790.000000,0.000000
501000489.000000,6645.000000,64832.000000,303281.000000,30160.000000,166992231.000000,0.000000
502000137.000000,6654.000000,64912.000000,303072.000000,30144.000000,167325447.000000,0.000000
503000169.000000,6646.000000,64819.000000,303207.000000,30136.000000,167658790.000000,0.000000
504000073.000000,6034.000000,57166.000000,294768.000000,28721.000000,167982279.000000,11.000000
505000297.000000,6648.000000,64237.000000,303176.000000,30231.000000,168315686.000000,0.000000
506000008.000000,6652.000000,64239.000000,303081.000000,30150.000000,168648917.000000,0.000000
507000073.000000,6671.000000,64352.000000,303424.000000,29937.000000,168982278.000000,0.000000
508000014.000000,6676.000000,64320.000000,303336.000000,29976.000000,169315590.000000,0.000000
509000809.000000,6673.000000,64302.000000,303647.000000,29952.000000,169649189.000000,0.000000
510000078.000000,6672.000000,64284.000000,303161.000000,29928.000000,169982278.000000,0.000000
511000489.000000,6676.000000,64320.000000,303513.000000,29960.000000,170315751.000000,0.000000
512000041.000000,6669.000000,64248.000000,303239.000000,29944.000000,170648934.000000,0.000000
513000841.000000,6675.000000,64320.000000,303640.000000,29960.000000,170982534.000000,0.000000
514000009.000000,6673.000000,64296.000000,303127.000000,29928.000000,171315589.000000,0.000000
515000041.000000,6674.000000,64291.000000,303394.000000,29952.000000,171648935.000000,0.000000
516000841.000000,6675.000000,64293.000000,303647.000000,29952.000000,171982534.000000,0.000000
517000585.000000,6669.000000,64302.000000,303297.000000,29952.000000,172315783.000000,0.000000
518000046.000000,6674.000000,64258.000000,303215.000000,29936.000000,172648934.000000,0.000000
519000553.000000,6673.000000,64290.000000,303552.000000,29952.000000,172982438.000000,0.000000
520000393.000000,6675.000000,64361.000000,303336.000000,29944.000000,173315718.000000,0.000000
521000329.000000,6668.000000,64259.000000,303352.000000,29960.000000,173649030.000000,0.000000
522000073.000000,6678.000000,64284.000000,303305.000000,29944.000000,173982279.000000,0.000000
523000393.000000,6672.000000,64330.000000,303503.000000,29936.000000,174315718.000000,0.000000
524000137.000000,6673.000000,64300.000000,303296.000000,29952.000000,174648966.000000,0.000000
525000073.000000,6669.000000,64237.000000,303368.000000,29944.000000,174982278.000000,0.000000
526000201.000000,6678.000000,64353.000000,303424.000000,29952.000000,175315654.000000,0.000000
527000137.000000,6672.000000,64289.000000,303368.000000,29944.000000,175648966.000000,0.000000
528000169.000000,6673.000000,64284.000000,303392.000000,29952.000000,175982310.000000,0.000000
529000201.000000,6677.000000,64285.000000,303392.000000,29952.000000,176315654.000000,0.000000
530000233.000000,6671.000000,64348.000000,303400.000000,29944.000000,176648998.000000,0.000000
531000073.000000,6671.000000,64239.000000,303344.000000,29936.000000,176982278.000000,0.000000
532000297.000000,6676.000000,64298.000000,303447.000000,29960.000000,177315685.000000,0.000000
533000008.000000,6675.000000,64368.000000,303273.000000,29959.000000,177648917.000000,0.000000
534000169.000000,6669.000000,64253.000000,303448.000000,29945.000000,177982310.000000,0.000000
535000489.000000,6676.000000,64270.000000,303488.000000,29952.000000,178315750.000000,0.000000
536000137.000000,6671.000000,64324.000000,303288.000000,29928.000000,178648966.000000,0.000000
537000265.000000,6675.000000,64325.000000,303408.000000,29968.000000,178982342.000000,0.000000
538000489.000000,6671.000000,64263.000000,303463.000000,29944.000000,179315749.000000,0.000000
539000329.000000,6674.000000,64328.000000,303337.000000,29944.000000,179649030.000000,0.000000
540000169.000000,6674.000000,64277.000000,303337.000000,29944.000000,179982311.000000,0.000000
541000201.000000,6674.000000,64294.000000,303383.000000,29960.000000,180315654.000000,0.000000
542000521.000000,6670.000000,64289.000000,303496.000000,29944.000000,180649094.000000,0.000000
543000265.000000,6677.000000,64342.000000,303304.000000,29944.000000,180982342.000000,0.000000
544000777.000000,6674.000000,64264.000000,303552.000000,29952.000000,181315846.000000,0.000000
545000521.000000,6671.000000,64266.000000,303312.000000,29936.000000,181649094.000000,0.000000
546000265.000000,6669.000000,64297.000000,303297.000000,29952.000000,181982343.000000,0.000000
547000009.000000,6675.000000,64276.000000,303303.000000,29944.000000,182315590.000000,0.000000
548000233.000000,6672.000000,64277.000000,303464.000000,29944.000000,182648998.000000,0.000000
549000073.000000,6675.000000,64351.000000,303336.000000,29944.000000,182982278.000000,0.000000
550000009.000000,6668.000000,64264.000000,303352.000000,29960.000000,183315590.000000,0.000000
551000137.000000,6680.000000,64319.000000,303424.000000,29952.000000,183648966.000000,0.000000
552000073.000000,6670.000000,64293.000000,303384.000000,29928.000000,183982278.000000,0.000000
553000009.000000,6677.000000,64325.000000,303353.000000,29960.000000,184315591.000000,0.000000
554000183.000000,6463.000000,60871.000000,299723.000000,30696.000000,184646010.000000,9.000000
555000009.000000,5765.000000,53372.000000,289657.000000,26846.000000,184962513.000000,27.000000
556000137.000000,6694.000000,62466.000000,303489.000000,29887.000000,185295889.000000,0.000000
557000457.000000,6687.000000,62663.000000,303475.000000,29964.000000,185629328.000000,0.000000
558000393.000000,6633.000000,64612.000000,303084.000000,30228.000000,185962640.000000,0.000000
559000329.000000,6648.000000,64521.000000,303098.000000,30215.000000,186295953.000000,0.000000
560000265.000000,6622.000000,64967.000000,302928.000000,30384.000000,186629265.000000,0.000000
561000014.000000,6635.000000,64676.000000,302946.000000,30302.000000,186962513.000000,0.000000
562000137.000000,6621.000000,64842.000000,303026.000000,30350.000000,187295889.000000,0.000000
563000265.000000,6643.000000,64538.000000,303104.000000,30272.000000,187629265.000000,0.000000
564000489.000000,6625.000000,65025.000000,303020.000000,30388.000000,187962673.000000,0.000000
565000041.000000,6631.000000,64455.000000,302928.000000,30256.000000,188295857.000000,0.000000
566000040.000000,6637.000000,64694.000000,303008.000000,30319.000000,188629184.000000,0.000000
567001358.000000,6629.000000,64873.000000,303380.000000,30397.000000,188962961.000000,0.000000
568000137.000000,6635.000000,64388.000000,302718.000000,30210.000000,189295889.000000,0.000000
569000169.000000,6628.000000,65080.000000,302941.000000,30404.000000,189629234.000000,0.000000
570000109.000000,6633.000000,64456.000000,303048.000000,30264.000000,189962546.000000,0.000000
571000329.000000,6634.000000,64787.000000,303119.000000,30288.000000,190295953.000000,0.000000
572000265.000000,6628.000000,64748.000000,302948.000000,30364.000000,190629265.000000,0.000000
573000009.000000,6638.000000,64432.000000,302997.000000,30250.000000,190962512.000000,0.000000
574000041.000000,6621.000000,65063.000000,302935.000000,30410.000000,191295857.000000,0.000000
575000841.000000,6641.000000,64443.000000,303334.000000,30266.000000,191629457.000000,0.000000
576000009.000000,6634.000000,64744.000000,302769.000000,30288.000000,191962514.000000,0.000000
577000521.000000,6625.000000,64803.000000,303147.000000,30356.000000,192296017.000000,0.000000
578000073.000000,6638.000000,64480.000000,302927.000000,30258.000000,192629202.000000,0.000000
579000590.000000,6621.000000,65017.000000,303085.000000,30418.000000,192962705.000000,0.000000
580000425.000000,6641.000000,64457.000000,303030.000000,30250.000000,193295985.000000,0.000000
581000649.000000,6635.000000,64837.000000,303088.000000,30320.000000,193629393.000000,0.000000
582000489.000000,6627.000000,64644.000000,302948.000000,30332.000000,193962673.000000,0.000000
583000329.000000,6634.000000,64567.000000,303022.000000,30258.000000,194295953.000000,0.000000
584000265.000000,6626.000000,64981.000000,302918.000000,30394.000000,194629265.000000,0.000000
585000105.000000,6634.000000,64488.000000,303022.000000,30258.000000,194962545.000000,0.000000
586000617.000000,6637.000000,64827.000000,303176.000000,30328.000000,195296049.000000,0.000000
587000077.000000,6621.000000,64665.000000,302813.000000,30340.000000,195629202.000000,0.000000
588000105.000000,6642.000000,64658.000000,303085.000000,30258.000000,195962545.000000,0.000000
589000041.000000,6624.000000,64798.000000,302934.000000,30378.000000,196295857.000000,0.000000
590000361.000000,6638.000000,64607.000000,303166.000000,30274.000000,196629297.000000,0.000000
591000009.000000,6629.000000,64779.000000,302889.000000,30328.000000,196962514.000000,0.000000
592000041.000000,6632.000000,64721.000000,303018.000000,30324.000000,197295856.000000,0.000000
593000265.000000,6640.000000,64539.000000,303151.000000,30258.000000,197629265.000000,0.000000
594000009.000000,6621.000000,64904.000000,302847.000000,30402.000000,197962514.000000,0.000000
595000521.000000,6639.000000,64616.000000,303229.000000,30274.000000,198296017.000000,0.000000
596000649.000000,6631.000000,64752.000000,303047.000000,30328.000000,198629392.000000,0.000000
597000393.000000,6630.000000,64769.000000,302925.000000,30324.000000,198962641.000000,0.000000
598000713.000000,6639.000000,64541.000000,303179.000000,30261.000000,199296081.000000,0.000000
599000841.000000,6624.000000,64900.000000,302977.000000,30399.000000,199629457.000000,0.000000
600000782.000000,6635.000000,64534.000000,303043.000000,30269.000000,199962769.000000,0.000000
601000041.000000,6630.000000,64801.000000,302764.000000,30325.000000,200295858.000000,0.000000
602000265.000000,6633.000000,64692.000000,303091.000000,30316.000000,200629265.000000,0.000000
603000585.000000,6639.000000,64606.000000,303171.000000,30269.000000,200962705.000000,0.000000
604000329.000000,6616.000000,64911.000000,302848.000000,30399.000000,201295952.000000,0.000000
605000037.000000,5468.000000,42794.000000,266795.000000,26891.000000,201589638.000000,75.000000
606000645.000000,6696.000000,62538.000000,303642.000000,29893.000000,201923173.000000,16.000000
607000005.000000,6685.000000,62440.000000,303225.000000,29896.000000,202256294.000000,0.000000
608000037.000000,6628.000000,64730.000000,303031.000000,30312.000000,202589637.000000,0.000000
609000069.000000,6649.000000,64492.000000,303131.000000,30214.000000,202922982.000000,0.000000
610000389.000000,6652.000000,64886.000000,303287.000000,30152.000000,203256421.000000,0.000000
611000517.000000,6650.000000,64879.000000,303207.000000,30168.000000,203589796.000000,0.000000
612000073.000000,6640.000000,64731.000000,303074.000000,30112.000000,203922982.000000,0.000000
613000101.000000,6652.000000,64909.000000,303183.000000,30160.000000,204256325.000000,0.000000
614000133.000000,6650.000000,64813.000000,303201.000000,30144.000000,204589670.000000,0.000000
615000741.000000,6650.000000,64943.000000,303367.000000,30168.000000,204923205.000000,0.000000
616000197.000000,6642.000000,64691.000000,303032.000000,30120.000000,205256357.000000,0.000000
617000133.000000,6650.000000,64893.000000,303152.000000,30160.000000,205589669.000000,0.000000
618000357.000000,6649.000000,64851.000000,303264.000000,30144.000000,205923077.000000,0.000000
619000293.000000,6652.000000,64872.000000,303144.000000,30168.000000,206256389.000000,0.000000
620000037.000000,6642.000000,64829.000000,303111.000000,30136.000000,206589636.000000,0.000000
621000069.000000,6649.000000,64821.000000,303193.000000,30152.000000,206922981.000000,0.000000
622000293.000000,6647.000000,64834.000000,303272.000000,30136.000000,207256389.000000,0.000000
623000229.000000,6650.000000,64865.000000,303151.000000,30160.000000,207589700.000000,0.000000
624000036.000000,6649.000000,64835.000000,303113.000000,30151.000000,207922964.000000,0.000000
625000101.000000,6647.000000,64841.000000,303224.000000,30137.000000,208256325.000000,0.000000
626000004.000000,6648.000000,64797.000000,303144.000000,30151.000000,208589620.000000,0.000000
627000357.000000,6650.000000,64893.000000,303304.000000,30153.000000,208923077.000000,0.000000
628000293.000000,6648.000000,64790.000000,303160.000000,30152.000000,209256389.000000,0.000000
629000133.000000,6646.000000,64836.000000,303152.000000,30128.000000,209589669.000000,0.000000
630000069.000000,6651.000000,64878.000000,303143.000000,30168.000000,209922980.000000,0.000000
631000101.000000,6648.000000,64845.000000,303217.000000,30128.000000,210256325.000000,0.000000
632000325.000000,6648.000000,64827.000000,303240.000000,30168.000000,210589733.000000,0.000000
633000069.000000,6644.000000,64817.000000,303113.000000,30136.000000,210922982.000000,0.000000
634000005.000000,6649.000000,64863.000000,303160.000000,30152.000000,211256294.000000,0.000000
635000325.000000,6652.000000,64883.000000,303287.000000,30152.000000,211589733.000000,0.000000
636000453.000000,6650.000000,64881.000000,303207.000000,30168.000000,211923108.000000,0.000000
637000009.000000,6640.000000,64717.000000,303074.000000,30112.000000,212256294.000000,0.000000
638000037.000000,6652.000000,64889.000000,303183.000000,30160.000000,212589637.000000,0.000000
639000069.000000,6650.000000,64830.000000,303201.000000,30144.000000,212922982.000000,0.000000
640000677.000000,6650.000000,64937.000000,303367.000000,30168.000000,213256517.000000,0.000000
641000133.000000,6642.000000,64706.000000,303032.000000,30120.000000,213589669.000000,0.000000
642000069.000000,6650.000000,64890.000000,303152.000000,30160.000000,213922981.000000,0.000000
643000293.000000,6649.000000,64826.000000,303264.000000,30144.000000,214256389.000000,0.000000
644000229.000000,6652.000000,64890.000000,303144.000000,30168.000000,214589701.000000,0.000000
645000165.000000,6644.000000,64862.000000,303169.000000,30144.000000,214923014.000000,0.000000
646000005.000000,6647.000000,64802.000000,303135.000000,30144.000000,215256293.000000,0.000000
647000229.000000,6647.000000,64830.000000,303272.000000,30136.000000,215589701.000000,0.000000
648000165.000000,6650.000000,64853.000000,303151.000000,30160.000000,215923012.000000,0.000000
649000010.000000,6650.000000,64834.000000,303129.000000,30152.000000,216256293.000000,0.000000
650000037.000000,6646.000000,64852.000000,303208.000000,30136.000000,216589637.000000,0.000000
651000069.000000,6649.000000,64804.000000,303193.000000,30152.000000,216922982.000000,0.000000
652000293.000000,6649.000000,64874.000000,303255.000000,30152.000000,217256389.000000,0.000000
653000229.000000,6648.000000,64793.000000,303160.000000,30152.000000,217589701.000000,0.000000
654000069.000000,6646.000000,64843.000000,303152.000000,30128.000000,217922981.000000,0.000000
655000005.000000,6651.000000,64872.000000,303143.000000,30168.000000,218256292.000000,0.000000
656000190.000000,5040.000000,30479.000000,265820.000000,26284.000000,218548396.000000,80.000000
657000129.000000,6478.000000,53550.000000,267176.000000,27294.000000,218842866.000000,60.000000
658000353.000000,6670.000000,63092.000000,303392.000000,30016.000000,219176274.000000,0.000000
659000097.000000,6628.000000,64655.000000,302913.000000,30335.000000,219509522.000000,0.000000
660000129.000000,6654.000000,64838.000000,303169.000000,30176.000000,219842867.000000,0.000000
661000161.000000,6646.000000,64799.000000,303200.000000,30144.000000,220176211.000000,0.000000
662000097.000000,6648.000000,64864.000000,303175.000000,30136.000000,220509522.000000,0.000000
663000129.000000,6649.000000,64876.000000,303185.000000,30160.000000,220842867.000000,0.000000
664000257.000000,6650.000000,64835.000000,303223.000000,30152.000000,221176242.000000,0.000000
665000097.000000,6645.000000,64847.000000,303136.000000,30144.000000,221509522.000000,0.000000
666000129.000000,6648.000000,64809.000000,303208.000000,30136.000000,221842866.000000,0.000000
667000353.000000,6650.000000,64837.000000,303232.000000,30176.000000,222176274.000000,0.000000
668000001.000000,6648.000000,64821.000000,303079.000000,30136.000000,222509489.000000,0.000000
669000321.000000,6648.000000,64848.000000,303297.000000,30144.000000,222842930.000000,0.000000
670000065.000000,6645.000000,64822.000000,303103.000000,30144.000000,223176177.000000,0.000000
671000001.000000,6653.000000,64847.000000,303152.000000,30160.000000,223509489.000000,0.000000
672000801.000000,6648.000000,64891.000000,303449.000000,30152.000000,223843090.000000,0.000000
673000065.000000,6648.000000,64843.000000,302943.000000,30144.000000,224176177.000000,0.000000
674000097.000000,6646.000000,64841.000000,303201.000000,30144.000000,224509522.000000,0.000000
675000321.000000,6652.000000,64878.000000,303248.000000,30160.000000,224842930.000000,0.000000
676000065.000000,6641.000000,64786.000000,303119.000000,30128.000000,225176177.000000,0.000000
677000001.000000,6655.000000,64854.000000,303161.000000,30152.000000,225509490.000000,0.000000
678000129.000000,6645.000000,64824.000000,303223.000000,30152.000000,225842865.000000,0.000000
679000449.000000,6652.000000,64857.000000,303289.000000,30152.000000,226176306.000000,0.000000
680000289.000000,6641.000000,64814.000000,303127.000000,30152.000000,226509585.000000,0.000000
681000033.000000,6651.000000,64833.000000,303121.000000,30128.000000,226842834.000000,0.000000
682000161.000000,6649.000000,64890.000000,303216.000000,30160.000000,227176210.000000,0.000000
683000097.000000,6648.000000,64753.000000,303176.000000,30136.000000,227509522.000000,0.000000
684000038.000000,6642.000000,64913.000000,303144.000000,30168.000000,227842834.000000,0.000000
685000065.000000,6655.000000,64861.000000,303201.000000,30144.000000,228176179.000000,0.000000
686000097.000000,6646.000000,64797.000000,303200.000000,30144.000000,228509523.000000,0.000000
687000033.000000,6648.000000,64856.000000,303175.000000,30136.000000,228842834.000000,0.000000
688000065.000000,6649.000000,64858.000000,303185.000000,30160.000000,229176179.000000,0.000000
689000193.000000,6650.000000,64843.000000,303223.000000,30152.000000,229509554.000000,0.000000
690000033.000000,6645.000000,64831.000000,303136.000000,30144.000000,229842834.000000,0.000000
691000065.000000,6648.000000,64826.000000,303208.000000,30136.000000,230176178.000000,0.000000
692000289.000000,6650.000000,64836.000000,303232.000000,30176.000000,230509586.000000,0.000000
693000998.000000,6650.000000,64856.000000,303408.000000,30160.000000,230843154.000000,0.000000
694000257.000000,6646.000000,64813.000000,302968.000000,30120.000000,231176242.000000,0.000000
695000001.000000,6645.000000,64802.000000,303103.000000,30144.000000,231509489.000000,0.000000
696000129.000000,6655.000000,64920.000000,303210.000000,30168.000000,231842867.000000,0.000000
697000737.000000,6646.000000,64831.000000,303391.000000,30144.000000,232176402.000000,0.000000
698000001.000000,6648.000000,64853.000000,302943.000000,30144.000000,232509489.000000,0.000000
699000033.000000,6646.000000,64831.000000,303201.000000,30144.000000,232842834.000000,0.000000
700000257.000000,6652.000000,64866.000000,303248.000000,30160.000000,233176242.000000,0.000000
701000001.000000,6641.000000,64802.000000,303119.000000,30128.000000,233509489.000000,0.000000
702001089.000000,6657.000000,64900.000000,303528.000000,30168.000000,233843185.000000,0.000000
703000065.000000,6643.000000,64783.000000,302856.000000,30136.000000,234176177.000000,0.000000
704000385.000000,6652.000000,64840.000000,303289.000000,30152.000000,234509618.000000,0.000000
705000225.000000,6641.000000,64823.000000,303127.000000,30152.000000,234842897.000000,0.000000
706000257.000000,6654.000000,64848.000000,303209.000000,30136.000000,235176242.000000,0.000000
707000100.000000,6069.000000,46779.000000,283048.000000,34276.000000,235493566.000000,28.000000
708004529.000000,3934.000000,14013.000000,249008.000000,18194.000000,235760768.000000,64.000000
709000064.000000,6235.000000,43881.000000,230164.000000,24551.000000,236015483.000000,40.000000
710001152.000000,6698.000000,62563.000000,303776.000000,29918.000000,236349177.000000,0.000000
711000032.000000,6663.000000,63172.000000,302938.000000,30022.000000,236682137.000000,0.000000
712000448.000000,6642.000000,64781.000000,303213.000000,30260.000000,237015610.000000,0.000000
713000005.000000,6630.000000,64709.000000,302887.000000,30298.000000,237348795.000000,0.000000
714000128.000000,6626.000000,65038.000000,303013.000000,30362.000000,237682170.000000,0.000000
715000352.000000,6637.000000,64427.000000,303126.000000,30282.000000,238015578.000000,0.000000
716000480.000000,6627.000000,65038.000000,303006.000000,30370.000000,238348954.000000,0.000000
717000224.000000,6637.000000,64466.000000,302966.000000,30282.000000,238682202.000000,0.000000
718000064.000000,6631.000000,64662.000000,302978.000000,30302.000000,239015482.000000,0.000000
719000096.000000,6631.000000,64873.000000,303002.000000,30342.000000,239348826.000000,0.000000
720000224.000000,6635.000000,64512.000000,303088.000000,30288.000000,239682202.000000,0.000000
721000160.000000,6623.000000,64995.000000,302940.000000,30372.000000,240015514.000000,0.000000
722000768.000000,6637.000000,64439.000000,303239.000000,30298.000000,240349051.000000,0.000000
723000128.000000,6634.000000,64641.000000,302857.000000,30262.000000,240682170.000000,0.000000
724000064.000000,6627.000000,64857.000000,302946.000000,30366.000000,241015482.000000,0.000000
725000384.000000,6639.000000,64561.000000,303160.000000,30280.000000,241348922.000000,0.000000
726000320.000000,6621.000000,64943.000000,302939.000000,30372.000000,241682233.000000,0.000000
727000256.000000,6639.000000,64550.000000,303033.000000,30280.000000,242015546.000000,0.000000
728000192.000000,6636.000000,64631.000000,303032.000000,30280.000000,242348858.000000,0.000000
729000032.000000,6628.000000,64802.000000,302906.000000,30374.000000,242682138.000000,0.000000
730000256.000000,6631.000000,64514.000000,303144.000000,30264.000000,243015546.000000,0.000000
731000004.000000,6626.000000,65011.000000,302868.000000,30380.000000,243348794.000000,0.000000
732000224.000000,6641.000000,64545.000000,303128.000000,30280.000000,243682202.000000,0.000000
733000064.000000,6632.000000,64719.000000,302984.000000,30296.000000,244015482.000000,0.000000
734000004.000000,6622.000000,64704.000000,302964.000000,30348.000000,244348794.000000,0.000000
735000320.000000,6645.000000,64496.000000,303182.000000,30258.000000,244682234.000000,0.000000
736000064.000000,6619.000000,65062.000000,302854.000000,30394.000000,245015482.000000,0.000000
737000004.000000,6639.000000,64400.000000,303062.000000,30250.000000,245348794.000000,0.000000
738000608.000000,6637.000000,64810.000000,303191.000000,30344.000000,245682329.000000,0.000000
739000064.000000,6623.000000,64752.000000,302820.000000,30332.000000,246015481.000000,0.000000
740000096.000000,6640.000000,64531.000000,303095.000000,30250.000000,246348826.000000,0.000000
741000128.000000,6623.000000,65030.000000,302925.000000,30418.000000,246682169.000000,0.000000
742000064.000000,6639.000000,64442.000000,303054.000000,30258.000000,247015481.000000,0.000000
743000480.000000,6631.000000,64758.000000,303162.000000,30312.000000,247348955.000000,0.000000
744000037.000000,6628.000000,64668.000000,302851.000000,30332.000000,247682138.000000,0.000000
745000256.000000,6641.000000,64644.000000,303142.000000,30266.000000,248015546.000000,0.000000
746000480.000000,6621.000000,64974.000000,302998.000000,30410.000000,248348954.000000,0.000000
747000704.000000,6637.000000,64495.000000,303149.000000,30258.000000,248682361.000000,0.000000
748000064.000000,6631.000000,64720.000000,302816.000000,30304.000000,249015481.000000,0.000000
749000096.000000,6628.000000,64680.000000,303020.000000,30324.000000,249348825.000000,0.000000
750000032.000000,6639.000000,64678.000000,303031.000000,30282.000000,249682138.000000,0.000000
751000453.000000,6621.000000,64816.000000,303070.000000,30402.000000,250015610.000000,0.000000
752000288.000000,6641.000000,64603.000000,303038.000000,30242.000000,250348890.000000,0.000000
753000704.000000,6634.000000,64862.000000,303128.000000,30344.000000,250682362.000000,0.000000
754000448.000000,6626.000000,64625.000000,302932.000000,30316.000000,251015610.000000,0.000000
755000192.000000,6635.000000,64527.000000,302981.000000,30266.000000,251348857.000000,0.000000
756000224.000000,6627.000000,64991.000000,302951.000000,30394.000000,251682202.000000,0.000000
757000160.000000,6636.000000,64563.000000,303054.000000,30258.000000,252015514.000000,0.000000
758000096.000000,6630.000000,64704.000000,302985.000000,30328.000000,252348827.000000,0.000000
759000219.000000,6681.000000,61686.000000,299345.000000,32821.000000,252680993.000000,9.000000
760000731.000000,4230.000000,11685.000000,246217.000000,33227.000000,252960437.000000,63.000000
761000769.000000,10951.000000,44894.000000,293141.000000,37512.000000,253291090.000000,127.000000
762000297.000000,2607.000000,1230.000000,240522.000000,9361.000000,253540973.000000,102.000000
763000336.000000,6909.000000,40305.000000,175474.000000,24297.000000,253740744.000000,65.000000
764000176.000000,6687.000000,62360.000000,303389.000000,29891.000000,254074024.000000,0.000000
765000309.000000,6641.000000,64205.000000,303147.000000,30229.000000,254407400.000000,0.000000
766000336.000000,6656.000000,64355.000000,303167.000000,30177.000000,254740744.000000,0.000000
767000368.000000,6672.000000,64247.000000,303416.000000,29928.000000,255074088.000000,0.000000
768000112.000000,6673.000000,64308.000000,303296.000000,29952.000000,255407336.000000,0.000000
769000048.000000,6669.000000,64248.000000,303368.000000,29944.000000,255740648.000000,0.000000
770000176.000000,6678.000000,64340.000000,303424.000000,29952.000000,256074024.000000,0.000000
771000112.000000,6672.000000,64292.000000,303368.000000,29944.000000,256407336.000000,0.000000
772000144.000000,6673.000000,64292.000000,303392.000000,29952.000000,256740680.000000,0.000000
773000176.000000,6677.000000,64270.000000,303392.000000,29952.000000,257074024.000000,0.000000
774000208.000000,6671.000000,64353.000000,303400.000000,29944.000000,257407368.000000,0.000000
775000048.000000,6671.000000,64247.000000,303344.000000,29936.000000,257740648.000000,0.000000
776000272.000000,6676.000000,64283.000000,303447.000000,29960.000000,258074055.000000,0.000000
777000400.000000,6677.000000,64370.000000,303417.000000,29960.000000,258407432.000000,0.000000
778000144.000000,6667.000000,64258.000000,303304.000000,29944.000000,258740680.000000,0.000000
779000464.000000,6676.000000,64263.000000,303488.000000,29952.000000,259074120.000000,0.000000
780000112.000000,6671.000000,64322.000000,303288.000000,29928.000000,259407336.000000,0.000000
781000240.000000,6675.000000,64331.000000,303408.000000,29968.000000,259740712.000000,0.000000
782000464.000000,6671.000000,64259.000000,303463.000000,29944.000000,260074119.000000,0.000000
783000304.000000,6674.000000,64329.000000,303337.000000,29944.000000,260407400.000000,0.000000
784000144.000000,6674.000000,64282.000000,303337.000000,29944.000000,260740681.000000,0.000000
785000176.000000,6674.000000,64290.000000,303383.000000,29960.000000,261074024.000000,0.000000
786000496.000000,6670.000000,64288.000000,303496.000000,29944.000000,261407464.000000,0.000000
787000240.000000,6677.000000,64348.000000,303304.000000,29944.000000,261740712.000000,0.000000
788000752.000000,6674.000000,64265.000000,303552.000000,29952.000000,262074216.000000,0.000000
789000496.000000,6671.000000,64267.000000,303312.000000,29936.000000,262407464.000000,0.000000
790000240.000000,6669.000000,64305.000000,303297.000000,29952.000000,262740713.000000,0.000000
791000176.000000,6677.000000,64289.000000,303360.000000,29952.000000,263074025.000000,0.000000
792000208.000000,6670.000000,64257.000000,303407.000000,29936.000000,263407368.000000,0.000000
793000048.000000,6675.000000,64362.000000,303336.000000,29944.000000,263740648.000000,0.000000
794000041.000000,6671.000000,64270.000000,303359.000000,29967.000000,264073974.000000,0.000000
795000112.000000,6677.000000,64301.000000,303417.000000,29945.000000,264407336.000000,0.000000
796000048.000000,6670.000000,64301.000000,303384.000000,29928.000000,264740648.000000,0.000000
797000002.000000,6679.000000,64318.000000,303356.000000,29962.000000,265073966.000000,0.000000
798000016.000000,6668.000000,64253.000000,303389.000000,29950.000000,265407305.000000,0.000000
799000336.000000,6677.000000,64357.000000,303487.000000,29952.000000,265740744.000000,0.000000
800000080.000000,6671.000000,64264.000000,303312.000000,29936.000000,266073992.000000,0.000000
801000112.000000,6672.000000,64282.000000,303392.000000,29952.000000,266407336.000000,0.000000
802000048.000000,6676.000000,64298.000000,303361.000000,29952.000000,266740649.000000,0.000000
803000176.000000,6672.000000,64331.000000,303431.000000,29944.000000,267074024.000000,0.000000
804000016.000000,6670.000000,64231.000000,303344.000000,29936.000000,267407304.000000,0.000000
805000144.000000,6676.000000,64307.000000,303417.000000,29960.000000,267740681.000000,0.000000
806000080.000000,6676.000000,64356.000000,303359.000000,29952.000000,268073992.000000,0.000000
807000016.000000,6668.000000,64264.000000,303361.000000,29952.000000,268407305.000000,0.000000
808000144.000000,6675.000000,64253.000000,303431.000000,29944.000000,268740680.000000,0.000000
809000080.000000,6675.000000,64351.000000,303369.000000,29944.000000,269073993.000000,0.000000
810000496.000000,6674.000000,64327.000000,303511.000000,29960.000000,269407464.000000,0.000000
811000144.000000,6668.000000,64233.000000,303279.000000,29936.000000,269740679.000000,0.000000
812000176.000000,6677.000000,64342.000000,303394.000000,29952.000000,270074025.000000,0.000000
813000112.000000,6672.000000,64282.000000,303367.000000,29944.000000,270407336.000000,0.000000
814001410.000000,7022.000000,35697.000000,268593.000000,52096.000000,270728025.000000,66.000000
815001202.000000,3037.000000,5676.000000,241810.000000,22286.000000,270992121.000000,40.000000
816001255.000000,8426.000000,56753.000000,277611.000000,43341.000000,271313073.000000,64.000000
817003751.000000,2626.000000,1386.000000,241220.000000,9404.000000,271563697.000000,139.000000
818000719.000000,2628.000000,1287.000000,239907.000000,9334.000000,271812938.000000,124.000000
819002599.000000,2618.000000,1260.000000,241102.000000,9372.000000,272063412.000000,129.000000
820002023.000000,2635.000000,1282.000000,240485.000000,9371.000000,272313268.000000,131.000000
821000288.000000,9746.000000,60405.000000,113786.000000,32779.000000,272459833.000000,21.000000
822000278.000000,7103.000000,63208.000000,282980.000000,30495.000000,272773308.000000,8.000000
823000022.000000,6694.000000,62542.000000,303351.000000,29896.000000,273106555.000000,0.000000
824000342.000000,6641.000000,63884.000000,303235.000000,30205.000000,273439995.000000,0.000000
825000086.000000,6635.000000,64848.000000,302927.000000,30322.000000,273773244.000000,0.000000
826000406.000000,6641.000000,64614.000000,303158.000000,30282.000000,274106684.000000,0.000000
827000822.000000,6649.000000,64843.000000,303328.000000,30144.000000,274440156.000000,0.000000
828000278.000000,6641.000000,64791.000000,302999.000000,30152.000000,274773307.000000,0.000000
829000022.000000,6652.000000,64855.000000,303104.000000,30144.000000,275106555.000000,0.000000
830000630.000000,6652.000000,64862.000000,303385.000000,30152.000000,275440092.000000,0.000000
831000662.000000,6645.000000,64802.000000,303200.000000,30144.000000,275773436.000000,0.000000
832000022.000000,6643.000000,64810.000000,302984.000000,30136.000000,276106556.000000,0.000000
833000150.000000,6653.000000,64890.000000,303216.000000,30160.000000,276439932.000000,0.000000
834000086.000000,6647.000000,64822.000000,303175.000000,30136.000000,276773243.000000,0.000000
835000310.000000,6650.000000,64884.000000,303249.000000,30160.000000,277106652.000000,0.000000
836000150.000000,6647.000000,64799.000000,303128.000000,30152.000000,277439932.000000,0.000000
837000758.000000,6649.000000,64905.000000,303383.000000,30152.000000,277773467.000000,0.000000
838000022.000000,6647.000000,64799.000000,302962.000000,30128.000000,278106557.000000,0.000000
839000054.000000,6648.000000,64856.000000,303183.000000,30160.000000,278439900.000000,0.000000
840000182.000000,6647.000000,64783.000000,303240.000000,30136.000000,278773276.000000,0.000000
841000214.000000,6648.000000,64879.000000,303192.000000,30152.000000,279106620.000000,0.000000
842000246.000000,6651.000000,64836.000000,303192.000000,30152.000000,279439964.000000,0.000000
843000470.000000,6651.000000,64930.000000,303247.000000,30160.000000,279773371.000000,0.000000
844000214.000000,6648.000000,64729.000000,303113.000000,30136.000000,280106620.000000,0.000000
845000731.000000,6643.000000,64900.000000,303328.000000,30176.000000,280440124.000000,0.000000
846000086.000000,6650.000000,64820.000000,303001.000000,30120.000000,280773245.000000,0.000000
847000118.000000,6647.000000,64837.000000,303199.000000,30144.000000,281106588.000000,0.000000
848000726.000000,6652.000000,64897.000000,303376.000000,30160.000000,281440124.000000,0.000000
849000470.000000,6644.000000,64809.000000,303104.000000,30144.000000,281773372.000000,0.000000
850000310.000000,6651.000000,64825.000000,303128.000000,30152.000000,282106652.000000,0.000000
851000342.000000,6648.000000,64875.000000,303192.000000,30152.000000,282439996.000000,0.000000
852000758.000000,6649.000000,64845.000000,303328.000000,30144.000000,282773468.000000,0.000000
853000214.000000,6641.000000,64768.000000,302999.000000,30152.000000,283106619.000000,0.000000
854000534.000000,6655.000000,64882.000000,303289.000000,30152.000000,283440060.000000,0.000000
855000566.000000,6649.000000,64838.000000,303200.000000,30144.000000,283773404.000000,0.000000
856000598.000000,6645.000000,64803.000000,303200.000000,30144.000000,284106748.000000,0.000000
857000054.000000,6645.000000,64823.000000,303007.000000,30144.000000,284439899.000000,0.000000
858000086.000000,6651.000000,64893.000000,303193.000000,30152.000000,284773244.000000,0.000000
859000022.000000,6647.000000,64802.000000,303175.000000,30136.000000,285106555.000000,0.000000
860000246.000000,6650.000000,64884.000000,303249.000000,30160.000000,285439964.000000,0.000000
861000086.000000,6647.000000,64819.000000,303128.000000,30152.000000,285773244.000000,0.000000
862000694.000000,6649.000000,64890.000000,303383.000000,30152.000000,286106779.000000,0.000000
863000150.000000,6649.000000,64820.000000,303018.000000,30136.000000,286439933.000000,0.000000
864000001.000000,6648.000000,64850.000000,303128.000000,30153.000000,286773214.000000,0.000000
865000118.000000,6645.000000,64758.000000,303239.000000,30135.000000,287106588.000000,0.000000
866000150.000000,6648.000000,64901.000000,303192.000000,30152.000000,287439932.000000,0.000000
867000182.000000,6651.000000,64822.000000,303192.000000,30152.000000,287773276.000000,0.000000
868000406.000000,6651.000000,64923.000000,303247.000000,30160.000000,288106683.000000,0.000000
869000150.000000,6648.000000,64750.000000,303113.000000,30136.000000,288439932.000000,0.000000
870000667.000000,6643.000000,64891.000000,303328.000000,30176.000000,288773436.000000,0.000000
871000022.000000,6650.000000,64816.000000,303001.000000,30120.000000,289106557.000000,0.000000
872000131.000000,7018.000000,43449.000000,277097.000000,47674.000000,289431328.000000,53.000000
873000148.000000,6760.000000,24236.000000,255346.000000,56033.000000,289742707.000000,71.000000
874000152.000000,3049.000000,5699.000000,241834.000000,22318.000000,290006859.000000,61.000000
875000368.000000,3041.000000,5541.000000,241894.000000,22314.000000,290271067.000000,38.000000
876000796.000000,3033.000000,5505.000000,241958.000000,22306.000000,290535331.000000,31.000000
877000845.000000,13688.000000,107921.000000,313297.000000,63500.000000,290912128.000000,72.000000
878000269.000000,2590.000000,1294.000000,240499.000000,9360.000000,291161987.000000,92.000000
879000205.000000,2612.000000,1216.000000,240638.000000,9347.000000,291411972.000000,109.000000
880000141.000000,2616.000000,1310.000000,240617.000000,9367.000000,291661956.000000,116.000000
881003149.000000,2615.000000,1282.000000,241362.000000,9390.000000,291912708.000000,109.000000
882000525.000000,2602.000000,1307.000000,239999.000000,9345.000000,292162052.000000,110.000000
883001589.000000,2616.000000,1341.000000,240877.000000,9388.000000,292412317.000000,124.000000
884000397.000000,2622.000000,1308.000000,240357.000000,9349.000000,292662023.000000,130.000000
885000949.000000,2614.000000,1197.000000,240770.000000,9364.000000,292912157.000000,114.000000
886000090.000000,9349.000000,57132.000000,121190.000000,31457.000000,293064804.000000,24.000000
887000050.000000,10715.000000,67795.000000,97538.000000,35790.000000,293198132.000000,0.000000
888000124.000000,7225.000000,63445.000000,276099.000000,30745.000000,293504976.000000,7.000000
889000156.000000,6696.000000,62443.000000,303472.000000,29871.000000,293838319.000000,0.000000
890000001.000000,6679.000000,62678.000000,303308.000000,29972.000000,294171599.000000,0.000000
891000028.000000,6642.000000,64609.000000,303133.000000,30212.000000,294504944.000000,0.000000
892000027.000000,6644.000000,64664.000000,303072.000000,30254.000000,294838270.000000,0.000000
893000092.000000,6621.000000,64984.000000,303001.000000,30361.000000,295171632.000000,0.000000
894000028.000000,6631.000000,64619.000000,302993.000000,30318.000000,295504943.000000,0.000000
895000060.000000,6631.000000,64901.000000,303002.000000,30342.000000,295838287.000000,0.000000
896000380.000000,6639.000000,64434.000000,303150.000000,30290.000000,296171727.000000,0.000000
897000032.000000,6620.000000,65014.000000,302855.000000,30362.000000,296504944.000000,0.000000
898000252.000000,6639.000000,64486.000000,303133.000000,30274.000000,296838351.000000,0.000000
899000284.000000,6632.000000,64641.000000,303050.000000,30294.000000,297171695.000000,0.000000
900000028.000000,6630.000000,64857.000000,302890.000000,30358.000000,297504943.000000,0.000000
901000636.000000,6634.000000,64548.000000,303240.000000,30296.000000,297838479.000000,0.000000
902000188.000000,6625.000000,65009.000000,302821.000000,30364.000000,298171664.000000,0.000000
903000028.000000,6639.000000,64397.000000,303012.000000,30266.000000,298504942.000000,0.000000
904000257.000000,6637.000000,64697.000000,303099.000000,30310.000000,298838351.000000,0.000000
905000380.000000,6621.000000,64842.000000,303026.000000,30350.000000,299171727.000000,0.000000
906000124.000000,6640.000000,64516.000000,302992.000000,30256.000000,299504975.000000,0.000000
907000064.000000,6625.000000,65020.000000,302917.000000,30396.000000,299838288.000000,0.000000
908000284.000000,6634.000000,64482.000000,303143.000000,30264.000000,300171695.000000,0.000000
909000124.000000,6631.000000,64653.000000,302977.000000,30304.000000,300504976.000000,0.000000
910000060.000000,6634.000000,64878.000000,302948.000000,30364.000000,300838288.000000,0.000000
911000380.000000,6636.000000,64424.000000,303181.000000,30258.000000,301171727.000000,0.000000
912000124.000000,6624.000000,65035.000000,302860.000000,30388.000000,301504975.000000,0.000000
913000060.000000,6632.000000,64467.000000,303049.000000,30264.000000,301838288.000000,0.000000
914000572.000000,6639.000000,64821.000000,303199.000000,30304.000000,302171791.000000,0.000000
915000028.000000,6625.000000,64726.000000,302804.000000,30348.000000,302504943.000000,0.000000
916000156.000000,6639.000000,64440.000000,303118.000000,30258.000000,302838319.000000,0.000000
917000284.000000,6623.000000,65077.000000,302958.000000,30418.000000,303171695.000000,0.000000
918001084.000000,6641.000000,64443.000000,303334.000000,30266.000000,303505295.000000,0.000000
919000060.000000,6631.000000,64722.000000,302711.000000,30280.000000,303838286.000000,0.000000
920000764.000000,6628.000000,64825.000000,303205.000000,30364.000000,304171855.000000,0.000000
921000124.000000,6636.000000,64459.000000,302870.000000,30250.000000,304504975.000000,0.000000
922000833.000000,6623.000000,65038.000000,303142.000000,30426.000000,304838543.000000,0.000000
923000193.000000,6640.000000,64442.000000,302878.000000,30242.000000,305171663.000000,0.000000
924000124.000000,6633.000000,64807.000000,303009.000000,30304.000000,305504976.000000,0.000000
925000732.000000,6630.000000,64689.000000,303179.000000,30356.000000,305838511.000000,0.000000
926000572.000000,6634.000000,64567.000000,303022.000000,30258.000000,306171791.000000,0.000000
927000508.000000,6626.000000,64981.000000,302918.000000,30394.000000,306505103.000000,0.000000
928000348.000000,6634.000000,64488.000000,303022.000000,30258.000000,306838383.000000,0.000000
929000860.000000,6637.000000,64827.000000,303176.000000,30328.000000,307171887.000000,0.000000
930000028.000000,6620.000000,64650.000000,302733.000000,30324.000000,307504944.000000,0.000000
931000348.000000,6643.000000,64673.000000,303165.000000,30274.000000,307838383.000000,0.000000
932000284.000000,6624.000000,64798.000000,302934.000000,30378.000000,308171695.000000,0.000000
933000604.000000,6638.000000,64607.000000,303166.000000,30274.000000,308505135.000000,0.000000
934000060.000000,6625.000000,64759.000000,302831.000000,30320.000000,308838286.000000,0.000000
935000188.000000,6633.000000,64720.000000,303053.000000,30324.000000,309171663.000000,0.000000
936000508.000000,6643.000000,64560.000000,303174.000000,30266.000000,309505103.000000,0.000000
937000060.000000,6619.000000,64889.000000,302790.000000,30394.000000,309838287.000000,0.000000
938000281.000000,6983.000000,44595.000000,278668.000000,46640.000000,310163595.000000,40.000000
939000489.000000,7318.000000,26451.000000,257329.000000,60919.000000,310481843.000000,84.000000
940000433.000000,7310.000000,27014.000000,257120.000000,61044.000000,310800007.000000,83.000000
941000126.000000,4528.000000,12732.000000,247121.000000,35785.000000,311082913.000000,61.000000
942001402.000000,3043.000000,5649.000000,242156.000000,22332.000000,311347401.000000,38.000000
943000346.000000,3037.000000,5605.000000,241590.000000,22282.000000,311611273.000000,37.000000
944000138.000000,3051.000000,5564.000000,241796.000000,22300.000000,311875369.000000,54.000000
945000142.000000,3051.000000,5493.000000,241866.000000,22286.000000,312139521.000000,46.000000
946000782.000000,3047.000000,5492.000000,242018.000000,22302.000000,312403841.000000,37.000000
947000362.000000,3044.000000,5590.000000,241734.000000,22306.000000,312667881.000000,48.000000
948000074.000000,20040.000000,170934.000000,338298.000000,91866.000000,313098045.000000,16.000000
949000278.000000,4645.000000,20790.000000,252011.000000,18640.000000,313368696.000000,115.000000
950000318.000000,2625.000000,1252.000000,240642.000000,9365.000000,313618703.000000,111.000000
951000662.000000,2596.000000,1272.000000,240729.000000,9360.000000,313868792.000000,95.000000
952000598.000000,2604.000000,1173.000000,240642.000000,9345.000000,314118779.000000,103.000000
953000126.000000,2626.000000,1334.000000,240495.000000,9383.000000,314368657.000000,132.000000
954000062.000000,2623.000000,1285.000000,240627.000000,9357.000000,314618641.000000,128.000000
955002558.000000,2640.000000,1310.000000,241244.000000,9380.000000,314869265.000000,143.000000
956000854.000000,2611.000000,1229.000000,240234.000000,9348.000000,315118847.000000,119.000000
957000382.000000,2618.000000,1259.000000,240522.000000,9356.000000,315368725.000000,116.000000
958000726.000000,2616.000000,1265.000000,240728.000000,9362.000000,315618815.000000,112.000000
959000150.000000,2599.000000,1257.000000,240487.000000,9369.000000,315868671.000000,96.000000
960001110.000000,2620.000000,1224.000000,240869.000000,9371.000000,316118911.000000,116.000000
961001662.000000,2625.000000,1280.000000,240761.000000,9378.000000,316369050.000000,123.000000
962000470.000000,2607.000000,1256.000000,240345.000000,9360.000000,316618755.000000,116.000000
963000406.000000,2634.000000,1320.000000,240611.000000,9372.000000,316868738.000000,130.000000
964000342.000000,2618.000000,1228.000000,240633.000000,9351.000000,317118722.000000,120.000000
965000180.000000,3750.000000,10711.000000,220552.000000,13099.000000,317352373.000000,103.000000
966000200.000000,10702.000000,67389.000000,97495.000000,35841.000000,317485709.000000,0.000000
967000160.000000,10659.000000,69507.000000,97251.000000,36077.000000,317619037.000000,0.000000
968000240.000000,10716.000000,67288.000000,97531.000000,35813.000000,317752381.000000,0.000000
969000254.000000,9841.000000,68037.000000,140184.000000,34844.000000,317927409.000000,8.000000
970000574.000000,6687.000000,62635.000000,303528.000000,29912.000000,318260849.000000,0.000000
971000030.000000,6688.000000,62459.000000,303266.000000,29886.000000,318594001.000000,0.000000
972000023.000000,6684.000000,62366.000000,303412.000000,29914.000000,318927327.000000,0.000000
973001054.000000,6689.000000,62611.000000,303731.000000,29950.000000,319261008.000000,0.000000
974000126.000000,6684.000000,62372.000000,303136.000000,29889.000000,319594033.000000,0.000000
975000254.000000,6687.000000,62501.000000,303453.000000,29923.000000,319927409.000000,0.000000
976000003.000000,6684.000000,62543.000000,303322.000000,29926.000000,320260657.000000,0.000000
977000030.000000,6684.000000,62452.000000,303437.000000,29908.000000,320594002.000000,0.000000
978000542.000000,6688.000000,62581.000000,303572.000000,29931.000000,320927505.000000,0.000000
979000286.000000,6687.000000,62394.000000,303326.000000,29922.000000,321260753.000000,0.000000
980000126.000000,6682.000000,62570.000000,303362.000000,29918.000000,321594033.000000,0.000000
981000350.000000,6687.000000,62445.000000,303484.000000,29923.000000,321927440.000000,0.000000
982000190.000000,6689.000000,62547.000000,303371.000000,29910.000000,322260721.000000,0.000000
983000318.000000,6685.000000,62407.000000,303447.000000,29929.000000,322594097.000000,0.000000
984000062.000000,6685.000000,62515.000000,303330.000000,29917.000000,322927344.000000,0.000000
985000002.000000,6681.000000,62477.000000,303398.000000,29916.000000,323260658.000000,0.000000
986000030.000000,6687.000000,62519.000000,303432.000000,29910.000000,323594000.000000,0.000000
987000023.000000,6690.000000,62509.000000,303390.000000,29937.000000,323927327.000000,0.000000
988000382.000000,6686.000000,62455.000000,303550.000000,29908.000000,324260785.000000,0.000000
989000419.000000,6680.000000,62483.000000,303404.000000,29940.000000,324594129.000000,0.000000
990000158.000000,6687.000000,62469.000000,303355.000000,29893.000000,324927377.000000,0.000000
991000001.000000,6687.000000,62507.000000,303347.000000,29932.000000,325260656.000000,0.000000
992000222.000000,6686.000000,62501.000000,303502.000000,29907.000000,325594065.000000,0.000000
993000158.000000,6682.000000,62428.000000,303382.000000,29931.000000,325927378.000000,0.000000
994000094.000000,6691.000000,62597.000000,303393.000000,29918.000000,326260689.000000,0.000000
995000030.000000,6682.000000,62437.000000,303405.000000,29907.000000,326594001.000000,0.000000
996000350.000000,6690.000000,62567.000000,303499.000000,29941.000000,326927441.000000,0.000000
997000001.000000,6684.000000,62336.000000,303310.000000,29905.000000,327260656.000000,0.000000
998000990.000000,6687.000000,62631.000000,303714.000000,29950.000000,327594320.000000,0.000000
999000062.000000,6684.000000,62427.000000,303134.000000,29891.000000,327927345.000000,0.000000
