Instruction,pfIssued,pfInCache,overallMisses,overallHits,overallAccesses,unusedPrefetches
1002935.000000,1316.000000,5439.000000,367446.000000,3267.000000,370713.000000,40.000000
2001253.000000,1268.000000,5258.000000,365175.000000,2895.000000,738783.000000,20.000000
3001185.000000,1261.000000,5282.000000,365671.000000,2943.000000,1107397.000000,15.000000
4004567.000000,1270.000000,5160.000000,366859.000000,2997.000000,1477253.000000,18.000000
5001052.000000,1258.000000,5556.000000,364397.000000,2932.000000,1844582.000000,15.000000
6001099.000000,1269.000000,5023.000000,365749.000000,2941.000000,2213272.000000,22.000000
7000898.000000,1258.000000,5519.000000,366049.000000,2983.000000,2582304.000000,12.000000
8000206.000000,1188.000000,4655.000000,361549.000000,2771.000000,2946624.000000,8.000000
9001242.000000,1213.000000,4902.000000,360951.000000,2795.000000,3310370.000000,9.000000
10000383.000000,1176.000000,4821.000000,360289.000000,2756.000000,3673415.000000,11.000000
11006557.000000,874.000000,2773.000000,358794.000000,1665.000000,4033874.000000,73.000000
12011168.000000,242.000000,255.000000,355642.000000,439.000000,4389955.000000,130.000000
13008456.000000,197.000000,296.000000,353454.000000,272.000000,4743681.000000,42.000000
14012191.000000,165.000000,318.000000,355679.000000,263.000000,5099623.000000,14.000000
15007393.000000,162.000000,233.000000,353027.000000,241.000000,5452891.000000,5.000000
16006359.000000,183.000000,289.000000,358315.000000,302.000000,5811508.000000,2.000000
17003256.000000,170.000000,243.000000,353267.000000,229.000000,6165004.000000,7.000000
18011525.000000,160.000000,292.000000,357335.000000,250.000000,6522589.000000,2.000000
19006877.000000,167.000000,205.000000,352755.000000,255.000000,6875599.000000,0.000000
20010714.000000,170.000000,203.000000,360394.000000,260.000000,7236253.000000,1.000000
21003577.000000,174.000000,254.000000,350420.000000,354.000000,7587027.000000,2.000000
22013321.000000,178.000000,198.000000,357034.000000,308.000000,7944369.000000,0.000000
23026440.000000,179.000000,271.000000,357183.000000,285.000000,8301837.000000,5.000000
24012347.000000,168.000000,234.000000,347530.000000,348.000000,8649715.000000,1.000000
25004267.000000,172.000000,289.000000,349476.000000,350.000000,8999541.000000,1.000000
26023697.000000,185.000000,188.000000,359220.000000,359.000000,9359120.000000,1.000000
27003785.000000,176.000000,195.000000,345404.000000,288.000000,9704812.000000,3.000000
28010327.000000,175.000000,193.000000,355399.000000,253.000000,10060464.000000,2.000000
29002397.000000,176.000000,220.000000,350164.000000,281.000000,10410909.000000,1.000000
30005306.000000,174.000000,222.000000,354609.000000,304.000000,10765822.000000,0.000000
31014233.000000,196.000000,290.000000,354486.000000,420.000000,11120728.000000,5.000000
32019387.000000,188.000000,270.000000,355127.000000,443.000000,11476298.000000,13.000000
33003245.000000,192.000000,264.000000,346872.000000,460.000000,11823630.000000,6.000000
34012579.000000,213.000000,205.000000,356873.000000,396.000000,12180899.000000,9.000000
35006969.000000,176.000000,285.000000,352476.000000,239.000000,12533614.000000,15.000000
36004152.000000,166.000000,225.000000,352996.000000,236.000000,12886846.000000,8.000000
37021190.000000,165.000000,247.000000,361272.000000,252.000000,13248370.000000,6.000000
38002331.000000,172.000000,314.000000,345891.000000,290.000000,13594551.000000,1.000000
39006721.000000,177.000000,254.000000,355817.000000,234.000000,13950602.000000,9.000000
40035970.000000,157.000000,276.000000,364699.000000,248.000000,14315549.000000,0.000000
41027082.000000,161.000000,196.000000,351449.000000,247.000000,14667245.000000,1.000000
42003000.000000,163.000000,165.000000,339798.000000,238.000000,15007281.000000,0.000000
43001074.000000,164.000000,216.000000,353213.000000,297.000000,15360791.000000,0.000000
44011830.000000,182.000000,237.000000,357773.000000,342.000000,15718906.000000,3.000000
45008448.000000,181.000000,241.000000,353017.000000,323.000000,16072246.000000,2.000000
46000949.000000,184.000000,216.000000,350361.000000,312.000000,16422919.000000,13.000000
47010954.000000,185.000000,285.000000,356331.000000,320.000000,16779570.000000,8.000000
48032917.000000,181.000000,290.000000,362724.000000,393.000000,17142687.000000,9.000000
49004051.000000,176.000000,151.000000,346081.000000,288.000000,17489056.000000,5.000000
50000436.000000,172.000000,287.000000,353865.000000,296.000000,17843217.000000,2.000000
51003484.000000,177.000000,253.000000,356394.000000,354.000000,18199965.000000,2.000000
52009299.000000,183.000000,232.000000,357656.000000,327.000000,18557948.000000,1.000000
53009632.000000,184.000000,217.000000,354932.000000,352.000000,18913232.000000,2.000000
54000147.000000,176.000000,180.000000,351979.000000,319.000000,19265530.000000,5.000000
55018837.000000,179.000000,232.000000,362010.000000,274.000000,19627814.000000,1.000000
56001828.000000,175.000000,287.000000,349855.000000,325.000000,19977994.000000,0.000000
57013048.000000,182.000000,209.000000,359367.000000,308.000000,20337669.000000,1.000000
58003559.000000,218.000000,232.000000,345967.000000,420.000000,20684056.000000,18.000000
59008690.000000,212.000000,207.000000,352679.000000,387.000000,21037122.000000,26.000000
60011794.000000,209.000000,216.000000,354322.000000,436.000000,21391880.000000,23.000000
61000598.000000,211.000000,232.000000,347476.000000,376.000000,21739732.000000,26.000000
62003926.000000,201.000000,222.000000,353420.000000,424.000000,22093576.000000,15.000000
63004727.000000,210.000000,203.000000,348904.000000,411.000000,22442891.000000,15.000000
64002795.000000,194.000000,279.000000,351581.000000,357.000000,22794829.000000,27.000000
65000008.000000,203.000000,189.000000,352992.000000,334.000000,23148155.000000,15.000000
66021605.000000,204.000000,232.000000,360329.000000,380.000000,23508864.000000,22.000000
67002465.000000,194.000000,226.000000,348652.000000,328.000000,23857844.000000,14.000000
68001432.000000,179.000000,251.000000,354201.000000,363.000000,24212408.000000,7.000000
69008167.000000,202.000000,193.000000,356700.000000,282.000000,24569390.000000,10.000000
70005266.000000,167.000000,184.000000,353361.000000,235.000000,24922986.000000,13.000000
71016324.000000,170.000000,137.000000,358234.000000,230.000000,25281450.000000,6.000000
72002039.000000,163.000000,210.000000,352870.000000,221.000000,25634541.000000,3.000000
73005615.000000,188.000000,237.000000,356767.000000,308.000000,25991616.000000,4.000000
74004507.000000,164.000000,295.000000,353935.000000,236.000000,26345787.000000,5.000000
75004253.000000,155.000000,185.000000,354268.000000,245.000000,26700300.000000,0.000000
76017027.000000,174.000000,152.000000,361397.000000,219.000000,27061916.000000,1.000000
77007196.000000,166.000000,240.000000,353041.000000,329.000000,27415286.000000,2.000000
78021478.000000,178.000000,247.000000,360641.000000,341.000000,27776268.000000,1.000000
79008158.000000,178.000000,180.000000,351352.000000,285.000000,28127905.000000,1.000000
80002066.000000,183.000000,279.000000,352843.000000,314.000000,28481062.000000,3.000000
81023367.000000,177.000000,221.000000,363277.000000,333.000000,28844672.000000,1.000000
82016921.000000,178.000000,247.000000,352471.000000,370.000000,29197513.000000,1.000000
83002115.000000,191.000000,224.000000,350142.000000,314.000000,29547969.000000,2.000000
84001827.000000,170.000000,195.000000,355441.000000,247.000000,29903657.000000,2.000000
85014999.000000,178.000000,269.000000,359671.000000,308.000000,30263636.000000,1.000000
86023508.000000,176.000000,204.000000,359258.000000,294.000000,30623188.000000,1.000000
87001255.000000,197.000000,224.000000,346294.000000,431.000000,30969913.000000,3.000000
88004149.000000,228.000000,265.000000,352642.000000,430.000000,31322985.000000,29.000000
89000734.000000,168.000000,333.000000,351475.000000,295.000000,31674755.000000,18.000000
90002157.000000,172.000000,182.000000,350152.000000,249.000000,32025156.000000,1.000000
91008795.000000,181.000000,219.000000,354986.000000,368.000000,32380510.000000,5.000000
92003587.000000,176.000000,206.000000,348061.000000,277.000000,32728848.000000,1.000000
93008288.000000,176.000000,305.000000,353832.000000,359.000000,33083039.000000,3.000000
94013610.000000,175.000000,273.000000,355155.000000,308.000000,33438502.000000,3.000000
95012855.000000,183.000000,184.000000,351111.000000,275.000000,33789888.000000,7.000000
96000812.000000,173.000000,298.000000,347297.000000,333.000000,34137518.000000,6.000000
97009608.000000,181.000000,212.000000,353800.000000,394.000000,34491712.000000,7.000000
98022082.000000,196.000000,176.000000,356287.000000,376.000000,34848375.000000,4.000000
99005492.000000,185.000000,193.000000,345548.000000,355.000000,35194278.000000,7.000000
100005168.000000,179.000000,265.000000,353837.000000,439.000000,35548554.000000,3.000000
101022207.000000,188.000000,205.000000,360273.000000,381.000000,35909208.000000,3.000000
102001372.000000,208.000000,230.000000,344590.000000,364.000000,36254162.000000,9.000000
103017363.000000,239.000000,340.000000,351890.000000,378.000000,36606430.000000,34.000000
104009303.000000,214.000000,168.000000,349130.000000,346.000000,36955906.000000,56.000000
105005133.000000,195.000000,234.000000,351704.000000,493.000000,37308103.000000,26.000000
106002005.000000,210.000000,153.000000,351007.000000,419.000000,37659529.000000,15.000000
107010253.000000,201.000000,307.000000,353857.000000,394.000000,38013780.000000,19.000000
108006315.000000,211.000000,241.000000,349910.000000,330.000000,38364020.000000,14.000000
109011150.000000,231.000000,272.000000,353642.000000,412.000000,38718074.000000,37.000000
110003240.000000,215.000000,222.000000,347945.000000,358.000000,39066377.000000,40.000000
111021482.000000,191.000000,216.000000,356477.000000,432.000000,39423286.000000,30.000000
112032266.000000,179.000000,214.000000,355729.000000,259.000000,39779274.000000,8.000000
113000441.000000,173.000000,214.000000,339577.000000,269.000000,40119120.000000,2.000000
114012627.000000,177.000000,207.000000,356749.000000,365.000000,40476234.000000,10.000000
115004809.000000,180.000000,273.000000,351606.000000,319.000000,40828159.000000,10.000000
116008060.000000,188.000000,227.000000,349572.000000,420.000000,41178151.000000,8.000000
117003658.000000,201.000000,404.000000,350437.000000,414.000000,41529002.000000,12.000000
118001921.000000,200.000000,198.000000,352255.000000,458.000000,41881715.000000,23.000000
119038641.000000,202.000000,239.000000,365922.000000,465.000000,42248102.000000,10.000000
120015303.000000,203.000000,247.000000,344336.000000,475.000000,42592913.000000,12.000000
121000557.000000,276.000000,218.000000,345299.000000,525.000000,42938737.000000,47.000000
122028042.000000,207.000000,314.000000,359579.000000,349.000000,43298665.000000,59.000000
123000888.000000,180.000000,262.000000,342887.000000,278.000000,43641830.000000,22.000000
124001258.000000,178.000000,213.000000,350143.000000,329.000000,43992302.000000,13.000000
125005801.000000,185.000000,198.000000,352116.000000,300.000000,44344718.000000,9.000000
126002382.000000,175.000000,307.000000,350799.000000,321.000000,44695838.000000,4.000000
127001437.000000,182.000000,249.000000,351110.000000,434.000000,45047382.000000,1.000000
128013434.000000,194.000000,186.000000,354940.000000,320.000000,45402642.000000,5.000000
129004224.000000,172.000000,271.000000,345549.000000,268.000000,45748459.000000,5.000000
130013014.000000,181.000000,297.000000,353290.000000,346.000000,46102095.000000,7.000000
131011244.000000,191.000000,233.000000,353103.000000,381.000000,46455579.000000,12.000000
132006078.000000,204.000000,273.000000,346488.000000,402.000000,46802469.000000,22.000000
133006862.000000,203.000000,170.000000,352677.000000,335.000000,47155481.000000,20.000000
134006658.000000,201.000000,218.000000,353771.000000,335.000000,47509587.000000,18.000000
135002121.000000,200.000000,254.000000,352124.000000,434.000000,47862145.000000,27.000000
136003646.000000,208.000000,211.000000,348541.000000,357.000000,48211043.000000,26.000000
137001578.000000,171.000000,306.000000,349560.000000,284.000000,48560887.000000,10.000000
138008723.000000,182.000000,225.000000,354660.000000,284.000000,48915831.000000,4.000000
139005642.000000,169.000000,249.000000,349085.000000,258.000000,49265174.000000,7.000000
140000021.000000,168.000000,186.000000,351580.000000,255.000000,49617009.000000,1.000000
141006740.000000,175.000000,263.000000,349032.000000,289.000000,49966330.000000,5.000000
142004951.000000,166.000000,229.000000,351201.000000,311.000000,50317842.000000,5.000000
143007798.000000,201.000000,205.000000,352144.000000,436.000000,50670422.000000,15.000000
144016261.000000,203.000000,218.000000,355626.000000,380.000000,51026428.000000,13.000000
145004889.000000,209.000000,259.000000,348494.000000,413.000000,51375335.000000,15.000000
146001309.000000,198.000000,273.000000,350228.000000,329.000000,51725892.000000,23.000000
147010504.000000,193.000000,245.000000,352897.000000,363.000000,52079152.000000,13.000000
148003208.000000,179.000000,301.000000,346617.000000,282.000000,52426051.000000,9.000000
149007140.000000,174.000000,227.000000,351084.000000,326.000000,52777461.000000,12.000000
150000405.000000,166.000000,301.000000,348681.000000,300.000000,53126442.000000,1.000000
151005608.000000,177.000000,162.000000,353216.000000,271.000000,53479929.000000,7.000000
152033593.000000,188.000000,211.000000,363922.000000,370.000000,53844221.000000,2.000000
153020132.000000,206.000000,201.000000,348052.000000,373.000000,54192646.000000,15.000000
154001393.000000,190.000000,243.000000,346840.000000,324.000000,54539810.000000,19.000000
155001512.000000,192.000000,189.000000,351136.000000,403.000000,54891349.000000,13.000000
156023844.000000,192.000000,171.000000,361484.000000,323.000000,55253156.000000,4.000000
157003393.000000,175.000000,294.000000,342947.000000,354.000000,55596457.000000,3.000000
158010401.000000,231.000000,194.000000,353620.000000,565.000000,55950642.000000,16.000000
159007974.000000,240.000000,180.000000,350984.000000,476.000000,56302102.000000,53.000000
160006763.000000,216.000000,265.000000,350552.000000,345.000000,56652999.000000,38.000000
161008209.000000,191.000000,195.000000,353129.000000,369.000000,57006497.000000,36.000000
162033192.000000,184.000000,171.000000,360230.000000,284.000000,57367011.000000,15.000000
163030441.000000,179.000000,238.000000,346324.000000,249.000000,57713584.000000,5.000000
164018919.000000,162.000000,207.000000,338960.000000,272.000000,58052816.000000,7.000000
165018986.000000,165.000000,182.000000,345653.000000,298.000000,58398767.000000,7.000000
166002844.000000,163.000000,270.000000,345173.000000,316.000000,58744256.000000,5.000000
167007097.000000,177.000000,184.000000,349311.000000,365.000000,59093932.000000,6.000000
168013669.000000,173.000000,244.000000,350781.000000,240.000000,59444953.000000,1.000000
169013610.000000,172.000000,266.000000,349786.000000,316.000000,59795055.000000,4.000000
170006693.000000,169.000000,243.000000,339332.000000,224.000000,60134611.000000,3.000000
171003528.000000,162.000000,225.000000,348342.000000,321.000000,60483274.000000,8.000000
172029836.000000,178.000000,248.000000,360490.000000,347.000000,60844111.000000,8.000000
173002063.000000,171.000000,257.000000,343112.000000,261.000000,61187484.000000,3.000000
174003098.000000,170.000000,238.000000,348707.000000,300.000000,61536491.000000,5.000000
175012112.000000,191.000000,224.000000,355379.000000,334.000000,61892204.000000,10.000000
176011255.000000,203.000000,232.000000,352596.000000,411.000000,62245211.000000,24.000000
177008828.000000,187.000000,236.000000,349782.000000,384.000000,62595377.000000,15.000000
178013572.000000,173.000000,204.000000,350932.000000,327.000000,62946636.000000,6.000000
179009456.000000,189.000000,312.000000,348748.000000,370.000000,63295754.000000,5.000000
180022045.000000,176.000000,230.000000,353422.000000,256.000000,63649432.000000,6.000000
181008149.000000,163.000000,306.000000,346087.000000,271.000000,63995790.000000,2.000000
182021732.000000,181.000000,192.000000,358995.000000,273.000000,64355058.000000,5.000000
183002851.000000,170.000000,267.000000,347758.000000,255.000000,64703071.000000,3.000000
184006094.000000,193.000000,244.000000,350795.000000,360.000000,65054226.000000,4.000000
185004432.000000,200.000000,224.000000,347466.000000,301.000000,65401993.000000,22.000000
186018424.000000,239.000000,246.000000,353197.000000,344.000000,65755534.000000,37.000000
187002302.000000,225.000000,281.000000,345701.000000,322.000000,66101557.000000,59.000000
188005078.000000,197.000000,201.000000,353644.000000,261.000000,66455462.000000,32.000000
189000112.000000,204.000000,227.000000,350501.000000,384.000000,66806347.000000,29.000000
190000879.000000,236.000000,247.000000,354088.000000,319.000000,67160754.000000,26.000000
191008764.000000,239.000000,274.000000,353858.000000,316.000000,67514928.000000,58.000000
192009268.000000,204.000000,240.000000,352180.000000,295.000000,67867403.000000,45.000000
193003233.000000,252.000000,259.000000,350307.000000,335.000000,68218045.000000,50.000000
194012726.000000,251.000000,284.000000,354381.000000,348.000000,68572774.000000,75.000000
195010021.000000,177.000000,308.000000,348152.000000,312.000000,68921238.000000,37.000000
196003644.000000,176.000000,228.000000,349660.000000,274.000000,69271172.000000,11.000000
197001711.000000,178.000000,261.000000,351036.000000,261.000000,69622469.000000,3.000000
198014342.000000,170.000000,228.000000,355211.000000,252.000000,69977932.000000,8.000000
199003071.000000,177.000000,199.000000,346535.000000,372.000000,70324839.000000,6.000000
200001353.000000,184.000000,236.000000,351228.000000,251.000000,70676318.000000,7.000000
201002855.000000,187.000000,240.000000,354260.000000,239.000000,71030817.000000,6.000000
202004253.000000,211.000000,168.000000,354211.000000,294.000000,71385322.000000,23.000000
203002162.000000,218.000000,222.000000,350260.000000,362.000000,71735944.000000,42.000000
204003617.000000,222.000000,332.000000,350706.000000,389.000000,72087039.000000,39.000000
205006134.000000,197.000000,210.000000,355268.000000,354.000000,72442661.000000,31.000000
206000034.000000,15489.000000,34471.000000,297264.000000,33155.000000,72773080.000000,78.000000
207002143.000000,46285.000000,160913.000000,293987.000000,108693.000000,73175760.000000,292.000000
208000181.000000,4919.000000,3313.000000,181072.000000,184190.000000,73541022.000000,4252.000000
209003023.000000,4620.000000,3295.000000,186834.000000,183564.000000,73911420.000000,4051.000000
210000592.000000,14459.000000,40826.000000,215707.000000,155007.000000,74282134.000000,3381.000000
211000088.000000,4942.000000,3584.000000,191468.000000,183374.000000,74656976.000000,4293.000000
212000031.000000,14861.000000,38474.000000,225834.000000,153287.000000,75036097.000000,3806.000000
213003948.000000,4718.000000,4542.000000,207922.000000,181582.000000,75425601.000000,4129.000000
214000193.000000,3593.000000,4775.000000,210458.000000,169325.000000,75805384.000000,3090.000000
215000256.000000,14477.000000,39671.000000,247420.000000,143713.000000,76196517.000000,3522.000000
216001614.000000,4271.000000,6632.000000,234587.000000,168343.000000,76599447.000000,3572.000000
217000091.000000,3749.000000,5758.000000,229891.000000,172586.000000,77001924.000000,3241.000000
218000037.000000,14306.000000,38112.000000,251127.000000,147507.000000,77400558.000000,3457.000000
219000061.000000,3824.000000,6433.000000,229302.000000,175508.000000,77805368.000000,3194.000000
220000014.000000,11336.000000,28935.000000,251652.000000,157310.000000,78214330.000000,3739.000000
221000149.000000,7253.000000,17006.000000,249585.000000,164190.000000,78628105.000000,3451.000000
222000047.000000,3829.000000,6860.000000,244972.000000,169655.000000,79042732.000000,3037.000000
223001057.000000,14590.000000,39533.000000,258993.000000,151946.000000,79453671.000000,4066.000000
224000157.000000,3904.000000,6832.000000,245824.000000,175380.000000,79874875.000000,3366.000000
225000570.000000,3758.000000,6408.000000,250289.000000,177068.000000,80302232.000000,3180.000000
226001728.000000,14701.000000,38389.000000,259769.000000,155369.000000,80717370.000000,4213.000000
227000531.000000,3613.000000,5374.000000,251999.000000,175119.000000,81144488.000000,3109.000000
228000116.000000,3738.000000,6455.000000,259353.000000,176437.000000,81580278.000000,3310.000000
229000466.000000,15200.000000,37870.000000,266640.000000,152836.000000,81999754.000000,4816.000000
230000396.000000,4511.000000,7545.000000,267486.000000,168723.000000,82435963.000000,3893.000000
231000360.000000,4878.000000,7684.000000,261750.000000,170213.000000,82867926.000000,4182.000000
232000141.000000,15193.000000,38612.000000,265815.000000,151774.000000,83285515.000000,4813.000000
233000044.000000,5086.000000,7650.000000,261223.000000,171938.000000,83718676.000000,4575.000000
234001323.000000,4418.000000,7062.000000,262722.000000,169890.000000,84151288.000000,3864.000000
235000578.000000,15737.000000,38754.000000,270938.000000,152549.000000,84574775.000000,5326.000000
236000049.000000,5329.000000,8152.000000,263114.000000,170611.000000,85008500.000000,4611.000000
237000089.000000,3786.000000,6065.000000,261882.000000,170614.000000,85440996.000000,3266.000000
238000372.000000,14521.000000,37169.000000,267377.000000,153772.000000,85862145.000000,4379.000000
239002153.000000,3564.000000,6343.000000,259596.000000,174285.000000,86296026.000000,3067.000000
240000029.000000,8541.000000,18728.000000,262558.000000,165929.000000,86724513.000000,4556.000000
241000245.000000,10892.000000,26288.000000,268790.000000,155351.000000,87148654.000000,3923.000000
242000112.000000,4236.000000,8158.000000,266860.000000,169769.000000,87585283.000000,3646.000000
243000003.000000,14157.000000,34647.000000,269655.000000,155170.000000,88010108.000000,5063.000000
244000402.000000,5626.000000,10699.000000,262386.000000,173249.000000,88445743.000000,4068.000000
245000361.000000,4501.000000,7597.000000,260961.000000,175338.000000,88882042.000000,3850.000000
246002023.000000,15315.000000,36593.000000,265784.000000,158671.000000,89306497.000000,5254.000000
247001179.000000,3827.000000,5983.000000,268808.000000,173547.000000,89748852.000000,3237.000000
248000109.000000,4076.000000,7528.000000,268445.000000,175261.000000,90192558.000000,3464.000000
249000589.000000,16512.000000,37593.000000,279030.000000,157782.000000,90629370.000000,6710.000000
250000939.000000,5070.000000,9526.000000,270113.000000,174818.000000,91074301.000000,4301.000000
251000251.000000,9863.000000,12243.000000,281194.000000,169485.000000,91524980.000000,8884.000000
252000136.000000,16629.000000,37262.000000,279256.000000,157330.000000,91961566.000000,6981.000000
253002518.000000,5318.000000,8338.000000,277181.000000,172921.000000,92411668.000000,4787.000000
254000047.000000,5842.000000,9069.000000,271880.000000,175440.000000,92858988.000000,5240.000000
255000351.000000,16735.000000,37303.000000,273818.000000,161643.000000,93294449.000000,7108.000000
256000014.000000,5651.000000,9741.000000,271013.000000,174519.000000,93739981.000000,4976.000000
257000883.000000,5729.000000,9700.000000,278140.000000,174926.000000,94193047.000000,5070.000000
258000015.000000,17076.000000,37063.000000,275796.000000,162376.000000,94631219.000000,7671.000000
259000004.000000,5587.000000,8442.000000,279177.000000,174998.000000,95085394.000000,4931.000000
260000011.000000,5611.000000,8821.000000,281729.000000,176952.000000,95544075.000000,5012.000000
261000079.000000,15611.000000,33990.000000,272795.000000,165493.000000,95982363.000000,6895.000000
262001114.000000,6995.000000,12338.000000,279335.000000,175133.000000,96436831.000000,5615.000000
263001139.000000,5189.000000,8535.000000,288490.000000,172358.000000,96897679.000000,4668.000000
264000086.000000,10935.000000,24152.000000,283306.000000,163163.000000,97344148.000000,5427.000000
265000003.000000,11606.000000,21835.000000,284559.000000,171519.000000,97800226.000000,7296.000000
266000005.000000,6213.000000,10798.000000,280222.000000,175607.000000,98256055.000000,5373.000000
267000059.000000,7357.000000,13520.000000,284062.000000,173048.000000,98713165.000000,5462.000000
268000017.000000,15207.000000,32063.000000,284912.000000,162170.000000,99160247.000000,7475.000000
269000560.000000,5324.000000,9892.000000,286951.000000,173357.000000,99620555.000000,4667.000000
270001277.000000,5553.000000,9713.000000,293722.000000,171340.000000,100085617.000000,4982.000000
271000070.000000,16866.000000,35181.000000,278511.000000,164722.000000,100528850.000000,8228.000000
272001074.000000,5823.000000,9912.000000,286930.000000,173611.000000,100989391.000000,5261.000000
273000529.000000,5722.000000,9148.000000,295171.000000,168490.000000,101453052.000000,5158.000000
274000059.000000,16802.000000,33744.000000,277238.000000,168447.000000,101898737.000000,8469.000000
275000094.000000,5594.000000,8971.000000,289686.000000,173421.000000,102361844.000000,5067.000000
276000015.000000,5465.000000,9337.000000,293228.000000,172339.000000,102827411.000000,4955.000000
277000361.000000,16882.000000,34152.000000,277496.000000,168030.000000,103272937.000000,8485.000000
278002680.000000,5485.000000,10161.000000,295402.000000,169487.000000,103737826.000000,4846.000000
279001481.000000,5269.000000,9576.000000,296323.000000,169927.000000,104204076.000000,4733.000000
280000391.000000,16571.000000,32535.000000,278626.000000,168030.000000,104650732.000000,8678.000000
281000030.000000,5617.000000,9574.000000,296193.000000,170854.000000,105117779.000000,4984.000000
282000051.000000,5787.000000,9950.000000,292482.000000,170924.000000,105581185.000000,5093.000000
283000084.000000,16605.000000,31644.000000,282380.000000,167989.000000,106031554.000000,9238.000000
284000131.000000,5959.000000,10315.000000,295643.000000,169331.000000,106496528.000000,4996.000000
285000568.000000,5365.000000,8276.000000,289281.000000,178113.000000,106963922.000000,4938.000000
286000002.000000,10407.000000,20358.000000,292649.000000,165292.000000,107421863.000000,5982.000000
287000884.000000,11748.000000,20550.000000,284645.000000,174940.000000,107881448.000000,8124.000000
288001900.000000,6293.000000,10900.000000,292468.000000,173173.000000,108347089.000000,5566.000000
289000086.000000,6012.000000,10794.000000,297347.000000,167014.000000,108811450.000000,5375.000000
290000539.000000,16742.000000,31303.000000,281499.000000,169354.000000,109262303.000000,9456.000000
291000112.000000,5395.000000,9283.000000,294318.000000,170341.000000,109726962.000000,4885.000000
292000243.000000,5814.000000,9805.000000,295197.000000,172593.000000,110194752.000000,5281.000000
293000045.000000,17015.000000,31841.000000,270654.000000,178334.000000,110643740.000000,9932.000000
294001318.000000,6093.000000,10607.000000,293548.000000,173559.000000,111110847.000000,5426.000000
295000099.000000,5362.000000,8856.000000,292842.000000,173715.000000,111577404.000000,4865.000000
296000013.000000,16049.000000,29855.000000,278852.000000,173497.000000,112029753.000000,9371.000000
297001635.000000,5570.000000,9074.000000,295726.000000,174183.000000,112499662.000000,5048.000000
298000324.000000,17977.000000,17197.000000,284083.000000,173642.000000,112957387.000000,16650.000000
299000586.000000,15954.000000,29121.000000,274151.000000,170935.000000,113402473.000000,9326.000000
300000839.000000,5444.000000,8977.000000,293017.000000,172031.000000,113867521.000000,4827.000000
301000021.000000,5316.000000,8594.000000,292377.000000,171971.000000,114331869.000000,4682.000000
302001365.000000,16953.000000,29374.000000,278007.000000,175246.000000,114785122.000000,10271.000000
303000156.000000,5260.000000,8299.000000,292648.000000,172411.000000,115250181.000000,4473.000000
304000452.000000,5276.000000,8682.000000,286838.000000,173772.000000,115710791.000000,4499.000000
305003037.000000,15619.000000,28668.000000,280226.000000,175093.000000,116166110.000000,9184.000000
306001382.000000,10084.000000,11395.000000,295386.000000,172070.000000,116633566.000000,9301.000000
307000005.000000,6840.000000,9568.000000,291304.000000,175779.000000,117100649.000000,6216.000000
308000032.000000,13473.000000,25578.000000,285559.000000,175376.000000,117561584.000000,7829.000000
309000822.000000,10376.000000,14720.000000,288226.000000,178460.000000,118028270.000000,8859.000000
310000026.000000,8361.000000,11716.000000,299749.000000,170650.000000,118498669.000000,7589.000000
311000325.000000,8220.000000,10622.000000,304278.000000,169321.000000,118972268.000000,7513.000000
312000064.000000,16374.000000,28263.000000,284817.000000,172348.000000,119429433.000000,10113.000000
313000806.000000,8494.000000,11214.000000,303921.000000,170614.000000,119903968.000000,7783.000000
314000527.000000,22958.000000,20152.000000,296018.000000,169926.000000,120369912.000000,21592.000000
315002106.000000,18513.000000,30248.000000,279232.000000,175994.000000,120825138.000000,12087.000000
316000033.000000,6059.000000,10605.000000,297074.000000,173160.000000,121295372.000000,5384.000000
317002171.000000,5738.000000,8853.000000,297276.000000,172821.000000,121765469.000000,5136.000000
318000629.000000,14757.000000,27034.000000,276448.000000,178756.000000,122220673.000000,8725.000000
319000083.000000,5240.000000,8271.000000,298887.000000,173959.000000,122693519.000000,4634.000000
320000844.000000,5034.000000,8660.000000,295943.000000,175427.000000,123164889.000000,4488.000000
321002227.000000,14728.000000,26958.000000,284840.000000,176858.000000,123626587.000000,8683.000000
322000670.000000,6758.000000,9076.000000,296148.000000,170286.000000,124093021.000000,6101.000000
323000173.000000,5598.000000,8946.000000,300166.000000,171582.000000,124564769.000000,4968.000000
324000003.000000,12686.000000,23778.000000,287558.000000,172413.000000,125024740.000000,7495.000000
325000009.000000,7941.000000,11758.000000,293938.000000,173012.000000,125491690.000000,6541.000000
326001277.000000,5289.000000,8722.000000,298479.000000,169886.000000,125960055.000000,4631.000000
327000021.000000,7080.000000,13166.000000,301095.000000,169510.000000,126430660.000000,5067.000000
328000448.000000,12547.000000,21385.000000,286846.000000,177122.000000,126894628.000000,8364.000000
329000833.000000,5022.000000,8187.000000,304000.000000,170316.000000,127368944.000000,4590.000000
330000234.000000,5291.000000,9144.000000,305827.000000,171475.000000,127846246.000000,4728.000000
331000053.000000,15321.000000,26450.000000,281720.000000,179455.000000,128307421.000000,9671.000000
332000559.000000,5344.000000,9084.000000,302117.000000,176126.000000,128785664.000000,4717.000000
333000064.000000,5266.000000,9050.000000,306562.000000,174605.000000,129266831.000000,4529.000000
334001175.000000,14582.000000,24052.000000,287807.000000,180529.000000,129735167.000000,9386.000000
335000278.000000,5398.000000,8657.000000,311694.000000,170439.000000,130217300.000000,4797.000000
336001701.000000,5617.000000,9181.000000,310040.000000,170525.000000,130697865.000000,4991.000000
337000129.000000,14704.000000,24663.000000,286823.000000,176834.000000,131161522.000000,9528.000000
338000520.000000,5347.000000,9717.000000,315500.000000,168297.000000,131645319.000000,4655.000000
339000314.000000,5864.000000,9618.000000,318015.000000,165311.000000,132128645.000000,5268.000000
340002540.000000,14437.000000,21787.000000,288390.000000,171410.000000,132588445.000000,9533.000000
341001533.000000,5316.000000,8929.000000,319175.000000,164293.000000,133071913.000000,4703.000000
342000079.000000,6442.000000,10429.000000,313641.000000,166456.000000,133552010.000000,5675.000000
343000002.000000,9766.000000,18938.000000,308276.000000,166640.000000,134026926.000000,6183.000000
344001581.000000,9252.000000,12824.000000,302125.000000,171833.000000,134500884.000000,7541.000000
345002148.000000,4708.000000,8574.000000,319609.000000,163773.000000,134984266.000000,4320.000000
346001521.000000,6233.000000,9110.000000,317694.000000,167824.000000,135469784.000000,5615.000000
347000317.000000,14239.000000,22597.000000,294100.000000,174849.000000,135938733.000000,9518.000000
348000070.000000,5375.000000,10257.000000,315045.000000,166732.000000,136420510.000000,4693.000000
349003461.000000,6124.000000,9441.000000,322380.000000,162188.000000,136905078.000000,5446.000000
350001454.000000,15441.000000,21964.000000,288052.000000,173972.000000,137367102.000000,10803.000000
351000123.000000,5416.000000,8399.000000,315731.000000,160698.000000,137843531.000000,4869.000000
352000020.000000,4853.000000,8306.000000,317277.000000,165189.000000,138325997.000000,4318.000000
353000059.000000,13041.000000,20780.000000,295369.000000,176037.000000,138797403.000000,9134.000000
354000274.000000,6837.000000,11664.000000,310812.000000,168030.000000,139276245.000000,5563.000000
355000197.000000,4696.000000,7784.000000,313960.000000,159363.000000,139749568.000000,4176.000000
356000216.000000,4923.000000,8621.000000,319813.000000,163296.000000,140232677.000000,4300.000000
357000266.000000,15091.000000,22359.000000,294428.000000,175565.000000,140702670.000000,10568.000000
358001672.000000,8276.000000,11038.000000,317355.000000,167920.000000,141187945.000000,7532.000000
359000034.000000,7049.000000,11763.000000,312463.000000,171848.000000,141672256.000000,6293.000000
360000114.000000,15336.000000,23332.000000,293079.000000,180391.000000,142145726.000000,10898.000000
361000057.000000,8033.000000,11462.000000,322885.000000,159924.000000,142628535.000000,7303.000000
362002687.000000,5292.000000,9100.000000,322367.000000,164568.000000,143115470.000000,4762.000000
363000031.000000,12296.000000,19390.000000,306656.000000,170460.000000,143592586.000000,8670.000000
364000105.000000,8756.000000,12634.000000,309521.000000,174272.000000,144076379.000000,7434.000000
365000179.000000,5217.000000,8905.000000,317390.000000,165889.000000,144559658.000000,4535.000000
366000955.000000,5188.000000,8448.000000,323479.000000,161071.000000,145044208.000000,4574.000000
367002739.000000,13917.000000,20786.000000,296746.000000,178095.000000,145519049.000000,9947.000000
368000123.000000,6015.000000,8778.000000,321025.000000,163915.000000,146003989.000000,5434.000000
369000627.000000,4713.000000,8217.000000,322604.000000,167644.000000,146494237.000000,4105.000000
370001004.000000,13812.000000,20634.000000,292267.000000,183736.000000,146970240.000000,9761.000000
371000072.000000,14507.000000,15297.000000,318107.000000,165062.000000,147453409.000000,13436.000000
372001119.000000,11496.000000,13674.000000,325862.000000,162773.000000,147942044.000000,10673.000000
373000060.000000,11578.000000,17748.000000,301860.000000,168342.000000,148412246.000000,8334.000000
374000009.000000,7319.000000,9684.000000,300533.000000,166171.000000,148878950.000000,6027.000000
375000601.000000,4185.000000,6529.000000,306724.000000,160817.000000,149346491.000000,3688.000000
376000182.000000,5180.000000,7890.000000,309384.000000,164399.000000,149820274.000000,4530.000000
377000084.000000,13280.000000,18564.000000,285982.000000,176209.000000,150282465.000000,9517.000000
378000010.000000,13777.000000,14381.000000,314561.000000,162743.000000,150759769.000000,12778.000000
379000623.000000,4754.000000,8328.000000,332565.000000,158180.000000,151250514.000000,4272.000000
380003041.000000,14528.000000,20512.000000,303916.000000,173855.000000,151728285.000000,10777.000000
381002598.000000,12696.000000,13414.000000,316466.000000,166810.000000,152211561.000000,11757.000000
382000017.000000,4512.000000,7628.000000,312387.000000,166222.000000,152690170.000000,3899.000000
383000020.000000,8900.000000,11710.000000,299668.000000,173751.000000,153163589.000000,7138.000000
384000195.000000,19202.000000,23152.000000,308387.000000,171280.000000,153643256.000000,16314.000000
385002850.000000,13652.000000,15233.000000,316690.000000,166429.000000,154126375.000000,12613.000000
386002334.000000,5718.000000,9510.000000,315532.000000,167581.000000,154609488.000000,5007.000000
387000183.000000,14430.000000,20012.000000,288524.000000,188032.000000,155086044.000000,10857.000000
388000118.000000,22333.000000,21475.000000,304799.000000,172298.000000,155563141.000000,20843.000000
389000010.000000,15090.000000,17113.000000,320138.000000,162612.000000,156045891.000000,13787.000000
390002487.000000,11942.000000,13827.000000,314145.000000,163412.000000,156523448.000000,11139.000000
391000412.000000,13527.000000,19397.000000,298177.000000,177426.000000,156999051.000000,10193.000000
392000033.000000,5526.000000,9127.000000,324203.000000,166025.000000,157489279.000000,4783.000000
393000528.000000,5385.000000,9923.000000,328289.000000,165584.000000,157983152.000000,4688.000000
394002303.000000,14328.000000,20242.000000,295070.000000,185457.000000,158463679.000000,10959.000000
395000536.000000,5107.000000,10439.000000,322733.000000,166813.000000,158953225.000000,4296.000000
396000002.000000,20167.000000,19952.000000,311041.000000,166571.000000,159430837.000000,18564.000000
397000186.000000,9021.000000,11303.000000,321277.000000,160368.000000,159912482.000000,8403.000000
398000420.000000,13614.000000,18263.000000,293588.000000,184839.000000,160390909.000000,10420.000000
399000269.000000,5184.000000,9781.000000,325251.000000,164741.000000,160880901.000000,4284.000000
400000303.000000,5165.000000,10052.000000,321972.000000,168919.000000,161371792.000000,4282.000000
401000474.000000,23069.000000,25013.000000,288360.000000,187632.000000,161847784.000000,19638.000000
402000633.000000,12726.000000,14162.000000,323239.000000,160337.000000,162331360.000000,11743.000000
403000254.000000,4880.000000,8463.000000,327006.000000,162133.000000,162820499.000000,4350.000000
404000079.000000,11740.000000,15527.000000,300076.000000,185273.000000,163305848.000000,9527.000000
405000171.000000,7032.000000,11350.000000,316559.000000,173377.000000,163795784.000000,5763.000000
406000010.000000,5495.000000,10452.000000,326885.000000,165225.000000,164287894.000000,4826.000000
407000937.000000,5521.000000,10161.000000,325394.000000,166946.000000,164780234.000000,4808.000000
408000373.000000,12914.000000,17321.000000,297051.000000,181373.000000,165258658.000000,10310.000000
409000004.000000,16709.000000,16719.000000,320683.000000,163192.000000,165742533.000000,15529.000000
410002690.000000,13720.000000,14652.000000,318913.000000,165377.000000,166226823.000000,12861.000000
411000198.000000,12803.000000,17598.000000,299942.000000,182302.000000,166709067.000000,10099.000000
412000419.000000,14956.000000,16798.000000,323749.000000,164714.000000,167197530.000000,13800.000000
413000028.000000,13549.000000,15810.000000,322814.000000,167113.000000,167687457.000000,12553.000000
414000054.000000,4826.000000,8302.000000,331002.000000,162186.000000,168180645.000000,4374.000000
415000045.000000,12425.000000,16131.000000,305441.000000,180155.000000,168666241.000000,9861.000000
416000007.000000,15905.000000,16281.000000,318512.000000,170882.000000,169155635.000000,14668.000000
417000890.000000,7505.000000,11535.000000,335943.000000,162238.000000,169653816.000000,6905.000000
418000048.000000,22059.000000,23621.000000,297305.000000,180860.000000,170131981.000000,19557.000000
419000178.000000,18550.000000,20971.000000,314445.000000,172549.000000,170618975.000000,16698.000000
420000099.000000,5850.000000,9945.000000,339111.000000,154711.000000,171112797.000000,5260.000000
421000465.000000,23292.000000,20752.000000,315622.000000,167461.000000,171595880.000000,21910.000000
422001881.000000,13128.000000,16106.000000,309507.000000,177976.000000,172083363.000000,10664.000000
423001066.000000,15428.000000,16586.000000,317180.000000,165687.000000,172566230.000000,14234.000000
424000313.000000,7962.000000,11950.000000,327836.000000,164693.000000,173058759.000000,7094.000000
425000424.000000,5246.000000,9687.000000,333475.000000,163340.000000,173555574.000000,4594.000000
426000718.000000,24629.000000,24945.000000,291220.000000,184859.000000,174031653.000000,21635.000000
427000008.000000,14617.000000,16210.000000,322771.000000,160490.000000,174514914.000000,13721.000000
428000016.000000,5879.000000,10430.000000,329040.000000,163266.000000,175007220.000000,5264.000000
429000043.000000,11303.000000,13134.000000,304888.000000,184975.000000,175497083.000000,10006.000000
430000805.000000,9188.000000,15562.000000,321307.000000,169507.000000,175987897.000000,7233.000000
431000963.000000,6369.000000,11222.000000,331722.000000,161468.000000,176481087.000000,5715.000000
432000847.000000,16937.000000,17914.000000,322461.000000,162674.000000,176966222.000000,15772.000000
433000813.000000,22492.000000,23000.000000,294320.000000,184753.000000,177445295.000000,19833.000000
434000447.000000,16648.000000,17454.000000,324695.000000,163570.000000,177933560.000000,15528.000000
435000221.000000,27048.000000,23854.000000,313604.000000,165464.000000,178412628.000000,25467.000000
436000102.000000,6580.000000,11080.000000,337766.000000,159796.000000,178910190.000000,5844.000000
437000315.000000,13212.000000,18068.000000,310492.000000,180238.000000,179400920.000000,10900.000000
438000228.000000,15341.000000,17690.000000,324736.000000,163907.000000,179889563.000000,14205.000000
439000139.000000,16443.000000,17748.000000,322323.000000,163854.000000,180375740.000000,15333.000000
440000311.000000,14502.000000,15670.000000,327300.000000,163865.000000,180866905.000000,13628.000000
441000158.000000,24093.000000,23636.000000,292538.000000,182808.000000,181342251.000000,21356.000000
442000463.000000,6669.000000,10356.000000,338112.000000,162293.000000,181842656.000000,6031.000000
443000032.000000,15746.000000,17182.000000,322830.000000,162207.000000,182327693.000000,14554.000000
444000094.000000,10651.000000,16489.000000,312785.000000,164234.000000,182804712.000000,8762.000000
445002413.000000,11819.000000,12560.000000,297980.000000,184379.000000,183287071.000000,10937.000000
446000565.000000,7073.000000,10356.000000,323837.000000,159067.000000,183769975.000000,6564.000000
447000191.000000,7286.000000,9421.000000,323061.000000,161117.000000,184254153.000000,6736.000000
448000624.000000,14004.000000,15728.000000,295805.000000,185422.000000,184735380.000000,12145.000000
449000776.000000,7287.000000,10044.000000,320321.000000,166668.000000,185222369.000000,6692.000000
450003345.000000,7250.000000,11204.000000,326243.000000,165785.000000,185714397.000000,6630.000000
451000025.000000,7225.000000,10988.000000,323750.000000,164566.000000,186202713.000000,6621.000000
452000842.000000,13716.000000,15487.000000,300344.000000,184449.000000,186687506.000000,12042.000000
453000344.000000,7022.000000,9941.000000,328615.000000,163135.000000,187179256.000000,6571.000000
454000074.000000,7503.000000,11078.000000,328843.000000,165771.000000,187673870.000000,6988.000000
455002576.000000,14001.000000,16087.000000,300116.000000,192164.000000,188166150.000000,12340.000000
456000001.000000,7378.000000,11465.000000,327243.000000,166449.000000,188659842.000000,6845.000000
457000032.000000,7163.000000,11353.000000,326420.000000,162147.000000,189148409.000000,6603.000000
458000220.000000,6940.000000,10304.000000,328023.000000,157682.000000,189634114.000000,6488.000000
459000165.000000,13507.000000,14084.000000,300563.000000,187218.000000,190121895.000000,12087.000000
460000742.000000,7108.000000,9723.000000,326678.000000,164848.000000,190613421.000000,6632.000000
461000031.000000,7674.000000,11113.000000,321916.000000,165770.000000,191101107.000000,7035.000000
462001834.000000,22857.000000,21781.000000,288581.000000,190133.000000,191579821.000000,21077.000000
463000202.000000,15300.000000,15573.000000,321705.000000,158761.000000,192060287.000000,14165.000000
464000459.000000,4844.000000,8274.000000,332815.000000,153556.000000,192546658.000000,4382.000000
465000019.000000,26524.000000,22801.000000,309877.000000,164213.000000,193020748.000000,24882.000000
466000012.000000,12700.000000,13354.000000,304306.000000,184843.000000,193509897.000000,11395.000000
467002421.000000,18830.000000,18670.000000,311567.000000,166012.000000,193987476.000000,17595.000000
468000114.000000,29159.000000,26437.000000,303665.000000,171188.000000,194462329.000000,27270.000000
469000018.000000,5049.000000,9279.000000,344904.000000,155459.000000,194962692.000000,4538.000000
470000104.000000,13374.000000,14756.000000,308885.000000,180378.000000,195451955.000000,12112.000000
471000005.000000,6117.000000,9910.000000,343876.000000,152024.000000,195947855.000000,5520.000000
472000067.000000,8901.000000,11364.000000,339346.000000,159486.000000,196446687.000000,8214.000000
473000043.000000,9618.000000,11891.000000,331982.000000,161557.000000,196940226.000000,8671.000000
474000333.000000,14776.000000,15894.000000,308427.000000,184709.000000,197433362.000000,13537.000000
475000033.000000,10039.000000,14607.000000,338957.000000,160941.000000,197933260.000000,9040.000000
476000804.000000,6964.000000,11732.000000,338141.000000,155415.000000,198426816.000000,6233.000000
477000097.000000,27871.000000,26171.000000,309220.000000,167177.000000,198903213.000000,26095.000000
478000003.000000,12359.000000,15531.000000,313089.000000,177275.000000,199393577.000000,10972.000000
479000040.000000,22421.000000,21491.000000,320109.000000,164821.000000,199878507.000000,20939.000000
480001848.000000,9268.000000,12877.000000,334886.000000,162345.000000,200375738.000000,8272.000000
481000638.000000,12454.000000,14924.000000,310568.000000,187706.000000,200874012.000000,11157.000000
482000592.000000,10118.000000,14713.000000,336448.000000,156881.000000,201367341.000000,9039.000000
483000276.000000,8632.000000,13880.000000,337356.000000,160079.000000,201864776.000000,7807.000000
484000315.000000,19347.000000,20384.000000,322525.000000,166378.000000,202353679.000000,18123.000000
485000022.000000,22513.000000,22278.000000,295391.000000,190179.000000,202839249.000000,20715.000000
486000939.000000,23930.000000,22248.000000,313010.000000,170789.000000,203323048.000000,22554.000000
487001430.000000,17554.000000,17936.000000,322790.000000,166206.000000,203812044.000000,16301.000000
488000591.000000,8666.000000,13981.000000,334405.000000,163883.000000,204310332.000000,7743.000000
489000050.000000,19480.000000,19510.000000,304720.000000,185242.000000,204800294.000000,17963.000000
490000413.000000,11409.000000,15919.000000,332536.000000,163000.000000,205295830.000000,10222.000000
491000010.000000,7297.000000,13097.000000,339555.000000,158961.000000,205794346.000000,6566.000000
492000014.000000,15023.000000,16992.000000,326266.000000,167412.000000,206288024.000000,13713.000000
493000012.000000,15870.000000,16429.000000,304203.000000,191225.000000,206783452.000000,14715.000000
494000138.000000,17644.000000,19201.000000,320669.000000,170921.000000,207275042.000000,16427.000000
495002245.000000,14544.000000,16541.000000,330656.000000,161824.000000,207767522.000000,13499.000000
496000086.000000,7710.000000,12805.000000,338757.000000,158876.000000,208265155.000000,6987.000000
497000774.000000,23023.000000,21795.000000,295971.000000,189936.000000,208751062.000000,21225.000000
498004280.000000,7496.000000,11748.000000,342434.000000,155736.000000,209249232.000000,6822.000000
499000016.000000,23852.000000,23347.000000,305035.000000,174718.000000,209728985.000000,22134.000000
500000511.000000,18280.000000,20516.000000,319922.000000,173247.000000,210222154.000000,17244.000000
501000298.000000,24433.000000,23396.000000,290421.000000,197329.000000,210709904.000000,22542.000000
502001500.000000,8519.000000,13366.000000,339347.000000,167429.000000,211216680.000000,7722.000000
503000682.000000,17674.000000,20585.000000,321794.000000,168735.000000,211707209.000000,16385.000000
504000129.000000,7990.000000,11809.000000,341014.000000,159752.000000,212207975.000000,7272.000000
505000043.000000,11508.000000,12057.000000,311111.000000,186888.000000,212705974.000000,10404.000000
506001313.000000,8253.000000,11847.000000,336331.000000,165649.000000,213207954.000000,7516.000000
507000011.000000,10746.000000,15069.000000,329958.000000,168612.000000,213706524.000000,9825.000000
508000085.000000,9347.000000,12666.000000,327130.000000,178353.000000,214212007.000000,8493.000000
509000717.000000,11676.000000,14339.000000,324036.000000,169505.000000,214705548.000000,10549.000000
510000868.000000,6141.000000,10624.000000,340220.000000,162019.000000,215207787.000000,5537.000000
511000542.000000,10792.000000,12794.000000,334346.000000,162815.000000,215704948.000000,9931.000000
512000054.000000,14754.000000,14889.000000,305872.000000,185561.000000,216196381.000000,13347.000000
513000195.000000,15486.000000,19247.000000,322247.000000,170945.000000,216689573.000000,14344.000000
514000259.000000,8741.000000,13144.000000,335807.000000,166756.000000,217192136.000000,7911.000000
515000317.000000,14758.000000,15972.000000,327815.000000,163314.000000,217683265.000000,13760.000000
516000013.000000,22698.000000,21117.000000,298289.000000,187925.000000,218169479.000000,20994.000000
517000333.000000,6503.000000,10549.000000,342373.000000,158884.000000,218670736.000000,5880.000000
518000088.000000,8522.000000,11333.000000,339104.000000,158917.000000,219168757.000000,7725.000000
519000048.000000,9990.000000,12773.000000,324772.000000,179153.000000,219672682.000000,9141.000000
520000036.000000,8798.000000,13203.000000,329712.000000,175669.000000,220178063.000000,7823.000000
521000255.000000,5986.000000,11031.000000,340747.000000,160492.000000,220679302.000000,5369.000000
522000667.000000,10754.000000,13844.000000,335841.000000,162982.000000,221178125.000000,9838.000000
523000040.000000,15522.000000,16219.000000,310266.000000,186943.000000,221675334.000000,14155.000000
524000092.000000,14167.000000,15854.000000,325908.000000,163850.000000,222165092.000000,13071.000000
525000655.000000,23164.000000,21967.000000,307450.000000,171958.000000,222644500.000000,21692.000000
526001933.000000,5683.000000,10510.000000,340499.000000,164778.000000,223149777.000000,4996.000000
527000014.000000,22293.000000,21571.000000,296873.000000,189913.000000,223636563.000000,20428.000000
528001983.000000,13371.000000,16528.000000,328461.000000,165354.000000,224130378.000000,12325.000000
529000369.000000,15574.000000,16725.000000,317271.000000,169788.000000,224617437.000000,14436.000000
530000006.000000,6471.000000,9763.000000,343557.000000,159250.000000,225120244.000000,5851.000000
531000259.000000,12217.000000,13556.000000,316731.000000,185643.000000,225622618.000000,11081.000000
532000052.000000,8530.000000,12782.000000,339440.000000,164228.000000,226126286.000000,7696.000000
533000718.000000,5147.000000,10858.000000,346304.000000,158114.000000,226630704.000000,4559.000000
534002060.000000,12501.000000,15323.000000,313735.000000,186485.000000,227130924.000000,11170.000000
535000271.000000,5211.000000,9772.000000,343282.000000,158260.000000,227632466.000000,4622.000000
536002777.000000,15007.000000,16205.000000,331464.000000,160918.000000,228124848.000000,13862.000000
537000057.000000,5640.000000,8827.000000,334645.000000,165551.000000,228625044.000000,4907.000000
538000064.000000,12350.000000,13526.000000,308531.000000,189788.000000,229123363.000000,11154.000000
539001145.000000,15014.000000,17781.000000,323537.000000,170157.000000,229617057.000000,13787.000000
540000355.000000,7734.000000,12486.000000,340966.000000,161668.000000,230119691.000000,6993.000000
541000051.000000,16129.000000,16398.000000,307541.000000,187973.000000,230615205.000000,14644.000000
542000133.000000,7267.000000,10998.000000,338774.000000,165247.000000,231119226.000000,6605.000000
543000090.000000,6578.000000,11587.000000,344924.000000,160928.000000,231625078.000000,5776.000000
544000081.000000,6647.000000,11305.000000,339463.000000,163359.000000,232127900.000000,5664.000000
545000995.000000,11266.000000,13272.000000,317945.000000,181904.000000,232627749.000000,10176.000000
546001819.000000,7007.000000,11215.000000,344196.000000,158862.000000,233130807.000000,6214.000000
547001293.000000,6222.000000,10032.000000,346155.000000,160895.000000,233637857.000000,5642.000000
548002500.000000,13813.000000,13992.000000,313092.000000,188713.000000,234139662.000000,12572.000000
549001310.000000,10616.000000,13436.000000,336376.000000,166690.000000,234642728.000000,9631.000000
550000277.000000,11104.000000,14881.000000,336953.000000,164245.000000,235143926.000000,10030.000000
551000045.000000,8376.000000,13415.000000,339949.000000,164080.000000,235647955.000000,7417.000000
552000557.000000,11825.000000,14210.000000,318479.000000,184901.000000,236151335.000000,10831.000000
553000584.000000,7551.000000,11946.000000,339929.000000,164313.000000,236655577.000000,6837.000000
554000222.000000,13410.000000,15875.000000,333872.000000,170921.000000,237160370.000000,12291.000000
555000013.000000,13865.000000,15152.000000,311107.000000,189481.000000,237660958.000000,12607.000000
556000982.000000,9730.000000,13774.000000,337713.000000,169791.000000,238168462.000000,8758.000000
557000768.000000,13354.000000,17255.000000,334272.000000,172393.000000,238675127.000000,12149.000000
558000687.000000,10403.000000,15358.000000,338491.000000,170878.000000,239184496.000000,9445.000000
559000803.000000,13642.000000,15784.000000,315540.000000,189863.000000,239689899.000000,12430.000000
560000001.000000,14712.000000,15502.000000,333453.000000,164145.000000,240187497.000000,13340.000000
561000006.000000,8896.000000,11764.000000,332709.000000,163521.000000,240683727.000000,8164.000000
562000084.000000,22833.000000,21981.000000,301579.000000,193392.000000,241178698.000000,21141.000000
563001572.000000,5534.000000,11060.000000,344892.000000,156710.000000,241680300.000000,4905.000000
564001478.000000,5068.000000,10142.000000,343618.000000,159494.000000,242183412.000000,4521.000000
565000023.000000,7557.000000,11347.000000,333500.000000,170839.000000,242687751.000000,6707.000000
566001069.000000,9244.000000,10952.000000,330689.000000,175464.000000,243193904.000000,8486.000000
567000867.000000,9466.000000,12644.000000,339063.000000,168317.000000,243701284.000000,8557.000000
568000141.000000,6611.000000,11163.000000,342021.000000,163491.000000,244206796.000000,5802.000000
569001811.000000,13331.000000,15494.000000,318577.000000,187487.000000,244712860.000000,12109.000000
570000727.000000,6419.000000,11381.000000,344467.000000,163297.000000,245220624.000000,5764.000000
571000057.000000,12486.000000,15729.000000,336253.000000,165167.000000,245722044.000000,11392.000000
572000958.000000,13086.000000,15072.000000,318692.000000,186835.000000,246227571.000000,11912.000000
573001323.000000,7775.000000,11482.000000,341700.000000,164693.000000,246733964.000000,7003.000000
574001346.000000,7150.000000,12165.000000,341785.000000,167299.000000,247243048.000000,6310.000000
575000586.000000,6934.000000,11546.000000,341903.000000,161234.000000,247746185.000000,6164.000000
576002730.000000,14315.000000,15801.000000,317385.000000,183836.000000,248247406.000000,13089.000000
577002161.000000,6775.000000,10905.000000,344945.000000,161654.000000,248754005.000000,6141.000000
578000225.000000,6178.000000,9824.000000,343896.000000,162781.000000,249260682.000000,5472.000000
579000319.000000,13501.000000,15316.000000,318597.000000,188902.000000,249768181.000000,12335.000000
580000096.000000,9335.000000,13857.000000,341594.000000,165967.000000,250275742.000000,8317.000000
581000897.000000,6327.000000,11425.000000,345337.000000,162226.000000,250783305.000000,5630.000000
582000051.000000,7062.000000,11211.000000,340600.000000,167299.000000,251291204.000000,6416.000000
583001515.000000,16168.000000,16726.000000,314013.000000,193330.000000,251798547.000000,14890.000000
584000045.000000,6259.000000,9492.000000,343289.000000,168283.000000,252310119.000000,5669.000000
585000131.000000,6294.000000,10375.000000,344200.000000,166923.000000,252821242.000000,5607.000000
586000118.000000,12325.000000,14033.000000,316439.000000,193185.000000,253330866.000000,11168.000000
587000006.000000,7688.000000,12069.000000,342095.000000,166176.000000,253839137.000000,6920.000000
588003102.000000,6524.000000,10756.000000,341349.000000,166773.000000,254347259.000000,5903.000000
589000092.000000,15805.000000,15892.000000,315339.000000,188365.000000,254850963.000000,14486.000000
590000239.000000,6040.000000,10313.000000,341415.000000,161400.000000,255353778.000000,5384.000000
591000102.000000,13168.000000,16203.000000,331251.000000,165970.000000,255850999.000000,11944.000000
592000028.000000,5802.000000,10318.000000,343468.000000,163119.000000,256357586.000000,5151.000000
593000061.000000,11841.000000,14097.000000,318120.000000,183037.000000,256858743.000000,10687.000000
594001471.000000,8542.000000,12839.000000,341780.000000,164817.000000,257365340.000000,7789.000000
595000221.000000,6338.000000,10770.000000,342817.000000,165562.000000,257873719.000000,5658.000000
596000222.000000,14099.000000,14249.000000,315375.000000,186919.000000,258376013.000000,12866.000000
597000007.000000,14633.000000,17523.000000,329839.000000,168003.000000,258873855.000000,13094.000000
598001273.000000,10112.000000,15439.000000,341413.000000,171774.000000,259387042.000000,9153.000000
599000502.000000,7051.000000,12177.000000,342277.000000,163144.000000,259892463.000000,6392.000000
600001980.000000,15111.000000,15951.000000,318424.000000,186186.000000,260397073.000000,13861.000000
601001944.000000,6769.000000,10493.000000,343770.000000,167437.000000,260908280.000000,6002.000000
602000014.000000,7460.000000,11664.000000,340298.000000,168265.000000,261416843.000000,6641.000000
603000157.000000,16093.000000,17469.000000,317911.000000,190108.000000,261924862.000000,14621.000000
604000944.000000,7365.000000,12105.000000,339571.000000,169801.000000,262434234.000000,6502.000000
605000024.000000,6223.000000,11152.000000,343967.000000,163207.000000,262941408.000000,5531.000000
606000464.000000,12907.000000,14411.000000,320052.000000,187193.000000,263448653.000000,11796.000000
607000240.000000,5905.000000,10299.000000,341011.000000,168155.000000,263957819.000000,5254.000000
608000945.000000,6165.000000,10464.000000,342954.000000,166149.000000,264466922.000000,5498.000000
609000077.000000,7290.000000,12607.000000,342667.000000,166943.000000,264976532.000000,6345.000000
610000736.000000,26666.000000,24274.000000,300620.000000,193312.000000,265470464.000000,24489.000000
611000140.000000,5040.000000,9724.000000,341042.000000,158973.000000,265970479.000000,4524.000000
612000013.000000,5111.000000,9071.000000,339478.000000,169243.000000,266479200.000000,4601.000000
613000471.000000,12555.000000,13207.000000,314569.000000,187339.000000,266981108.000000,11429.000000
614000011.000000,13910.000000,14939.000000,328506.000000,170942.000000,267480556.000000,12582.000000
615001215.000000,7753.000000,12357.000000,342240.000000,164252.000000,267987048.000000,7188.000000
616000023.000000,17739.000000,18323.000000,317856.000000,175546.000000,268480450.000000,16251.000000
617000034.000000,8511.000000,11205.000000,326937.000000,175973.000000,268983360.000000,7755.000000
618000441.000000,16421.000000,18139.000000,331551.000000,165431.000000,269480342.000000,15104.000000
619001514.000000,16798.000000,18571.000000,328221.000000,167132.000000,269975695.000000,15332.000000
620000484.000000,24375.000000,22773.000000,302460.000000,192106.000000,270470261.000000,22517.000000
621000313.000000,5649.000000,10470.000000,344686.000000,163952.000000,270978899.000000,4916.000000
622000130.000000,5633.000000,10355.000000,342847.000000,166845.000000,271488591.000000,4933.000000
623000029.000000,12228.000000,14174.000000,330279.000000,176121.000000,271994991.000000,10980.000000
624000219.000000,8206.000000,11178.000000,332888.000000,173822.000000,272501701.000000,7460.000000
625000111.000000,5867.000000,9829.000000,339469.000000,170990.000000,273012160.000000,5245.000000
626000043.000000,9563.000000,12290.000000,339914.000000,166843.000000,273518917.000000,8588.000000
627000198.000000,15414.000000,16790.000000,317946.000000,186432.000000,274023295.000000,13963.000000
628002207.000000,5385.000000,10526.000000,348201.000000,166308.000000,274537804.000000,4806.000000
629000553.000000,5572.000000,9813.000000,344280.000000,163697.000000,275045781.000000,5001.000000
630000016.000000,14553.000000,15486.000000,313187.000000,194624.000000,275553592.000000,13259.000000
631000112.000000,6954.000000,10938.000000,336520.000000,168422.000000,276058534.000000,6224.000000
632000325.000000,6967.000000,11654.000000,341939.000000,167121.000000,276567594.000000,6226.000000
633000019.000000,13041.000000,15340.000000,322609.000000,183878.000000,277074081.000000,11691.000000
634000029.000000,9553.000000,12839.000000,335326.000000,169663.000000,277579070.000000,8444.000000
635000009.000000,6873.000000,10935.000000,339148.000000,161733.000000,278079951.000000,6308.000000
636000114.000000,5281.000000,9424.000000,341854.000000,164943.000000,278586748.000000,4667.000000
637000712.000000,11534.000000,13455.000000,322502.000000,184874.000000,279094124.000000,10357.000000
638001107.000000,4845.000000,9433.000000,344066.000000,165325.000000,279603515.000000,4217.000000
639000856.000000,7160.000000,11408.000000,341488.000000,166376.000000,280111379.000000,6439.000000
640000789.000000,13421.000000,15845.000000,320889.000000,189915.000000,280622183.000000,12144.000000
641000387.000000,5171.000000,9849.000000,344362.000000,162199.000000,281128744.000000,4571.000000
642003141.000000,5633.000000,9941.000000,341001.000000,167984.000000,281637729.000000,4991.000000
643000392.000000,14287.000000,15874.000000,317892.000000,187667.000000,282143288.000000,12866.000000
644000013.000000,6000.000000,11085.000000,341547.000000,169159.000000,282653994.000000,5246.000000
645000004.000000,5808.000000,10293.000000,341718.000000,169926.000000,283165638.000000,5143.000000
646000004.000000,13041.000000,14018.000000,325526.000000,185743.000000,283676907.000000,11782.000000
647000112.000000,6149.000000,9495.000000,341958.000000,170420.000000,284189285.000000,5526.000000
648000080.000000,7619.000000,11746.000000,340839.000000,168346.000000,284698470.000000,6794.000000
649000588.000000,5515.000000,10685.000000,351139.000000,159201.000000,285208810.000000,4801.000000
650000043.000000,12427.000000,13898.000000,320371.000000,190913.000000,285720094.000000,11147.000000
651000027.000000,8192.000000,11411.000000,340129.000000,165676.000000,286225899.000000,7416.000000
652000136.000000,7936.000000,10987.000000,344319.000000,166296.000000,286736514.000000,7126.000000
653000237.000000,16431.000000,15558.000000,316040.000000,191521.000000,287244075.000000,14985.000000
654000598.000000,11378.000000,14535.000000,339829.000000,164027.000000,287747931.000000,10276.000000
655000198.000000,5826.000000,10368.000000,341832.000000,166657.000000,288256420.000000,5048.000000
656000102.000000,11664.000000,13086.000000,319585.000000,189175.000000,288765180.000000,10519.000000
657002517.000000,4219.000000,8310.000000,348698.000000,161137.000000,289275015.000000,3671.000000
658000529.000000,6261.000000,10052.000000,343573.000000,164229.000000,289782817.000000,5553.000000
659000071.000000,8413.000000,10797.000000,332601.000000,174126.000000,290289544.000000,7564.000000
660000622.000000,9404.000000,12813.000000,332994.000000,174757.000000,290797295.000000,8489.000000
661001134.000000,5196.000000,9294.000000,343027.000000,163993.000000,291304315.000000,4608.000000
662000127.000000,6089.000000,10071.000000,343486.000000,165482.000000,291813283.000000,5366.000000
663002887.000000,12618.000000,12963.000000,323991.000000,189181.000000,292326455.000000,11491.000000
664001071.000000,6960.000000,9879.000000,341111.000000,168122.000000,292835688.000000,6301.000000
665000293.000000,8464.000000,12399.000000,338965.000000,167422.000000,293342075.000000,7634.000000
666000940.000000,12770.000000,14764.000000,321641.000000,186863.000000,293850579.000000,11486.000000
667001573.000000,9319.000000,13874.000000,340724.000000,169419.000000,294360722.000000,8329.000000
668001845.000000,5179.000000,9938.000000,342085.000000,167886.000000,294870693.000000,4591.000000
669001594.000000,13578.000000,13272.000000,321627.000000,190072.000000,295382392.000000,12375.000000
670000823.000000,4451.000000,8529.000000,343974.000000,164933.000000,295891299.000000,3910.000000
671003048.000000,5462.000000,9674.000000,342903.000000,168507.000000,296402709.000000,4808.000000
672000030.000000,10214.000000,12264.000000,325519.000000,181276.000000,296909504.000000,9139.000000
673000193.000000,9278.000000,12836.000000,336470.000000,172529.000000,297418503.000000,8443.000000
674000021.000000,6717.000000,9758.000000,340142.000000,172031.000000,297930676.000000,6084.000000
675000044.000000,6870.000000,10400.000000,340124.000000,170628.000000,298441428.000000,6179.000000
676000047.000000,18930.000000,18171.000000,315116.000000,188833.000000,298945377.000000,17173.000000
677000220.000000,10139.000000,14152.000000,338647.000000,168135.000000,299452159.000000,9064.000000
678002279.000000,5327.000000,10084.000000,342366.000000,170850.000000,299965375.000000,4722.000000
679001545.000000,11345.000000,11904.000000,321429.000000,191329.000000,300478133.000000,10282.000000
680001384.000000,5259.000000,8927.000000,344236.000000,166414.000000,300988783.000000,4590.000000
681000025.000000,4278.000000,8903.000000,345432.000000,164977.000000,301499192.000000,3619.000000
682000023.000000,12925.000000,14202.000000,323805.000000,187375.000000,302010372.000000,11586.000000
683000058.000000,4689.000000,9838.000000,341681.000000,165078.000000,302517131.000000,3974.000000
684002489.000000,6341.000000,10556.000000,340264.000000,164561.000000,303021956.000000,5543.000000
685000063.000000,12814.000000,13859.000000,317507.000000,189269.000000,303528732.000000,11487.000000
686000248.000000,5771.000000,10110.000000,345760.000000,166925.000000,304041417.000000,5157.000000
687002502.000000,7503.000000,11718.000000,341097.000000,166577.000000,304549091.000000,6577.000000
688000040.000000,10110.000000,13648.000000,331951.000000,178600.000000,305059642.000000,8999.000000
689000335.000000,12790.000000,15709.000000,329308.000000,178084.000000,305567034.000000,11581.000000
690000053.000000,4446.000000,8245.000000,338937.000000,170468.000000,306076439.000000,3900.000000
691000089.000000,4325.000000,7519.000000,340584.000000,171655.000000,306588678.000000,3677.000000
692000293.000000,14263.000000,15511.000000,318784.000000,192558.000000,307100020.000000,12910.000000
693000117.000000,8413.000000,13454.000000,338226.000000,168405.000000,307606651.000000,7351.000000
694000105.000000,5712.000000,11102.000000,341802.000000,165431.000000,308113884.000000,4930.000000
695000196.000000,13869.000000,15553.000000,315536.000000,190915.000000,308620335.000000,12523.000000
696001061.000000,8409.000000,10921.000000,337930.000000,170207.000000,309128472.000000,7575.000000
697001136.000000,5246.000000,9412.000000,338221.000000,172326.000000,309639019.000000,4593.000000
698000475.000000,13108.000000,15187.000000,313511.000000,189747.000000,310142277.000000,11769.000000
699001197.000000,6812.000000,10804.000000,339008.000000,167692.000000,310648977.000000,5901.000000
700000984.000000,3914.000000,7554.000000,341372.000000,169511.000000,311159860.000000,3395.000000
701000297.000000,12248.000000,13494.000000,320621.000000,190134.000000,311670615.000000,11065.000000
702000607.000000,4516.000000,9369.000000,341063.000000,170130.000000,312181808.000000,3891.000000
703000168.000000,5136.000000,11338.000000,340582.000000,172508.000000,312694898.000000,4484.000000
704000084.000000,13053.000000,15630.000000,316918.000000,192514.000000,313204330.000000,11678.000000
705001089.000000,9098.000000,12500.000000,333690.000000,170786.000000,313708806.000000,8094.000000
706000696.000000,6355.000000,10200.000000,340428.000000,171318.000000,314220552.000000,5668.000000
707000048.000000,17457.000000,16629.000000,317354.000000,184887.000000,314722793.000000,15875.000000
708000381.000000,9199.000000,10770.000000,323974.000000,184701.000000,315231468.000000,8338.000000
709002061.000000,7588.000000,11873.000000,332811.000000,169203.000000,315733482.000000,6588.000000
710002588.000000,8344.000000,14040.000000,331741.000000,168950.000000,316234173.000000,7151.000000
711000593.000000,13155.000000,14940.000000,315968.000000,189267.000000,316739408.000000,11774.000000
712001616.000000,4590.000000,8505.000000,342155.000000,170611.000000,317252174.000000,3956.000000
713001259.000000,15502.000000,16891.000000,326379.000000,174914.000000,317753467.000000,14140.000000
714000228.000000,12470.000000,13622.000000,320863.000000,188661.000000,318262991.000000,11110.000000
715000024.000000,6163.000000,11269.000000,340642.000000,168929.000000,318772562.000000,5212.000000
716000451.000000,8189.000000,12277.000000,334702.000000,172830.000000,319280094.000000,7183.000000
717000234.000000,14748.000000,15571.000000,314754.000000,193475.000000,319788323.000000,13304.000000
718000627.000000,5085.000000,8959.000000,339100.000000,175855.000000,320303278.000000,4520.000000
719000012.000000,15867.000000,16499.000000,322702.000000,173850.000000,320799830.000000,14330.000000
720000012.000000,16496.000000,17526.000000,320346.000000,183642.000000,321303818.000000,14981.000000
721000526.000000,9088.000000,12209.000000,328774.000000,180501.000000,321813093.000000,8126.000000
722000018.000000,6044.000000,10432.000000,336170.000000,174548.000000,322323811.000000,5245.000000
723000008.000000,5689.000000,9491.000000,340448.000000,172901.000000,322837160.000000,4856.000000
724000369.000000,23694.000000,21953.000000,305335.000000,192961.000000,323335456.000000,21838.000000
725000534.000000,5670.000000,10017.000000,340999.000000,170645.000000,323847100.000000,4883.000000
726001414.000000,4357.000000,9877.000000,345081.000000,166738.000000,324358919.000000,3672.000000
727000180.000000,13776.000000,15810.000000,317066.000000,191964.000000,324867949.000000,12286.000000
728000641.000000,8024.000000,11701.000000,339857.000000,172646.000000,325380452.000000,7136.000000
729000803.000000,3956.000000,8201.000000,342990.000000,173730.000000,325897172.000000,3395.000000
730001352.000000,12522.000000,14199.000000,318880.000000,191312.000000,326407364.000000,11160.000000
731000020.000000,4193.000000,9125.000000,340627.000000,174481.000000,326922472.000000,3496.000000
732000208.000000,5846.000000,10427.000000,338792.000000,168892.000000,327430156.000000,5058.000000
733000012.000000,12828.000000,14828.000000,317882.000000,192125.000000,327940163.000000,11501.000000
734000358.000000,4662.000000,7638.000000,338245.000000,178119.000000,328456527.000000,4117.000000
735002321.000000,15207.000000,16309.000000,326820.000000,176278.000000,328959625.000000,13857.000000
736001281.000000,24388.000000,23378.000000,303762.000000,193916.000000,329457303.000000,22298.000000
737000040.000000,15908.000000,17821.000000,329257.000000,169621.000000,329956181.000000,14471.000000
738000156.000000,3825.000000,8668.000000,344033.000000,166528.000000,330466742.000000,3263.000000
739000323.000000,11755.000000,12651.000000,323034.000000,186316.000000,330976092.000000,10521.000000
740000095.000000,7317.000000,10992.000000,343266.000000,171265.000000,331490623.000000,6414.000000
741000242.000000,5560.000000,10162.000000,342533.000000,169669.000000,332002825.000000,4860.000000
742000056.000000,10821.000000,13825.000000,325607.000000,182517.000000,332510949.000000,9609.000000
743000466.000000,9489.000000,11934.000000,325247.000000,184908.000000,333021104.000000,8600.000000
744000682.000000,9265.000000,13474.000000,328686.000000,174321.000000,333524111.000000,8297.000000
745000333.000000,7460.000000,11253.000000,333555.000000,174730.000000,334032396.000000,6720.000000
746002112.000000,13357.000000,14159.000000,316275.000000,193790.000000,334542461.000000,12104.000000
747001673.000000,4766.000000,8637.000000,336689.000000,170739.000000,335049889.000000,4098.000000
748000232.000000,4580.000000,8790.000000,337941.000000,174755.000000,335562585.000000,3918.000000
749000194.000000,12268.000000,12852.000000,312911.000000,195679.000000,336071175.000000,11095.000000
750001391.000000,7309.000000,10629.000000,338011.000000,172473.000000,336581659.000000,6439.000000
751000015.000000,12504.000000,14128.000000,332600.000000,170296.000000,337084555.000000,11274.000000
752000420.000000,19576.000000,18748.000000,306416.000000,194122.000000,337585093.000000,17938.000000
753000177.000000,4966.000000,10150.000000,336920.000000,172487.000000,338094500.000000,4149.000000
754002845.000000,3881.000000,8729.000000,340695.000000,171510.000000,338606705.000000,3290.000000
755001673.000000,11587.000000,12477.000000,317284.000000,193591.000000,339117580.000000,10443.000000
756000394.000000,6726.000000,9940.000000,336720.000000,170959.000000,339625259.000000,5933.000000
757000135.000000,7853.000000,11632.000000,336119.000000,166438.000000,340127816.000000,6971.000000
758000007.000000,12798.000000,14808.000000,314780.000000,191359.000000,340633955.000000,11420.000000
759002412.000000,7740.000000,11840.000000,336212.000000,171850.000000,341142017.000000,6796.000000
760000252.000000,5992.000000,10643.000000,332400.000000,171047.000000,341645464.000000,5219.000000
761000120.000000,12129.000000,13007.000000,319951.000000,185964.000000,342151379.000000,10773.000000
762000513.000000,5842.000000,9496.000000,338066.000000,173975.000000,342663420.000000,5156.000000
763000022.000000,4346.000000,9647.000000,340745.000000,167920.000000,343172085.000000,3603.000000
764000002.000000,11203.000000,14548.000000,321296.000000,184959.000000,343678340.000000,9807.000000
765000886.000000,8703.000000,12134.000000,330237.000000,175927.000000,344184504.000000,7902.000000
766002613.000000,6670.000000,10001.000000,340616.000000,168934.000000,344694054.000000,5934.000000
767000269.000000,5851.000000,9769.000000,338334.000000,172230.000000,345204618.000000,5169.000000
768000173.000000,12488.000000,13748.000000,316148.000000,191723.000000,345712489.000000,11105.000000
769000534.000000,5148.000000,10560.000000,336914.000000,175037.000000,346224440.000000,4376.000000
770000376.000000,3909.000000,9170.000000,341918.000000,170061.000000,346736419.000000,3237.000000
771000224.000000,12271.000000,13460.000000,315296.000000,194640.000000,347246355.000000,10899.000000
772001375.000000,4856.000000,9274.000000,338721.000000,174240.000000,347759316.000000,4224.000000
773000051.000000,3964.000000,8506.000000,335636.000000,173086.000000,348268038.000000,3356.000000
774001139.000000,12495.000000,14068.000000,312890.000000,192624.000000,348773552.000000,11075.000000
775000440.000000,5089.000000,9826.000000,338804.000000,168390.000000,349280746.000000,4312.000000
776000028.000000,3927.000000,8781.000000,340221.000000,174049.000000,349795016.000000,3123.000000
777000165.000000,11426.000000,12530.000000,316629.000000,194891.000000,350306536.000000,10339.000000
778000689.000000,4267.000000,7908.000000,339950.000000,172298.000000,350818784.000000,3615.000000
779000077.000000,5867.000000,10550.000000,335366.000000,172887.000000,351327037.000000,4910.000000
780000014.000000,10187.000000,12388.000000,319208.000000,187392.000000,351833637.000000,9131.000000
781000167.000000,3535.000000,7629.000000,341095.000000,171966.000000,352346698.000000,3017.000000
782000024.000000,7315.000000,9632.000000,329490.000000,183128.000000,352859316.000000,6351.000000
783002187.000000,9729.000000,11568.000000,324216.000000,185142.000000,353368674.000000,8677.000000
784000018.000000,5877.000000,10610.000000,336125.000000,170839.000000,353875638.000000,5053.000000
785000047.000000,6649.000000,10984.000000,329871.000000,175983.000000,354381492.000000,5650.000000
786000026.000000,14368.000000,15510.000000,312972.000000,192121.000000,354886585.000000,12946.000000
787000639.000000,5071.000000,9765.000000,339458.000000,171581.000000,355397624.000000,4329.000000
788000134.000000,6324.000000,10120.000000,333745.000000,172593.000000,355903962.000000,5523.000000
789000137.000000,15311.000000,15264.000000,305314.000000,195189.000000,356404465.000000,13720.000000
790000226.000000,9691.000000,13046.000000,327982.000000,174610.000000,356907057.000000,8577.000000
791000625.000000,8695.000000,12913.000000,328601.000000,176211.000000,357411869.000000,7919.000000
792000531.000000,13047.000000,13532.000000,310465.000000,197267.000000,357919601.000000,11692.000000
793000333.000000,6098.000000,9034.000000,329750.000000,178848.000000,358428199.000000,5365.000000
794000253.000000,8969.000000,11863.000000,325726.000000,179841.000000,358933766.000000,7990.000000
795000171.000000,15123.000000,15807.000000,303322.000000,197707.000000,359434795.000000,13547.000000
796000211.000000,6955.000000,11055.000000,328206.000000,180731.000000,359943732.000000,6023.000000
797000050.000000,5550.000000,9072.000000,331827.000000,178072.000000,360453631.000000,4826.000000
798001182.000000,17825.000000,17084.000000,303369.000000,200735.000000,360957735.000000,16076.000000
799001227.000000,8010.000000,10817.000000,326362.000000,178406.000000,361462503.000000,7057.000000
800000578.000000,9072.000000,12998.000000,326338.000000,176803.000000,361965644.000000,7877.000000
801002420.000000,12805.000000,14472.000000,307297.000000,197073.000000,362470014.000000,11338.000000
802000006.000000,4001.000000,8534.000000,331340.000000,177348.000000,362978702.000000,3388.000000
803001106.000000,14046.000000,14775.000000,317025.000000,184391.000000,363480118.000000,12852.000000
804000015.000000,12830.000000,13442.000000,304803.000000,200993.000000,363985914.000000,11324.000000
805001090.000000,13627.000000,15227.000000,321071.000000,176944.000000,364483929.000000,12396.000000
806000844.000000,4927.000000,9479.000000,329858.000000,177219.000000,364991006.000000,4144.000000
807000206.000000,12142.000000,13625.000000,307889.000000,191203.000000,365490098.000000,10718.000000
808000011.000000,14735.000000,16483.000000,318342.000000,177469.000000,365985909.000000,13347.000000
809000032.000000,12480.000000,14107.000000,321311.000000,179520.000000,366486740.000000,11033.000000
810002042.000000,23486.000000,21675.000000,305013.000000,177372.000000,366969125.000000,21816.000000
811001036.000000,13178.000000,14468.000000,306252.000000,194242.000000,367469619.000000,11749.000000
812000497.000000,7416.000000,11320.000000,327294.000000,177672.000000,367974585.000000,6463.000000
813000043.000000,8262.000000,11185.000000,326721.000000,177897.000000,368479203.000000,7284.000000
814000041.000000,13639.000000,14553.000000,305202.000000,201460.000000,368985865.000000,12272.000000
815001206.000000,4851.000000,8251.000000,326979.000000,181786.000000,369494630.000000,4082.000000
816000297.000000,9507.000000,12982.000000,322688.000000,177624.000000,369994942.000000,8314.000000
817001067.000000,13696.000000,15152.000000,309187.000000,192475.000000,370496604.000000,12146.000000
818000159.000000,5343.000000,9563.000000,328597.000000,180749.000000,371005950.000000,4586.000000
819002670.000000,7095.000000,11285.000000,327235.000000,179162.000000,371512347.000000,6086.000000
820001395.000000,15474.000000,15618.000000,300809.000000,199054.000000,372012210.000000,13923.000000
821000937.000000,11601.000000,14065.000000,315857.000000,181155.000000,372509222.000000,10312.000000
822000321.000000,7985.000000,12292.000000,322059.000000,176210.000000,373007491.000000,6873.000000
823000007.000000,14338.000000,14989.000000,301849.000000,199057.000000,373508397.000000,12846.000000
824000028.000000,6547.000000,9622.000000,326398.000000,177950.000000,374012745.000000,5818.000000
825000599.000000,4500.000000,8204.000000,330269.000000,183269.000000,374526283.000000,3804.000000
826001286.000000,12051.000000,12821.000000,306896.000000,198316.000000,375031495.000000,10676.000000
827000230.000000,4297.000000,8520.000000,330909.000000,174801.000000,375537205.000000,3557.000000
828000288.000000,3981.000000,7775.000000,327322.000000,181212.000000,376045739.000000,3400.000000
829000439.000000,11700.000000,12184.000000,304915.000000,198647.000000,376549301.000000,10416.000000
830001692.000000,3577.000000,7236.000000,330241.000000,181306.000000,377060848.000000,2988.000000
831000026.000000,3803.000000,7735.000000,330747.000000,180448.000000,377572043.000000,3132.000000
832002865.000000,11982.000000,13437.000000,307451.000000,199063.000000,378078557.000000,10525.000000
833002414.000000,14722.000000,15342.000000,319572.000000,180308.000000,378578437.000000,13409.000000
834001991.000000,2957.000000,6747.000000,334835.000000,179037.000000,379092309.000000,2397.000000
835001624.000000,12046.000000,12349.000000,307127.000000,203972.000000,379603408.000000,10628.000000
836000059.000000,2884.000000,6850.000000,335010.000000,178680.000000,380117098.000000,2291.000000
837000025.000000,14067.000000,14966.000000,318546.000000,181615.000000,380617259.000000,12656.000000
838000421.000000,12441.000000,13920.000000,303996.000000,200242.000000,381121497.000000,11032.000000
839000456.000000,3727.000000,7575.000000,333087.000000,179681.000000,381634265.000000,3108.000000
840000230.000000,3670.000000,6932.000000,330418.000000,184936.000000,382149619.000000,3038.000000
841000088.000000,11981.000000,13178.000000,308249.000000,197202.000000,382655070.000000,10544.000000
842000259.000000,4123.000000,9376.000000,331395.000000,175426.000000,383161891.000000,3327.000000
843000016.000000,6681.000000,10486.000000,320560.000000,182038.000000,383664489.000000,5679.000000
844000184.000000,9916.000000,12885.000000,314775.000000,192892.000000,384172156.000000,8849.000000
845000809.000000,8023.000000,12446.000000,323492.000000,179956.000000,384675604.000000,6999.000000
846000008.000000,9574.000000,13065.000000,320310.000000,181940.000000,385177854.000000,8249.000000
847000744.000000,15054.000000,16377.000000,303022.000000,194203.000000,385675079.000000,13476.000000
848001212.000000,6324.000000,9852.000000,327361.000000,176788.000000,386179228.000000,5484.000000
849000262.000000,5805.000000,9020.000000,326004.000000,181782.000000,386687014.000000,5048.000000
850000368.000000,16400.000000,16900.000000,297232.000000,201843.000000,387186089.000000,14737.000000
851000008.000000,5970.000000,10325.000000,325147.000000,180124.000000,387691360.000000,5048.000000
852001080.000000,8986.000000,12353.000000,317365.000000,182629.000000,388191354.000000,7907.000000
853000245.000000,16843.000000,17984.000000,296122.000000,199874.000000,388687350.000000,14984.000000
854000532.000000,6088.000000,9668.000000,319733.000000,183341.000000,389190424.000000,5271.000000
855000182.000000,7187.000000,10506.000000,322049.000000,180454.000000,389692927.000000,6180.000000
856000175.000000,14630.000000,15425.000000,297341.000000,198840.000000,390189108.000000,12986.000000
857000182.000000,7260.000000,10362.000000,318098.000000,181082.000000,390688288.000000,6247.000000
858000093.000000,7221.000000,11086.000000,318364.000000,180037.000000,391186689.000000,6249.000000
859000513.000000,20688.000000,20721.000000,288241.000000,202335.000000,391677265.000000,18522.000000
860000031.000000,8123.000000,11586.000000,320137.000000,181560.000000,392178962.000000,7186.000000
861000728.000000,6941.000000,9910.000000,322393.000000,182070.000000,392683425.000000,6074.000000
862000228.000000,15610.000000,15786.000000,293102.000000,199053.000000,393175580.000000,13892.000000
863001345.000000,9825.000000,12898.000000,316543.000000,179618.000000,393671741.000000,8690.000000
864001821.000000,8133.000000,11628.000000,317550.000000,180055.000000,394169346.000000,7025.000000
865000038.000000,13865.000000,13626.000000,299982.000000,199744.000000,394669072.000000,12321.000000
866001803.000000,5851.000000,8774.000000,321336.000000,182842.000000,395173250.000000,5110.000000
867000021.000000,5490.000000,9128.000000,315836.000000,186828.000000,395675914.000000,4727.000000
868000076.000000,16068.000000,17438.000000,298288.000000,197962.000000,396172164.000000,14287.000000
869000222.000000,7623.000000,10743.000000,317508.000000,183106.000000,396672778.000000,6591.000000
870000010.000000,6435.000000,10056.000000,321695.000000,182099.000000,397176572.000000,5630.000000
871000197.000000,18231.000000,17770.000000,291268.000000,201696.000000,397669536.000000,16384.000000
872000086.000000,7834.000000,11191.000000,320841.000000,179858.000000,398170235.000000,6888.000000
873000016.000000,9036.000000,13357.000000,316631.000000,180056.000000,398666922.000000,7724.000000
874000193.000000,17269.000000,17378.000000,293124.000000,202032.000000,399162078.000000,15498.000000
875000007.000000,6074.000000,9589.000000,319192.000000,180247.000000,399661517.000000,5279.000000
876000218.000000,6350.000000,9345.000000,317578.000000,188628.000000,400167723.000000,5493.000000
877000323.000000,14910.000000,15351.000000,295615.000000,203607.000000,400666945.000000,13253.000000
878000026.000000,6241.000000,10353.000000,314832.000000,188963.000000,401170740.000000,5384.000000
879000125.000000,7292.000000,12281.000000,317000.000000,181574.000000,401669314.000000,6358.000000
880000171.000000,17967.000000,18058.000000,289200.000000,200427.000000,402158941.000000,16189.000000
881000246.000000,8449.000000,11281.000000,314552.000000,186496.000000,402659989.000000,7485.000000
882000056.000000,10134.000000,12250.000000,310064.000000,184020.000000,403154073.000000,9048.000000
883000714.000000,16403.000000,16538.000000,290934.000000,201566.000000,403646573.000000,14649.000000
884000022.000000,14805.000000,17634.000000,305189.000000,185920.000000,404137682.000000,13231.000000
885001547.000000,10979.000000,13167.000000,312942.000000,181813.000000,404632437.000000,9759.000000
886000035.000000,11279.000000,13063.000000,309775.000000,191655.000000,405133867.000000,9936.000000
887001730.000000,10161.000000,12063.000000,309904.000000,192017.000000,405635788.000000,9076.000000
888001590.000000,9637.000000,11971.000000,316238.000000,183443.000000,406135469.000000,8420.000000
889000078.000000,12700.000000,14808.000000,298182.000000,194163.000000,406627814.000000,11007.000000
890003070.000000,12405.000000,14054.000000,305013.000000,191628.000000,407124455.000000,11020.000000
891000055.000000,8290.000000,11124.000000,316386.000000,186398.000000,407627239.000000,7353.000000
892000002.000000,9743.000000,11549.000000,304740.000000,190863.000000,408122842.000000,8566.000000
893000443.000000,11484.000000,12367.000000,299321.000000,201031.000000,408623194.000000,10244.000000
894000020.000000,6692.000000,11444.000000,315785.000000,183794.000000,409122773.000000,5669.000000
895000089.000000,14099.000000,17068.000000,309893.000000,183693.000000,409616359.000000,12460.000000
896000611.000000,15179.000000,15350.000000,296404.000000,199884.000000,410112647.000000,13745.000000
897001113.000000,6724.000000,10067.000000,317109.000000,184063.000000,410613819.000000,5842.000000
898000326.000000,7885.000000,12845.000000,313050.000000,184971.000000,411111840.000000,6734.000000
899000192.000000,15375.000000,17384.000000,290274.000000,202016.000000,411604130.000000,13560.000000
900000031.000000,7727.000000,11651.000000,316439.000000,185393.000000,412105962.000000,6726.000000
901000572.000000,6956.000000,10245.000000,317766.000000,185102.000000,412608830.000000,6218.000000
902000081.000000,16930.000000,16614.000000,288635.000000,203668.000000,413101133.000000,15155.000000
903000003.000000,6108.000000,8331.000000,314544.000000,185365.000000,413601042.000000,5157.000000
904000027.000000,8012.000000,10688.000000,308835.000000,190086.000000,414099963.000000,6873.000000
905000452.000000,16265.000000,17783.000000,292938.000000,200176.000000,414593077.000000,14360.000000
906000008.000000,7244.000000,10741.000000,323941.000000,179720.000000,415096738.000000,6308.000000
907002390.000000,6162.000000,9769.000000,319808.000000,182039.000000,415598585.000000,5405.000000
908000166.000000,17046.000000,18417.000000,289291.000000,201582.000000,416089458.000000,15151.000000
909000535.000000,11060.000000,13097.000000,313017.000000,187403.000000,416589878.000000,9730.000000
910000165.000000,6826.000000,10127.000000,313492.000000,186179.000000,417089549.000000,5806.000000
911000362.000000,16017.000000,16299.000000,289197.000000,206152.000000,417584898.000000,14233.000000
912001071.000000,11117.000000,13050.000000,307708.000000,186411.000000,418079017.000000,9967.000000
913000002.000000,6682.000000,9523.000000,313191.000000,184244.000000,418576452.000000,5801.000000
914000049.000000,17129.000000,17370.000000,286546.000000,206248.000000,419069246.000000,15167.000000
915000052.000000,8539.000000,13215.000000,315035.000000,179904.000000,419564185.000000,7306.000000
916001166.000000,5191.000000,8252.000000,323355.000000,183605.000000,420071145.000000,4487.000000
917000048.000000,17395.000000,18286.000000,295898.000000,205699.000000,420572742.000000,15472.000000
918000208.000000,7524.000000,10940.000000,316436.000000,184012.000000,421073190.000000,6490.000000
919000003.000000,10678.000000,13253.000000,306570.000000,192212.000000,421571972.000000,9222.000000
920001078.000000,15076.000000,16980.000000,293674.000000,200261.000000,422065907.000000,13509.000000
921000371.000000,6028.000000,9778.000000,313629.000000,188138.000000,422567674.000000,5201.000000
922000060.000000,10950.000000,13963.000000,303139.000000,195052.000000,423065865.000000,9414.000000
923000845.000000,10998.000000,12686.000000,300833.000000,198834.000000,423565532.000000,9757.000000
924000497.000000,6634.000000,9289.000000,310097.000000,193080.000000,424068709.000000,5643.000000
925000021.000000,15453.000000,17839.000000,301035.000000,193874.000000,424563618.000000,13568.000000
926000031.000000,9794.000000,11948.000000,309498.000000,193102.000000,425066218.000000,8649.000000
927000107.000000,4645.000000,8402.000000,323753.000000,189645.000000,425579616.000000,3958.000000
928000037.000000,14667.000000,16539.000000,300325.000000,196208.000000,426076149.000000,12825.000000
929000081.000000,9340.000000,13839.000000,311618.000000,187873.000000,426575640.000000,8044.000000
930000020.000000,9227.000000,13491.000000,311565.000000,186051.000000,427073256.000000,8034.000000
931000044.000000,12578.000000,14649.000000,312318.000000,183443.000000,427569017.000000,11097.000000
932000181.000000,14906.000000,16615.000000,297675.000000,201072.000000,428067764.000000,13333.000000
933000203.000000,6559.000000,9522.000000,319045.000000,186427.000000,428573236.000000,5754.000000
934000023.000000,11348.000000,14918.000000,313330.000000,183334.000000,429069900.000000,9849.000000
935000194.000000,16878.000000,18724.000000,294893.000000,200033.000000,429564826.000000,14904.000000
936000467.000000,6780.000000,10569.000000,320443.000000,182884.000000,430068153.000000,5848.000000
937000034.000000,6635.000000,9466.000000,314379.000000,188714.000000,430571246.000000,5771.000000
938000853.000000,16019.000000,16570.000000,292086.000000,205384.000000,431068716.000000,14209.000000
939000073.000000,5613.000000,8905.000000,314083.000000,191806.000000,431574605.000000,4747.000000
940000005.000000,10783.000000,13347.000000,299127.000000,194418.000000,432068150.000000,9242.000000
941000163.000000,12359.000000,14930.000000,296492.000000,196030.000000,432560672.000000,10916.000000
942000212.000000,7040.000000,11123.000000,311809.000000,182001.000000,433054482.000000,6009.000000
943000007.000000,12511.000000,13889.000000,297144.000000,199608.000000,433551234.000000,10894.000000
944000111.000000,10552.000000,12682.000000,296981.000000,199857.000000,434048072.000000,9368.000000
945000087.000000,12828.000000,14298.000000,304075.000000,192441.000000,434544588.000000,11320.000000
946000036.000000,17336.000000,19115.000000,286345.000000,204220.000000,435035153.000000,15195.000000
947000004.000000,11328.000000,13641.000000,300707.000000,194761.000000,435530621.000000,10286.000000
948000292.000000,14902.000000,15404.000000,305984.000000,190297.000000,436026902.000000,13566.000000
949000059.000000,14048.000000,15339.000000,296000.000000,194406.000000,436517308.000000,12357.000000
950000292.000000,14238.000000,16677.000000,288600.000000,206026.000000,437011934.000000,12460.000000
951000065.000000,16041.000000,17414.000000,300595.000000,190521.000000,437503050.000000,14189.000000
952000443.000000,13863.000000,15558.000000,309111.000000,186193.000000,437998354.000000,12671.000000
953000044.000000,15135.000000,17320.000000,293979.000000,204347.000000,438496680.000000,13308.000000
954000018.000000,8565.000000,11403.000000,306606.000000,194124.000000,438997410.000000,7553.000000
955000001.000000,9240.000000,13042.000000,300741.000000,198122.000000,439496273.000000,7737.000000
956000040.000000,14490.000000,16853.000000,290271.000000,204397.000000,439990941.000000,12966.000000
957003340.000000,11252.000000,12541.000000,311527.000000,189036.000000,440491504.000000,10095.000000
958000048.000000,11567.000000,13256.000000,298787.000000,199600.000000,440989891.000000,10142.000000
959001100.000000,17554.000000,18147.000000,289330.000000,200532.000000,441479753.000000,15796.000000
960002095.000000,19527.000000,18353.000000,300838.000000,193677.000000,441974268.000000,17803.000000
961000044.000000,9496.000000,12871.000000,300794.000000,194776.000000,442469838.000000,8230.000000
962000651.000000,17850.000000,18712.000000,282256.000000,209358.000000,442961452.000000,15920.000000
963000108.000000,9595.000000,12565.000000,303760.000000,192416.000000,443457628.000000,8500.000000
964002655.000000,17291.000000,17173.000000,305346.000000,191936.000000,443954910.000000,15667.000000
965001789.000000,17023.000000,18526.000000,286053.000000,205521.000000,444446484.000000,14992.000000
966000064.000000,13678.000000,14068.000000,303319.000000,189132.000000,444938935.000000,12268.000000
967000064.000000,19058.000000,17880.000000,304448.000000,185907.000000,445429290.000000,17601.000000
968000149.000000,18332.000000,18211.000000,281675.000000,205300.000000,445916265.000000,16426.000000
969000141.000000,17407.000000,16330.000000,302159.000000,190678.000000,446409102.000000,15891.000000
970000014.000000,10623.000000,12293.000000,303339.000000,190893.000000,446903334.000000,9286.000000
971000736.000000,20931.000000,21206.000000,285696.000000,202056.000000,447391086.000000,18969.000000
972000017.000000,7216.000000,9936.000000,307755.000000,188905.000000,447887746.000000,6153.000000
973001491.000000,7616.000000,10835.000000,310705.000000,188632.000000,448387083.000000,6724.000000
974000144.000000,16807.000000,17372.000000,287237.000000,204981.000000,448879301.000000,14943.000000
975000304.000000,12444.000000,13861.000000,307085.000000,188966.000000,449375352.000000,11269.000000
976001802.000000,9968.000000,11743.000000,304964.000000,191678.000000,449871994.000000,8868.000000
977000108.000000,17754.000000,18623.000000,289689.000000,199832.000000,450361515.000000,15605.000000
978000158.000000,16360.000000,19359.000000,300222.000000,194917.000000,450856654.000000,14685.000000
979000034.000000,13239.000000,15565.000000,308990.000000,185367.000000,451351011.000000,11921.000000
980002768.000000,12932.000000,14351.000000,303994.000000,192129.000000,451847134.000000,11754.000000
981002862.000000,21325.000000,21228.000000,284275.000000,205345.000000,452336754.000000,19083.000000
982000129.000000,8220.000000,10428.000000,310336.000000,185636.000000,452832726.000000,7304.000000
983000004.000000,7303.000000,11329.000000,310174.000000,187955.000000,453330855.000000,6355.000000
984000011.000000,15875.000000,17713.000000,290217.000000,204945.000000,453826017.000000,14119.000000
985000087.000000,6039.000000,9146.000000,313441.000000,188235.000000,454327693.000000,5248.000000
986000096.000000,6347.000000,9095.000000,309195.000000,192130.000000,454829018.000000,5491.000000
987000440.000000,16100.000000,17479.000000,284072.000000,207386.000000,455320476.000000,14160.000000
988000997.000000,6425.000000,9842.000000,311656.000000,189053.000000,455821185.000000,5544.000000
989000721.000000,6510.000000,10967.000000,315149.000000,183757.000000,456320091.000000,5591.000000
990000520.000000,16020.000000,17320.000000,288729.000000,204392.000000,456813212.000000,14202.000000
991000222.000000,8260.000000,11260.000000,310644.000000,187234.000000,457311090.000000,7294.000000
992000156.000000,7013.000000,10614.000000,314601.000000,185109.000000,457810800.000000,6055.000000
993000101.000000,15536.000000,17721.000000,291857.000000,199532.000000,458302189.000000,13625.000000
994000086.000000,7033.000000,11007.000000,313711.000000,188440.000000,458804340.000000,6125.000000
995001163.000000,8147.000000,9860.000000,304856.000000,193063.000000,459302259.000000,7215.000000
996000581.000000,17108.000000,17806.000000,280666.000000,208024.000000,459790949.000000,15175.000000
997000009.000000,9056.000000,11604.000000,300118.000000,195862.000000,460286929.000000,7904.000000
998000018.000000,11292.000000,13081.000000,296007.000000,196634.000000,460779570.000000,9825.000000
999000089.000000,21147.000000,21226.000000,289027.000000,199997.000000,461268594.000000,19146.000000
