Instruction,pfIssued,pfInCache,overallMisses,overallHits,overallAccesses,unusedPrefetches
1669519.000000,6.000000,18.000000,602788.000000,13811.000000,616599.000000,0.000000
3385992.000000,14.000000,40.000000,619117.000000,13805.000000,1249521.000000,1.000000
4001180.000000,43.000000,154.000000,221919.000000,4924.000000,1476364.000000,0.000000
5509746.000000,777.000000,2237.000000,547232.000000,8984.000000,2032580.000000,44.000000
7025673.000000,460.000000,1392.000000,548927.000000,10554.000000,2592061.000000,10.000000
8000154.000000,474.000000,1330.000000,349523.000000,5643.000000,2947227.000000,23.000000
9001295.000000,461.000000,1291.000000,357892.000000,5979.000000,3311098.000000,33.000000
10000334.000000,450.000000,1300.000000,357151.000000,5895.000000,3674144.000000,29.000000
11006557.000000,309.000000,761.000000,357156.000000,3350.000000,4034650.000000,53.000000
12031875.000000,134.000000,46.000000,362734.000000,690.000000,4398074.000000,72.000000
21544884.000000,3.000000,6.000000,3376956.000000,4585.000000,7779615.000000,33.000000
23001118.000000,164.000000,558.000000,513277.000000,789.000000,8293681.000000,97.000000
24000839.000000,168.000000,413.000000,352218.000000,629.000000,8646528.000000,147.000000
25023293.000000,175.000000,402.000000,359870.000000,657.000000,9007055.000000,187.000000
26000663.000000,194.000000,411.000000,344254.000000,644.000000,9351953.000000,158.000000
27003759.000000,125.000000,398.000000,353251.000000,563.000000,9705767.000000,163.000000
28017102.000000,110.000000,381.000000,357568.000000,516.000000,10063851.000000,107.000000
29002373.000000,128.000000,382.000000,347487.000000,546.000000,10411884.000000,124.000000
37681029.000000,65.000000,200.000000,3064957.000000,4855.000000,13481696.000000,146.000000
46845561.000000,27.000000,14.000000,3235909.000000,4605.000000,16722210.000000,23.000000
55254674.000000,12.000000,36.000000,2986368.000000,4606.000000,19713184.000000,12.000000
62581373.000000,4.000000,34.000000,2580848.000000,4599.000000,22298631.000000,4.000000
70968132.000000,165.000000,398.000000,2962885.000000,4603.000000,25266119.000000,164.000000
80269913.000000,42.000000,183.000000,3307522.000000,4610.000000,28578251.000000,42.000000
88216099.000000,8.000000,24.000000,2817354.000000,4592.000000,31400197.000000,8.000000
96906430.000000,6.000000,41.000000,3052588.000000,4607.000000,34457392.000000,6.000000
104368201.000000,19.000000,22.000000,2623256.000000,4600.000000,37085248.000000,19.000000
111683389.000000,17.000000,27.000000,2568354.000000,4603.000000,39658205.000000,17.000000
119268187.000000,7.000000,36.000000,2668495.000000,4601.000000,42331301.000000,7.000000
120001378.000000,347.000000,48.000000,258708.000000,416.000000,42590425.000000,95.000000
121000581.000000,480.000000,74.000000,350175.000000,579.000000,42941179.000000,310.000000
127448949.000000,89.000000,29.000000,2262210.000000,3621.000000,45207010.000000,188.000000
135266930.000000,3.000000,30.000000,2746035.000000,4591.000000,47957636.000000,3.000000
143942471.000000,34.000000,8.000000,3041036.000000,4607.000000,51003279.000000,18.000000
145004865.000000,216.000000,414.000000,374151.000000,684.000000,51378114.000000,105.000000
146001285.000000,159.000000,404.000000,350000.000000,593.000000,51728707.000000,171.000000
147001260.000000,189.000000,387.000000,349375.000000,623.000000,52078705.000000,183.000000
148000883.000000,121.000000,404.000000,348831.000000,547.000000,52428083.000000,139.000000
149004814.000000,145.000000,397.000000,350859.000000,576.000000,52779518.000000,134.000000
150005410.000000,121.000000,404.000000,350911.000000,566.000000,53130995.000000,123.000000
151003275.000000,110.000000,387.000000,350487.000000,524.000000,53482006.000000,118.000000
152008542.000000,194.000000,417.000000,355547.000000,652.000000,53838205.000000,160.000000
153004425.000000,206.000000,396.000000,351473.000000,644.000000,54190322.000000,189.000000
158716996.000000,38.000000,117.000000,2008062.000000,3798.000000,56202182.000000,168.000000
167571079.000000,38.000000,9.000000,3087612.000000,4606.000000,59294400.000000,22.000000
176457196.000000,5.000000,39.000000,3105876.000000,4604.000000,62404880.000000,5.000000
177001730.000000,129.000000,216.000000,190866.000000,380.000000,62596126.000000,44.000000
178011232.000000,170.000000,405.000000,352342.000000,626.000000,62949094.000000,167.000000
179002176.000000,186.000000,419.000000,346754.000000,649.000000,63296497.000000,170.000000
180006662.000000,100.000000,392.000000,350599.000000,515.000000,63647611.000000,131.000000
181010372.000000,122.000000,350.000000,351814.000000,516.000000,63999941.000000,104.000000
182019393.000000,123.000000,385.000000,357140.000000,538.000000,64357619.000000,126.000000
183000541.000000,88.000000,351.000000,347489.000000,474.000000,64705582.000000,101.000000
184005947.000000,155.000000,410.000000,351364.000000,626.000000,65057572.000000,121.000000
192842369.000000,85.000000,223.000000,3102352.000000,4894.000000,68164818.000000,173.000000
201881748.000000,11.000000,25.000000,3176151.000000,4597.000000,71345566.000000,11.000000
205740866.000000,16.000000,2324.000000,1338651.000000,18399.000000,72702616.000000,16.000000
207005160.000000,7414.000000,29457.000000,248583.000000,229540.000000,73180739.000000,41.000000
208020471.000000,23704.000000,4371.000000,182710.000000,188600.000000,73552049.000000,23402.000000
209000585.000000,20916.000000,3658.000000,180820.000000,181431.000000,73914300.000000,20500.000000
210010211.000000,15836.000000,9221.000000,192099.000000,183305.000000,74289704.000000,13554.000000
211000003.000000,20851.000000,3862.000000,187814.000000,183100.000000,74660618.000000,20420.000000
212000031.000000,13590.000000,7671.000000,197790.000000,181394.000000,75039802.000000,11592.000000
213020640.000000,21005.000000,5299.000000,210381.000000,185939.000000,75436122.000000,20790.000000
214010655.000000,19482.000000,7278.000000,207245.000000,170200.000000,75813567.000000,19236.000000
215003193.000000,15668.000000,10869.000000,218236.000000,170165.000000,76201968.000000,13338.000000
216027913.000000,21037.000000,8163.000000,237825.000000,175080.000000,76614873.000000,20828.000000
217000253.000000,14350.000000,5684.000000,221711.000000,170185.000000,77006769.000000,14133.000000
218000006.000000,22432.000000,14662.000000,221701.000000,176899.000000,77405369.000000,20512.000000
219000008.000000,20288.000000,7762.000000,226688.000000,177977.000000,77810034.000000,19867.000000
220000015.000000,19735.000000,14433.000000,232846.000000,176371.000000,78219251.000000,18262.000000
221008406.000000,15676.000000,6582.000000,239843.000000,177477.000000,78636571.000000,15149.000000
222000020.000000,15419.000000,6548.000000,239662.000000,171424.000000,79047657.000000,14964.000000
223003388.000000,16285.000000,11602.000000,232322.000000,180153.000000,79460132.000000,14395.000000
224011712.000000,23178.000000,9309.000000,246287.000000,179401.000000,79885820.000000,22846.000000
225000574.000000,20418.000000,8135.000000,245355.000000,177317.000000,80308492.000000,19926.000000
226022350.000000,13311.000000,11593.000000,238231.000000,186081.000000,80732804.000000,11487.000000
227009860.000000,15066.000000,6378.000000,247166.000000,174800.000000,81154770.000000,14822.000000
228000025.000000,15489.000000,6223.000000,254627.000000,176657.000000,81586054.000000,15063.000000
229010142.000000,20787.000000,16460.000000,243020.000000,181085.000000,82010159.000000,18699.000000
230011068.000000,14574.000000,6867.000000,266248.000000,170200.000000,82446607.000000,14321.000000
231024766.000000,13805.000000,6742.000000,263032.000000,174800.000000,82884439.000000,13592.000000
232005579.000000,17292.000000,11267.000000,232077.000000,177560.000000,83294076.000000,15700.000000
233017976.000000,15781.000000,7901.000000,263218.000000,174800.000000,83732094.000000,15555.000000
234003619.000000,15916.000000,7762.000000,256506.000000,170200.000000,84158800.000000,15620.000000
235011332.000000,4573.000000,4800.000000,245686.000000,181426.000000,84585912.000000,3439.000000
236017201.000000,14725.000000,7859.000000,261713.000000,174799.000000,85022424.000000,14491.000000
237000026.000000,23367.000000,10195.000000,255070.000000,170117.000000,85447611.000000,22797.000000
238000372.000000,11834.000000,9741.000000,242823.000000,178789.000000,85869223.000000,9577.000000
239000008.000000,19421.000000,8274.000000,256642.000000,176497.000000,86302362.000000,18948.000000
240008100.000000,18744.000000,10397.000000,254692.000000,177576.000000,86734630.000000,17723.000000
241003050.000000,17909.000000,8220.000000,247561.000000,174792.000000,87156983.000000,17107.000000
242023871.000000,16045.000000,6381.000000,270644.000000,174801.000000,87602428.000000,15706.000000
243000003.000000,13482.000000,11767.000000,243337.000000,171390.000000,88017155.000000,10556.000000
244000406.000000,15579.000000,7625.000000,258415.000000,177571.000000,88453141.000000,14896.000000
245000048.000000,12677.000000,5476.000000,259039.000000,177381.000000,88889561.000000,12541.000000
246009635.000000,16478.000000,12788.000000,243409.000000,185235.000000,89318205.000000,14162.000000
247003221.000000,18068.000000,8167.000000,265173.000000,174796.000000,89758174.000000,17772.000000
248000020.000000,12211.000000,4898.000000,266060.000000,176348.000000,90200582.000000,11799.000000
249000003.000000,17513.000000,12965.000000,255670.000000,180906.000000,90637158.000000,15104.000000
250003263.000000,15039.000000,6969.000000,268387.000000,177956.000000,91083501.000000,14943.000000
251016322.000000,19562.000000,11190.000000,281973.000000,174800.000000,91540274.000000,19121.000000
252006395.000000,19022.000000,14076.000000,253950.000000,178342.000000,91972566.000000,16577.000000
253000159.000000,13601.000000,7017.000000,272099.000000,174150.000000,92418815.000000,13194.000000
254006985.000000,22322.000000,11370.000000,271689.000000,180054.000000,92870558.000000,22050.000000
255017774.000000,19057.000000,13370.000000,252256.000000,188000.000000,93310814.000000,17399.000000
256002986.000000,18218.000000,9212.000000,264599.000000,174798.000000,93750211.000000,17813.000000
257013199.000000,18680.000000,9041.000000,278212.000000,179402.000000,94207825.000000,18361.000000
258003257.000000,17540.000000,14869.000000,250274.000000,184002.000000,94642101.000000,15339.000000
259007285.000000,17160.000000,8350.000000,276689.000000,179397.000000,95098187.000000,16832.000000
260000011.000000,21954.000000,10664.000000,276499.000000,178185.000000,95552871.000000,21386.000000
261008576.000000,14015.000000,10600.000000,253496.000000,188717.000000,95995084.000000,12332.000000
262001114.000000,16466.000000,8918.000000,272952.000000,177798.000000,96445834.000000,15949.000000
263014019.000000,12095.000000,6221.000000,290539.000000,176395.000000,96912768.000000,12074.000000
264017999.000000,15761.000000,10530.000000,267813.000000,179432.000000,97360013.000000,14712.000000
265000315.000000,16716.000000,10244.000000,270307.000000,179368.000000,97809688.000000,15823.000000
266005046.000000,15953.000000,8218.000000,278978.000000,179405.000000,98268071.000000,15574.000000
267012779.000000,14355.000000,10634.000000,279329.000000,179415.000000,98726815.000000,14067.000000
268003569.000000,16135.000000,10451.000000,264535.000000,179380.000000,99170730.000000,14913.000000
269000364.000000,20266.000000,10709.000000,282636.000000,175935.000000,99629301.000000,19665.000000
270000006.000000,19236.000000,9373.000000,290519.000000,173717.000000,100093537.000000,18933.000000
271000095.000000,12462.000000,10935.000000,259327.000000,184981.000000,100537845.000000,10447.000000
272006981.000000,20083.000000,10072.000000,285747.000000,176942.000000,101000534.000000,19769.000000
273000529.000000,11395.000000,5421.000000,291784.000000,169636.000000,101461954.000000,10965.000000
274019489.000000,14035.000000,11595.000000,265702.000000,189163.000000,101916819.000000,11824.000000
275015581.000000,15772.000000,7187.000000,286800.000000,174800.000000,102378419.000000,15437.000000
276024502.000000,7993.000000,3838.000000,293421.000000,174800.000000,102846640.000000,7852.000000
277000980.000000,11630.000000,9785.000000,250922.000000,184001.000000,103281563.000000,9914.000000
278018280.000000,14445.000000,7192.000000,297403.000000,174800.000000,103753766.000000,14139.000000
279009902.000000,13810.000000,8254.000000,292275.000000,170209.000000,104216250.000000,13497.000000
280000025.000000,17184.000000,13111.000000,256124.000000,186857.000000,104659231.000000,15427.000000
281007743.000000,18627.000000,9285.000000,295281.000000,175383.000000,105129895.000000,18430.000000
282000051.000000,19393.000000,10765.000000,286776.000000,173127.000000,105589798.000000,18822.000000
283003636.000000,23593.000000,16744.000000,263572.000000,188557.000000,106041927.000000,22149.000000
284017224.000000,16713.000000,8783.000000,297011.000000,174722.000000,106513660.000000,16319.000000
285008570.000000,16390.000000,8954.000000,284460.000000,179404.000000,106977524.000000,16088.000000
286009131.000000,26546.000000,15671.000000,278289.000000,178709.000000,107434522.000000,25542.000000
287010689.000000,20574.000000,13994.000000,276666.000000,183998.000000,107895186.000000,19511.000000
288002221.000000,26050.000000,13507.000000,285407.000000,176077.000000,108356670.000000,25340.000000
289000014.000000,19667.000000,11433.000000,294378.000000,170109.000000,108821157.000000,19213.000000
290014160.000000,14868.000000,13436.000000,270510.000000,186907.000000,109278574.000000,12894.000000
291000007.000000,18585.000000,9679.000000,287531.000000,171121.000000,109737226.000000,18014.000000
292018853.000000,12110.000000,6995.000000,298500.000000,178479.000000,110214205.000000,12041.000000
293019720.000000,13969.000000,10313.000000,252558.000000,197800.000000,110664563.000000,13022.000000
294008868.000000,22326.000000,12052.000000,286158.000000,174802.000000,111125523.000000,21898.000000
295000021.000000,15001.000000,7644.000000,289606.000000,173569.000000,111588698.000000,14513.000000
296000013.000000,15379.000000,10004.000000,261236.000000,190890.000000,112040824.000000,14340.000000
297001635.000000,22537.000000,11442.000000,292795.000000,177670.000000,112511289.000000,22023.000000
298026469.000000,16183.000000,11941.000000,289718.000000,179749.000000,112980756.000000,15920.000000
299000019.000000,11656.000000,9102.000000,248527.000000,184025.000000,113413308.000000,10970.000000
300000117.000000,15852.000000,8061.000000,290037.000000,174302.000000,113877647.000000,15350.000000
301000048.000000,18311.000000,8914.000000,289273.000000,174825.000000,114341745.000000,17955.000000
302000006.000000,16682.000000,14442.000000,263378.000000,190061.000000,114795184.000000,14953.000000
303018331.000000,11941.000000,5617.000000,295315.000000,178386.000000,115268885.000000,11924.000000
304009819.000000,15410.000000,7289.000000,282017.000000,174799.000000,115725701.000000,15088.000000
305023252.000000,12834.000000,13956.000000,267378.000000,193200.000000,116186279.000000,11892.000000
306000032.000000,20649.000000,12535.000000,286046.000000,170880.000000,116643205.000000,20024.000000
307000005.000000,17542.000000,9332.000000,289948.000000,178017.000000,117111170.000000,17109.000000
308000032.000000,18044.000000,12297.000000,269797.000000,191386.000000,117572353.000000,17497.000000
309012272.000000,17481.000000,9990.000000,286951.000000,185321.000000,118044625.000000,17337.000000
310001345.000000,13541.000000,7849.000000,295740.000000,170200.000000,118510565.000000,13234.000000
311012779.000000,21139.000000,11872.000000,303357.000000,174800.000000,118988722.000000,20713.000000
312000890.000000,16702.000000,15953.000000,269186.000000,184003.000000,119441911.000000,14821.000000
313012092.000000,15885.000000,9082.000000,304492.000000,174797.000000,119921200.000000,15528.000000
314009619.000000,14470.000000,11575.000000,294422.000000,170202.000000,120385824.000000,14069.000000
315024145.000000,15723.000000,16608.000000,269818.000000,192509.000000,120848151.000000,13608.000000
316000011.000000,15589.000000,8969.000000,289228.000000,170372.000000,121307751.000000,15013.000000
317022990.000000,13177.000000,7486.000000,300299.000000,179227.000000,121787277.000000,13118.000000
318000016.000000,18590.000000,16637.000000,255905.000000,189081.000000,122232263.000000,16974.000000
319019171.000000,25424.000000,13479.000000,299365.000000,182553.000000,122714181.000000,25140.000000
320000003.000000,20758.000000,11524.000000,286424.000000,175158.000000,123175763.000000,20268.000000
321024233.000000,18483.000000,15930.000000,275374.000000,197444.000000,123648581.000000,17721.000000
322000674.000000,14212.000000,8380.000000,287898.000000,168349.000000,124104828.000000,13757.000000
323008830.000000,21215.000000,11587.000000,298676.000000,176649.000000,124580153.000000,20976.000000
324000268.000000,22797.000000,18187.000000,272125.000000,184001.000000,125036279.000000,21279.000000
325000035.000000,17175.000000,12073.000000,288455.000000,177743.000000,125502477.000000,16609.000000
326023480.000000,19219.000000,10784.000000,302473.000000,176456.000000,125981406.000000,19046.000000
327007450.000000,19693.000000,13823.000000,287539.000000,174892.000000,126443837.000000,19340.000000
328009196.000000,19431.000000,13315.000000,277739.000000,188510.000000,126910086.000000,18322.000000
329016454.000000,14293.000000,7802.000000,303664.000000,174798.000000,127388548.000000,14008.000000
330000234.000000,12490.000000,7955.000000,300064.000000,170265.000000,127858877.000000,12257.000000
331000010.000000,21842.000000,14742.000000,266675.000000,195341.000000,128320893.000000,20765.000000
332014429.000000,14040.000000,7242.000000,302866.000000,181794.000000,128805553.000000,13921.000000
333000019.000000,17414.000000,9229.000000,299269.000000,175112.000000,129279934.000000,16943.000000
334001175.000000,14352.000000,11766.000000,274281.000000,194657.000000,129748872.000000,13719.000000
335017415.000000,21993.000000,12276.000000,312617.000000,177634.000000,130239123.000000,21712.000000
336017814.000000,21567.000000,11642.000000,304732.000000,174797.000000,130718652.000000,21132.000000
337000008.000000,16944.000000,12649.000000,267575.000000,188626.000000,131174853.000000,16522.000000
338000005.000000,13458.000000,7431.000000,312493.000000,171000.000000,131658346.000000,12966.000000
339000006.000000,17415.000000,8991.000000,314348.000000,168973.000000,132141667.000000,17092.000000
340000086.000000,15704.000000,12445.000000,275102.000000,184602.000000,132601371.000000,15078.000000
341015059.000000,19833.000000,11985.000000,320755.000000,169999.000000,133092125.000000,19547.000000
342000002.000000,17340.000000,9556.000000,305639.000000,168135.000000,133565899.000000,16777.000000
343003533.000000,19332.000000,12399.000000,300213.000000,176901.000000,134043013.000000,18561.000000
344022920.000000,21870.000000,17344.000000,304361.000000,179364.000000,134526738.000000,20870.000000
345016841.000000,15462.000000,8810.000000,314456.000000,165600.000000,135006794.000000,15137.000000
346004875.000000,15951.000000,9724.000000,312434.000000,166980.000000,135486208.000000,15511.000000
347024820.000000,19494.000000,16704.000000,288409.000000,191820.000000,135966437.000000,18768.000000
348003781.000000,13163.000000,7698.000000,305880.000000,165602.000000,136437919.000000,12907.000000
349007925.000000,20093.000000,11930.000000,318508.000000,165602.000000,136922029.000000,19656.000000
350028861.000000,16766.000000,14166.000000,283879.000000,188597.000000,137394505.000000,15877.000000
351011016.000000,22150.000000,12487.000000,307753.000000,161014.000000,137863272.000000,21649.000000
352022715.000000,15017.000000,7980.000000,318914.000000,170187.000000,138352373.000000,14713.000000
353000038.000000,14803.000000,12211.000000,278969.000000,181097.000000,138812439.000000,13838.000000
354000010.000000,9773.000000,5956.000000,307124.000000,171766.000000,139291329.000000,9545.000000
355000764.000000,13641.000000,6890.000000,311671.000000,162335.000000,139765335.000000,13545.000000
356018013.000000,18369.000000,10992.000000,321456.000000,170208.000000,140256999.000000,17976.000000
357000016.000000,20785.000000,16075.000000,277518.000000,184349.000000,140718866.000000,19893.000000
358018830.000000,20722.000000,13113.000000,318930.000000,174443.000000,141212239.000000,20356.000000
359025517.000000,13217.000000,8258.000000,314022.000000,174800.000000,141701061.000000,12942.000000
360000029.000000,16904.000000,17453.000000,274842.000000,187346.000000,142163249.000000,16160.000000
361000004.000000,20723.000000,12156.000000,318771.000000,164405.000000,142646425.000000,20179.000000
362005283.000000,16257.000000,8681.000000,320746.000000,168049.000000,143135220.000000,16109.000000
363000125.000000,14691.000000,11269.000000,296493.000000,179404.000000,143611117.000000,14254.000000
364018441.000000,20247.000000,12765.000000,308862.000000,183997.000000,144103976.000000,19817.000000
365000005.000000,10938.000000,7024.000000,309810.000000,164482.000000,144578268.000000,10536.000000
366017203.000000,12051.000000,6783.000000,325944.000000,166717.000000,145070929.000000,11964.000000
367018274.000000,22716.000000,15998.000000,286309.000000,188600.000000,145545838.000000,21583.000000
368003689.000000,22296.000000,11871.000000,313474.000000,165602.000000,146024914.000000,21857.000000
369000033.000000,13909.000000,7394.000000,317339.000000,170383.000000,146512636.000000,13524.000000
370024909.000000,15149.000000,13216.000000,290527.000000,197615.000000,147000778.000000,14358.000000
371005725.000000,15247.000000,9893.000000,309742.000000,165616.000000,147476136.000000,14868.000000
372010838.000000,16990.000000,11652.000000,323952.000000,165584.000000,147965672.000000,16529.000000
373000004.000000,16270.000000,10426.000000,289429.000000,176292.000000,148431393.000000,15759.000000
374006884.000000,21303.000000,17203.000000,298094.000000,173309.000000,148902796.000000,20978.000000
375026959.000000,14781.000000,8353.000000,310719.000000,165606.000000,149379121.000000,14519.000000
376021181.000000,13169.000000,7493.000000,304799.000000,165593.000000,149849513.000000,12877.000000
377000084.000000,19735.000000,16341.000000,269328.000000,184016.000000,150302857.000000,18837.000000
378004133.000000,13799.000000,8936.000000,314047.000000,165587.000000,150782491.000000,13668.000000
379000004.000000,21936.000000,10852.000000,327609.000000,161496.000000,151271596.000000,21369.000000
380000670.000000,20992.000000,14553.000000,294557.000000,182340.000000,151748493.000000,19694.000000
381006412.000000,20252.000000,12607.000000,315276.000000,171361.000000,152235130.000000,19980.000000
382014888.000000,12422.000000,7210.000000,313001.000000,170200.000000,152718331.000000,12190.000000
383009292.000000,19455.000000,16590.000000,292273.000000,179400.000000,153190004.000000,19007.000000
384023537.000000,18260.000000,17925.000000,307467.000000,179400.000000,153676871.000000,17624.000000
385007644.000000,15205.000000,11362.000000,308418.000000,165600.000000,154150889.000000,14706.000000
386002338.000000,11274.000000,5544.000000,312185.000000,169088.000000,154632162.000000,10966.000000
387010447.000000,16847.000000,15885.000000,283714.000000,198916.000000,155114792.000000,16338.000000
388000118.000000,16511.000000,14104.000000,298907.000000,172857.000000,155586556.000000,15828.000000
389009591.000000,17783.000000,13058.000000,319718.000000,167552.000000,156073826.000000,17548.000000
390009835.000000,10700.000000,6392.000000,311873.000000,165592.000000,156551291.000000,10443.000000
391027558.000000,11821.000000,8532.000000,297211.000000,188595.000000,157037097.000000,11423.000000
392000033.000000,20970.000000,10375.000000,311701.000000,166089.000000,157514887.000000,20283.000000
393000019.000000,23982.000000,12879.000000,323651.000000,170130.000000,158008668.000000,23464.000000
394002303.000000,19674.000000,16617.000000,287837.000000,193918.000000,158490423.000000,18882.000000
395000536.000000,24720.000000,12829.000000,316394.000000,172266.000000,158979083.000000,24087.000000
396013194.000000,16941.000000,14336.000000,311427.000000,171597.000000,159462107.000000,16698.000000
397000186.000000,19770.000000,11211.000000,314050.000000,162363.000000,159938520.000000,19126.000000
398017258.000000,19210.000000,20626.000000,291198.000000,196442.000000,160426160.000000,19027.000000
399023707.000000,14684.000000,7067.000000,322430.000000,170195.000000,160918785.000000,14421.000000
400009573.000000,14146.000000,6715.000000,313643.000000,170200.000000,161402628.000000,13857.000000
401023500.000000,20044.000000,18373.000000,285958.000000,197800.000000,161886386.000000,19427.000000
402022386.000000,18775.000000,12751.000000,317703.000000,165600.000000,162369689.000000,18329.000000
403002340.000000,14524.000000,7959.000000,317771.000000,161005.000000,162848465.000000,14218.000000
404007096.000000,23892.000000,18501.000000,295683.000000,193197.000000,163337345.000000,23253.000000
405024749.000000,16604.000000,10301.000000,319033.000000,179398.000000,163835776.000000,15885.000000
406006786.000000,15043.000000,8929.000000,317825.000000,165608.000000,164319209.000000,14705.000000
407000007.000000,17158.000000,10069.000000,319615.000000,168772.000000,164807596.000000,16625.000000
408000009.000000,20874.000000,18796.000000,289607.000000,188804.000000,165286007.000000,20299.000000
409001533.000000,23259.000000,17614.000000,317745.000000,166816.000000,165770568.000000,22810.000000
410002690.000000,18158.000000,12004.000000,315489.000000,167680.000000,166253737.000000,17518.000000
411000018.000000,18800.000000,14694.000000,292522.000000,189946.000000,166736205.000000,18345.000000
412000011.000000,29298.000000,17427.000000,317479.000000,170263.000000,167223947.000000,28582.000000
413002270.000000,19707.000000,12114.000000,319655.000000,171312.000000,167714914.000000,19401.000000
414003276.000000,17782.000000,11053.000000,328925.000000,165600.000000,168209439.000000,17347.000000
415017489.000000,14333.000000,11647.000000,304305.000000,188601.000000,168702345.000000,14035.000000
416000101.000000,19587.000000,13474.000000,308793.000000,171694.000000,169182832.000000,19028.000000
417020591.000000,17044.000000,10546.000000,340308.000000,168704.000000,169691844.000000,16770.000000
418012041.000000,17910.000000,15556.000000,289835.000000,184000.000000,170165679.000000,17081.000000
419006541.000000,19516.000000,15333.000000,309189.000000,174801.000000,170649669.000000,19004.000000
420023663.000000,13762.000000,8707.000000,341497.000000,160999.000000,171152165.000000,13453.000000
421029979.000000,14716.000000,12090.000000,315763.000000,170205.000000,171638133.000000,14318.000000
422023016.000000,16147.000000,14249.000000,300207.000000,183996.000000,172122336.000000,15591.000000
423001066.000000,16540.000000,11496.000000,308324.000000,164846.000000,172595506.000000,15880.000000
424017854.000000,20266.000000,11909.000000,329885.000000,170954.000000,173096345.000000,19998.000000
425009925.000000,17909.000000,10666.000000,326625.000000,165599.000000,173588569.000000,17562.000000
426000010.000000,28921.000000,26081.000000,282641.000000,188961.000000,174060171.000000,27426.000000
427000008.000000,16607.000000,12587.000000,319328.000000,163712.000000,174543211.000000,16056.000000
428004398.000000,14511.000000,9142.000000,327646.000000,167127.000000,175037984.000000,14382.000000
429004262.000000,17909.000000,15232.000000,301810.000000,188604.000000,175528398.000000,17491.000000
430000805.000000,21499.000000,12048.000000,312808.000000,176132.000000,176017338.000000,20742.000000
431025271.000000,19620.000000,12288.000000,336202.000000,168864.000000,176522404.000000,19384.000000
432021479.000000,20952.000000,11867.000000,317507.000000,165600.000000,177005511.000000,20442.000000
433000817.000000,13078.000000,13036.000000,282123.000000,186900.000000,177474534.000000,12527.000000
434000002.000000,17277.000000,13071.000000,322374.000000,165990.000000,177962898.000000,16831.000000
435000005.000000,26523.000000,22948.000000,309823.000000,169091.000000,178441812.000000,25700.000000
436010108.000000,14669.000000,8250.000000,338422.000000,163419.000000,178943653.000000,14504.000000
437024564.000000,16732.000000,15045.000000,310124.000000,188600.000000,179442377.000000,16136.000000
438016431.000000,21176.000000,15414.000000,318414.000000,165601.000000,179926392.000000,20633.000000
439001516.000000,21122.000000,14613.000000,313854.000000,165599.000000,180405845.000000,20659.000000
440015708.000000,24905.000000,16945.000000,329231.000000,170200.000000,180905276.000000,24319.000000
441028178.000000,16689.000000,16933.000000,292520.000000,188605.000000,181386401.000000,15739.000000
442028164.000000,23010.000000,14081.000000,333517.000000,165595.000000,181885513.000000,22453.000000
443000009.000000,18519.000000,12268.000000,311085.000000,161491.000000,182358089.000000,17888.000000
444016982.000000,25263.000000,18414.000000,310730.000000,174324.000000,182843143.000000,24438.000000
445003585.000000,23592.000000,19578.000000,291079.000000,183985.000000,183318207.000000,23081.000000
446000044.000000,19457.000000,12780.000000,320475.000000,160823.000000,183799505.000000,18889.000000
447004951.000000,20619.000000,12640.000000,321642.000000,165779.000000,184286926.000000,20287.000000
448000001.000000,21691.000000,20387.000000,289180.000000,189162.000000,184765268.000000,20887.000000
449019914.000000,21839.000000,14993.000000,323080.000000,174236.000000,185262584.000000,21421.000000
450010365.000000,19865.000000,12986.000000,319606.000000,165603.000000,185747793.000000,19435.000000
451004782.000000,10321.000000,6518.000000,320722.000000,165612.000000,186234127.000000,10107.000000
452029570.000000,27559.000000,20318.000000,303901.000000,193185.000000,186731213.000000,26802.000000
453000002.000000,14981.000000,9522.000000,316136.000000,160926.000000,187208275.000000,14449.000000
454014880.000000,18385.000000,11839.000000,331482.000000,170274.000000,187710031.000000,18194.000000
455001595.000000,23887.000000,21257.000000,290419.000000,193202.000000,188193652.000000,23316.000000
456000017.000000,21432.000000,13965.000000,323793.000000,169373.000000,188686818.000000,20758.000000
457020100.000000,12914.000000,9490.000000,331449.000000,166425.000000,189184692.000000,12826.000000
458000004.000000,22616.000000,13766.000000,318254.000000,157619.000000,189660565.000000,21980.000000
459000034.000000,20013.000000,18063.000000,297219.000000,190913.000000,190148697.000000,19581.000000
460028289.000000,18758.000000,11404.000000,333054.000000,171268.000000,190653019.000000,18436.000000
461000017.000000,20210.000000,14305.000000,310341.000000,163949.000000,191127309.000000,19527.000000
462001834.000000,23519.000000,19537.000000,284712.000000,195113.000000,191607134.000000,22944.000000
463013791.000000,19409.000000,11898.000000,321780.000000,165338.000000,192094252.000000,19027.000000
464000001.000000,22651.000000,12566.000000,323947.000000,155224.000000,192573423.000000,22001.000000
465000003.000000,18719.000000,16562.000000,307526.000000,167288.000000,193048237.000000,18237.000000
466015545.000000,26885.000000,20623.000000,304164.000000,192689.000000,193545090.000000,26392.000000
467000111.000000,16730.000000,11672.000000,303372.000000,166096.000000,194014558.000000,16056.000000
468018725.000000,23332.000000,18230.000000,307181.000000,178903.000000,194500642.000000,22865.000000
469004853.000000,20617.000000,11293.000000,336638.000000,156400.000000,194993680.000000,20183.000000
470009547.000000,20696.000000,15715.000000,306709.000000,184002.000000,195484391.000000,20218.000000
471005832.000000,19537.000000,12165.000000,337972.000000,156398.000000,195978761.000000,19083.000000
472025540.000000,23318.000000,18715.000000,343246.000000,165600.000000,196487607.000000,22757.000000
473003522.000000,16401.000000,11962.000000,322231.000000,161000.000000,196970838.000000,16026.000000
474015405.000000,14978.000000,13024.000000,310640.000000,188600.000000,197470078.000000,14583.000000
475018346.000000,20513.000000,12832.000000,336847.000000,165600.000000,197972525.000000,19959.000000
476015354.000000,12744.000000,8392.000000,335147.000000,156400.000000,198464072.000000,12429.000000
477006120.000000,25186.000000,21771.000000,303529.000000,170200.000000,198937801.000000,24378.000000
478022158.000000,28547.000000,22362.000000,314073.000000,184000.000000,199435874.000000,27725.000000
479000020.000000,25710.000000,19518.000000,308630.000000,164801.000000,199909305.000000,24822.000000
480001848.000000,17307.000000,11024.000000,331340.000000,165627.000000,200406272.000000,16876.000000
481000006.000000,20508.000000,15235.000000,307452.000000,191175.000000,200904899.000000,19961.000000
482000004.000000,15823.000000,10466.000000,333991.000000,159612.000000,201398502.000000,15458.000000
483000024.000000,21318.000000,15062.000000,334160.000000,164228.000000,201896890.000000,20888.000000
484015409.000000,16077.000000,13286.000000,325524.000000,171158.000000,202393572.000000,15756.000000
485000022.000000,27849.000000,25840.000000,286959.000000,191713.000000,202872244.000000,26977.000000
486029075.000000,19472.000000,16562.000000,321446.000000,176286.000000,203369976.000000,19007.000000
487010120.000000,16002.000000,11648.000000,313427.000000,165600.000000,203849003.000000,15532.000000
488014328.000000,8413.000000,6300.000000,334663.000000,165600.000000,204349266.000000,8227.000000
489012843.000000,21399.000000,20273.000000,301921.000000,188600.000000,204839787.000000,20849.000000
490013300.000000,19947.000000,14746.000000,329974.000000,165602.000000,205335363.000000,19390.000000
491005787.000000,21456.000000,14872.000000,333405.000000,161001.000000,205829769.000000,20893.000000
492003305.000000,20516.000000,14376.000000,322248.000000,170197.000000,206322214.000000,19986.000000
493000051.000000,22429.000000,18344.000000,299788.000000,194301.000000,206816303.000000,21689.000000
494020500.000000,20708.000000,15113.000000,324394.000000,178300.000000,207318997.000000,20406.000000
495023366.000000,18567.000000,11608.000000,327520.000000,165599.000000,207812116.000000,18085.000000
496016146.000000,17010.000000,11276.000000,333134.000000,161007.000000,208306257.000000,16582.000000
497000006.000000,20056.000000,16781.000000,287788.000000,190589.000000,208784634.000000,19438.000000
498003243.000000,17267.000000,12150.000000,339977.000000,159004.000000,209283615.000000,17039.000000
499003278.000000,26812.000000,21991.000000,302958.000000,179410.000000,209765983.000000,26047.000000
500004923.000000,16496.000000,13134.000000,319106.000000,174790.000000,210259879.000000,15966.000000
501018538.000000,19080.000000,19188.000000,293793.000000,202400.000000,210756072.000000,18550.000000
502026836.000000,15368.000000,10556.000000,339304.000000,170200.000000,211265576.000000,14960.000000
503016041.000000,19967.000000,17358.000000,316577.000000,170200.000000,211752353.000000,19364.000000
504000010.000000,22624.000000,14178.000000,331862.000000,161663.000000,212245878.000000,21943.000000
505000043.000000,26048.000000,20413.000000,308048.000000,190650.000000,212744576.000000,25389.000000
506001323.000000,16813.000000,10885.000000,333584.000000,168341.000000,213246501.000000,16388.000000
507019112.000000,16220.000000,13263.000000,334484.000000,173946.000000,213754931.000000,16000.000000
508000011.000000,14893.000000,12199.000000,319741.000000,176929.000000,214251601.000000,14278.000000
509009916.000000,31446.000000,23231.000000,322130.000000,177271.000000,214751002.000000,30702.000000
510014218.000000,21565.000000,13627.000000,338082.000000,165602.000000,215254686.000000,21020.000000
511003440.000000,21993.000000,15065.000000,327267.000000,165598.000000,215747551.000000,21427.000000
512000054.000000,25897.000000,21940.000000,301735.000000,188157.000000,216237443.000000,25182.000000
513000006.000000,11568.000000,9941.000000,321305.000000,171902.000000,216730650.000000,11062.000000
514000031.000000,18119.000000,11088.000000,333199.000000,169495.000000,217233344.000000,17644.000000
515016492.000000,19369.000000,12905.000000,329482.000000,169648.000000,217732474.000000,19058.000000
516000007.000000,13744.000000,11642.000000,289286.000000,188850.000000,218210610.000000,13402.000000
517000025.000000,22776.000000,13104.000000,338045.000000,162762.000000,218711417.000000,22071.000000
518000006.000000,15589.000000,10427.000000,337271.000000,161628.000000,219210316.000000,15234.000000
519000005.000000,19241.000000,14601.000000,322073.000000,181799.000000,219714188.000000,18897.000000
520028709.000000,20960.000000,13145.000000,335915.000000,183560.000000,220233663.000000,20515.000000
521000147.000000,22039.000000,11407.000000,326554.000000,160999.000000,220721216.000000,21546.000000
522022595.000000,18641.000000,13215.000000,340893.000000,170202.000000,221232311.000000,18145.000000
523000040.000000,21529.000000,19007.000000,300316.000000,186632.000000,221719259.000000,20793.000000
524000008.000000,20726.000000,13838.000000,322478.000000,166879.000000,222208616.000000,20160.000000
525000023.000000,22539.000000,17824.000000,304010.000000,174955.000000,222687581.000000,22011.000000
526001933.000000,14336.000000,7677.000000,337398.000000,167781.000000,223192760.000000,13865.000000
527000003.000000,25249.000000,23273.000000,293532.000000,193336.000000,223679628.000000,24508.000000
528001368.000000,15173.000000,10697.000000,325005.000000,168961.000000,224173594.000000,14765.000000
529014363.000000,22613.000000,17358.000000,317761.000000,174254.000000,224665609.000000,22194.000000
530021587.000000,20009.000000,14260.000000,342733.000000,165601.000000,225173943.000000,19531.000000
531000539.000000,24343.000000,21648.000000,306755.000000,183999.000000,225664697.000000,23563.000000
532024097.000000,13562.000000,8550.000000,344908.000000,170200.000000,226179805.000000,13214.000000
533000447.000000,14972.000000,8019.000000,335590.000000,157895.000000,226673290.000000,14446.000000
534027283.000000,33843.000000,25244.000000,316906.000000,196308.000000,227186504.000000,33214.000000
535000013.000000,18318.000000,9604.000000,330404.000000,157667.000000,227674575.000000,17660.000000
536021952.000000,17939.000000,10871.000000,333793.000000,168930.000000,228177298.000000,17716.000000
537000002.000000,14938.000000,8650.000000,325819.000000,165285.000000,228668402.000000,14317.000000
538003329.000000,17661.000000,14111.000000,307213.000000,193515.000000,229169130.000000,17385.000000
539010701.000000,21728.000000,15548.000000,321801.000000,174800.000000,229665731.000000,21123.000000
540013982.000000,21879.000000,12191.000000,338490.000000,165601.000000,230169822.000000,21332.000000
541000049.000000,21204.000000,18942.000000,300376.000000,189051.000000,230659249.000000,20603.000000
542016018.000000,21195.000000,13798.000000,342614.000000,169748.000000,231171611.000000,20775.000000
543014826.000000,19050.000000,11677.000000,340477.000000,165600.000000,231677688.000000,18618.000000
544006250.000000,15865.000000,8538.000000,332827.000000,165600.000000,232176115.000000,15482.000000
545000995.000000,24863.000000,19650.000000,312609.000000,183879.000000,232672603.000000,24030.000000
546000557.000000,16345.000000,10767.000000,340771.000000,161875.000000,233175249.000000,16010.000000
547002294.000000,19965.000000,12549.000000,343932.000000,164848.000000,233684029.000000,19632.000000
548002500.000000,19531.000000,15602.000000,310233.000000,191154.000000,234185416.000000,18840.000000
549020399.000000,17035.000000,11222.000000,339371.000000,172245.000000,234697032.000000,16740.000000
550000287.000000,24889.000000,14381.000000,325716.000000,165477.000000,235188225.000000,24045.000000
551009526.000000,19009.000000,11750.000000,338610.000000,170340.000000,235697175.000000,18684.000000
552016770.000000,18213.000000,14260.000000,318095.000000,188582.000000,236203852.000000,17735.000000
553000584.000000,18789.000000,11454.000000,330208.000000,165182.000000,236699242.000000,18215.000000
554022018.000000,12577.000000,10173.000000,340959.000000,175219.000000,237215420.000000,12302.000000
555004215.000000,16735.000000,13814.000000,303049.000000,188599.000000,237707068.000000,16310.000000
556016831.000000,17099.000000,9902.000000,338608.000000,174801.000000,238220477.000000,16682.000000
557013480.000000,23334.000000,17429.000000,330917.000000,174799.000000,238726193.000000,22669.000000
558018817.000000,17938.000000,12496.000000,337493.000000,174800.000000,239238486.000000,17470.000000
559003799.000000,21973.000000,20982.000000,309635.000000,188600.000000,239736721.000000,21363.000000
560017178.000000,19496.000000,13182.000000,332954.000000,170203.000000,240239878.000000,18953.000000
561000006.000000,19153.000000,10012.000000,325892.000000,163436.000000,240729206.000000,18404.000000
562000002.000000,14714.000000,14470.000000,298850.000000,195592.000000,241223648.000000,14351.000000
563000001.000000,20481.000000,10940.000000,340474.000000,160633.000000,241724755.000000,19874.000000
564017539.000000,19913.000000,9873.000000,346285.000000,165736.000000,242236776.000000,19635.000000
565012427.000000,17733.000000,11759.000000,327966.000000,174802.000000,242739544.000000,17292.000000
566008955.000000,13879.000000,10617.000000,328621.000000,174799.000000,243242964.000000,13498.000000
567000040.000000,15168.000000,9115.000000,332851.000000,169360.000000,243745175.000000,14624.000000
568000055.000000,21213.000000,11430.000000,337710.000000,167525.000000,244250410.000000,20677.000000
569001811.000000,19884.000000,16454.000000,317199.000000,189988.000000,244757597.000000,19440.000000
570010525.000000,14437.000000,9523.000000,346359.000000,167726.000000,245271682.000000,14266.000000
571002689.000000,14669.000000,10203.000000,332662.000000,165600.000000,245769944.000000,14250.000000
572022820.000000,15776.000000,10436.000000,323076.000000,193200.000000,246286220.000000,15387.000000
573009547.000000,20317.000000,11881.000000,334030.000000,165603.000000,246785853.000000,19854.000000
574001823.000000,20266.000000,12406.000000,335236.000000,170197.000000,247291286.000000,19682.000000
575003133.000000,22199.000000,13372.000000,338021.000000,165600.000000,247794907.000000,21599.000000
576023232.000000,19451.000000,15066.000000,321065.000000,188601.000000,248304573.000000,18983.000000
577002161.000000,12553.000000,7008.000000,335145.000000,161503.000000,248801221.000000,12089.000000
578015008.000000,20920.000000,11206.000000,343503.000000,169696.000000,249314420.000000,20589.000000
579015078.000000,27655.000000,19119.000000,315328.000000,193201.000000,249822949.000000,26922.000000
580019097.000000,21527.000000,14254.000000,338866.000000,170201.000000,250332016.000000,21009.000000
581019060.000000,16988.000000,9529.000000,341878.000000,165598.000000,250839492.000000,16530.000000
582000009.000000,21688.000000,12625.000000,330770.000000,167641.000000,251337903.000000,20989.000000
583000163.000000,24090.000000,21314.000000,311691.000000,196293.000000,251845887.000000,23531.000000
584000018.000000,29200.000000,17370.000000,339201.000000,172980.000000,252358068.000000,28546.000000
585000131.000000,15544.000000,9345.000000,342033.000000,169572.000000,252869673.000000,15162.000000
586001390.000000,16737.000000,14613.000000,315758.000000,195114.000000,253380545.000000,16431.000000
587000006.000000,21127.000000,11373.000000,338283.000000,169373.000000,253888201.000000,20446.000000
588010443.000000,17104.000000,10917.000000,341103.000000,171027.000000,254400331.000000,16888.000000
589008448.000000,27251.000000,18788.000000,311762.000000,193200.000000,254905293.000000,26587.000000
590015310.000000,16464.000000,8658.000000,340122.000000,165600.000000,255411015.000000,16088.000000
591002072.000000,13473.000000,7335.000000,324914.000000,165602.000000,255901531.000000,13145.000000
592028416.000000,21732.000000,13089.000000,348585.000000,170198.000000,256420314.000000,21228.000000
593000012.000000,21133.000000,13754.000000,305857.000000,183884.000000,256910055.000000,20515.000000
594020600.000000,12255.000000,6681.000000,346930.000000,170316.000000,257427301.000000,12151.000000
595007831.000000,15586.000000,8586.000000,336559.000000,165602.000000,257929462.000000,15190.000000
596000587.000000,23489.000000,17906.000000,309895.000000,189700.000000,258429057.000000,22643.000000
597000005.000000,22738.000000,17691.000000,326190.000000,171296.000000,258926543.000000,22038.000000
598023475.000000,15476.000000,9098.000000,347247.000000,177205.000000,259450995.000000,15268.000000
599020843.000000,16981.000000,9779.000000,338844.000000,165602.000000,259955441.000000,16573.000000
600001980.000000,14612.000000,12777.000000,309624.000000,185445.000000,260450510.000000,14068.000000
601001942.000000,23154.000000,13001.000000,340351.000000,171342.000000,260962203.000000,22549.000000
602005912.000000,13343.000000,7361.000000,339851.000000,172208.000000,261474262.000000,13212.000000
603012477.000000,19269.000000,15957.000000,317454.000000,193200.000000,261984916.000000,18703.000000
604000010.000000,16891.000000,10451.000000,333534.000000,170214.000000,262488664.000000,16483.000000
605007505.000000,25514.000000,13444.000000,341411.000000,170188.000000,263000263.000000,24863.000000
606000002.000000,21028.000000,15975.000000,314069.000000,188864.000000,263503196.000000,20429.000000
607026427.000000,15264.000000,7869.000000,347464.000000,174534.000000,264025194.000000,14932.000000
608000945.000000,18313.000000,9949.000000,331773.000000,164300.000000,264521267.000000,17701.000000
609011762.000000,14586.000000,9212.000000,343402.000000,171511.000000,265036180.000000,14422.000000
610000020.000000,22279.000000,16269.000000,294590.000000,194528.000000,265525298.000000,21508.000000
611003276.000000,16701.000000,8360.000000,337927.000000,164261.000000,266027486.000000,16516.000000
612026991.000000,17151.000000,8874.000000,344941.000000,174800.000000,266547227.000000,16718.000000
613012340.000000,24787.000000,19186.000000,305932.000000,188600.000000,267041759.000000,24085.000000
614002208.000000,22928.000000,12327.000000,320823.000000,174800.000000,267537382.000000,22276.000000
615019576.000000,19531.000000,11606.000000,343841.000000,170200.000000,268051423.000000,19054.000000
616000002.000000,22656.000000,18222.000000,307247.000000,176012.000000,268534682.000000,21899.000000
617000013.000000,18429.000000,12729.000000,324046.000000,178583.000000,269037311.000000,17987.000000
618007434.000000,20490.000000,13416.000000,330989.000000,169807.000000,269538107.000000,19995.000000
619024377.000000,23342.000000,14428.000000,328321.000000,174799.000000,270041227.000000,22736.000000
620009385.000000,28132.000000,22835.000000,294570.000000,193201.000000,270528998.000000,27265.000000
621001778.000000,15560.000000,8996.000000,338937.000000,165600.000000,271033535.000000,15202.000000
622024259.000000,21001.000000,11053.000000,346353.000000,174832.000000,271554720.000000,20490.000000
623000024.000000,18010.000000,11036.000000,318535.000000,176565.000000,272049820.000000,17295.000000
624000015.000000,27359.000000,17713.000000,329066.000000,178208.000000,272557094.000000,26797.000000
625000135.000000,16776.000000,9313.000000,337224.000000,174193.000000,273068511.000000,16546.000000
626000515.000000,16463.000000,9837.000000,336855.000000,170201.000000,273575567.000000,16099.000000
627000011.000000,20517.000000,17205.000000,314353.000000,189526.000000,274079446.000000,19895.000000
628002505.000000,16718.000000,8887.000000,344020.000000,169275.000000,274592741.000000,16455.000000
629003620.000000,15262.000000,8356.000000,343643.000000,165599.000000,275101983.000000,14820.000000
630000033.000000,27363.000000,20792.000000,308414.000000,197473.000000,275607870.000000,26451.000000
631023689.000000,17231.000000,10675.000000,342634.000000,175126.000000,276125630.000000,17014.000000
632000002.000000,17218.000000,9243.000000,330139.000000,165298.000000,276621067.000000,16557.000000
633000006.000000,21096.000000,16130.000000,320064.000000,186319.000000,277127450.000000,20535.000000
634000036.000000,16888.000000,11259.000000,332215.000000,172943.000000,277632608.000000,16387.000000
635000002.000000,17043.000000,8197.000000,336470.000000,165177.000000,278134255.000000,16641.000000
636015932.000000,9381.000000,5400.000000,345504.000000,170463.000000,278650222.000000,9335.000000
637026695.000000,21632.000000,16950.000000,322440.000000,188603.000000,279161265.000000,21101.000000
638000309.000000,21843.000000,9955.000000,331045.000000,165627.000000,279657937.000000,21370.000000
639000856.000000,17986.000000,9810.000000,339414.000000,169698.000000,280167049.000000,17325.000000
640000007.000000,23369.000000,20028.000000,316906.000000,194078.000000,280678033.000000,22871.000000
641004458.000000,12216.000000,6308.000000,344029.000000,165202.000000,281187264.000000,12064.000000
642003145.000000,15510.000000,9473.000000,336230.000000,170279.000000,281693773.000000,15144.000000
643007302.000000,20210.000000,14910.000000,316774.000000,193121.000000,282203668.000000,19737.000000
644018794.000000,18051.000000,9108.000000,341977.000000,174793.000000,282720438.000000,17602.000000
645005214.000000,20668.000000,10990.000000,333805.000000,170199.000000,283224442.000000,20160.000000
646000006.000000,23129.000000,16563.000000,319614.000000,188999.000000,283733055.000000,22370.000000
647000112.000000,14450.000000,8753.000000,339710.000000,173052.000000,284245817.000000,14005.000000
648008341.000000,17843.000000,10363.000000,340665.000000,171549.000000,284758031.000000,17569.000000
649019499.000000,18521.000000,9353.000000,351200.000000,165600.000000,285274831.000000,18071.000000
650009933.000000,28972.000000,21316.000000,313110.000000,193200.000000,285781141.000000,28207.000000
651019253.000000,16147.000000,9058.000000,340468.000000,170204.000000,286291813.000000,15792.000000
652000006.000000,17517.000000,10498.000000,334325.000000,166179.000000,286792317.000000,16886.000000
653000001.000000,23381.000000,21016.000000,314872.000000,193207.000000,287300396.000000,22828.000000
654021277.000000,18174.000000,10829.000000,344111.000000,169610.000000,287814117.000000,17769.000000
655011429.000000,19622.000000,10460.000000,334683.000000,170200.000000,288319000.000000,19093.000000
656013234.000000,21503.000000,15469.000000,316884.000000,193203.000000,288829087.000000,20962.000000
657010858.000000,18524.000000,8875.000000,342386.000000,165597.000000,289337070.000000,18101.000000
658003012.000000,21772.000000,11920.000000,338292.000000,165445.000000,289840807.000000,21209.000000
659009437.000000,21568.000000,14029.000000,331034.000000,179582.000000,290351423.000000,21114.000000
660020511.000000,21232.000000,12312.000000,333295.000000,179373.000000,290864091.000000,20630.000000
661006315.000000,15915.000000,8010.000000,334635.000000,165600.000000,291364326.000000,15537.000000
662000019.000000,14069.000000,7491.000000,339016.000000,167013.000000,291870355.000000,13585.000000
663024230.000000,20600.000000,17848.000000,327973.000000,196394.000000,292394722.000000,20194.000000
664022852.000000,17772.000000,10042.000000,338944.000000,170193.000000,292903859.000000,17292.000000
665000014.000000,19207.000000,11794.000000,328879.000000,166047.000000,293398785.000000,18607.000000
666019748.000000,16993.000000,14179.000000,325918.000000,192753.000000,293917456.000000,16696.000000
667009888.000000,21727.000000,11615.000000,334868.000000,170200.000000,294422524.000000,21154.000000
668008336.000000,15355.000000,8465.000000,339576.000000,170203.000000,294932303.000000,14996.000000
669000107.000000,24783.000000,21020.000000,315789.000000,192918.000000,295441010.000000,23972.000000
670010941.000000,21123.000000,9959.000000,344439.000000,170480.000000,295955929.000000,20838.000000
671022792.000000,18366.000000,10004.000000,341948.000000,174799.000000,296472676.000000,17906.000000
672000036.000000,25778.000000,18238.000000,314994.000000,181636.000000,296969306.000000,25035.000000
673006478.000000,25487.000000,13832.000000,334474.000000,177164.000000,297480944.000000,24909.000000
674000021.000000,23372.000000,13782.000000,332714.000000,175369.000000,297989027.000000,22616.000000
675008061.000000,16642.000000,9823.000000,340073.000000,174231.000000,298503331.000000,16356.000000
676000020.000000,24732.000000,20320.000000,308264.000000,191482.000000,299003077.000000,23831.000000
677019623.000000,25501.000000,14114.000000,340472.000000,176518.000000,299520067.000000,25027.000000
678021911.000000,23064.000000,11931.000000,338908.000000,174800.000000,300033775.000000,22534.000000
679000001.000000,20388.000000,15497.000000,311452.000000,189722.000000,300534949.000000,19623.000000
680018283.000000,19877.000000,9840.000000,346464.000000,173678.000000,301055091.000000,19614.000000
681002833.000000,16075.000000,7858.000000,337125.000000,165619.000000,301557835.000000,15686.000000
682000017.000000,19732.000000,15262.000000,318483.000000,191013.000000,302067331.000000,19141.000000
683000004.000000,22007.000000,11373.000000,336481.000000,170240.000000,302574052.000000,21502.000000
684026482.000000,17228.000000,8793.000000,343746.000000,172328.000000,303090126.000000,17026.000000
685000063.000000,24757.000000,18932.000000,305312.000000,189453.000000,303584891.000000,23998.000000
686027102.000000,16493.000000,9609.000000,352507.000000,173949.000000,304111347.000000,16158.000000
687024269.000000,21173.000000,10982.000000,335423.000000,170198.000000,304616968.000000,20658.000000
688004742.000000,21586.000000,13428.000000,322170.000000,179401.000000,305118539.000000,21004.000000
689018262.000000,20795.000000,14324.000000,330213.000000,183999.000000,305632751.000000,20214.000000
690000841.000000,13192.000000,6498.000000,330301.000000,170200.000000,306133252.000000,12864.000000
691000042.000000,18799.000000,9217.000000,337074.000000,174628.000000,306644954.000000,18160.000000
692000001.000000,23318.000000,17566.000000,315018.000000,195727.000000,307155699.000000,22697.000000
693007380.000000,14725.000000,6733.000000,336948.000000,172446.000000,307665093.000000,14534.000000
694000029.000000,19175.000000,9470.000000,335234.000000,168895.000000,308169222.000000,18501.000000
695010260.000000,15511.000000,12295.000000,317026.000000,194504.000000,308680752.000000,15229.000000
696000207.000000,20166.000000,11100.000000,330695.000000,171823.000000,309183270.000000,19487.000000
697007610.000000,18056.000000,9640.000000,337500.000000,177782.000000,309698552.000000,17828.000000
698009399.000000,25271.000000,21176.000000,310281.000000,193195.000000,310202028.000000,24595.000000
699001197.000000,24957.000000,14378.000000,331764.000000,170940.000000,310704732.000000,24144.000000
700009732.000000,15573.000000,6892.000000,341371.000000,174066.000000,311220169.000000,15381.000000
701010547.000000,21002.000000,17707.000000,318482.000000,193194.000000,311731845.000000,20389.000000
702018049.000000,13379.000000,6674.000000,340736.000000,174800.000000,312247381.000000,13068.000000
703010096.000000,21650.000000,10960.000000,333864.000000,174800.000000,312756045.000000,21050.000000
704024397.000000,17594.000000,13603.000000,319053.000000,197800.000000,313272898.000000,17094.000000
705001093.000000,25058.000000,13814.000000,319587.000000,172021.000000,313764506.000000,24163.000000
706000696.000000,17199.000000,10125.000000,337950.000000,174346.000000,314276802.000000,16783.000000
707015399.000000,24113.000000,20321.000000,319137.000000,191837.000000,314787776.000000,23534.000000
708010072.000000,16050.000000,10140.000000,320031.000000,183996.000000,315291803.000000,15607.000000
709020915.000000,16119.000000,10144.000000,332860.000000,174800.000000,315799463.000000,15719.000000
710007806.000000,17269.000000,9529.000000,323499.000000,170200.000000,316293162.000000,16805.000000
711010184.000000,22985.000000,20664.000000,315567.000000,193201.000000,316801930.000000,22306.000000
712008958.000000,19402.000000,9278.000000,336405.000000,174799.000000,317313134.000000,18960.000000
713004231.000000,23096.000000,12896.000000,319937.000000,179404.000000,317812475.000000,22456.000000
714002005.000000,19085.000000,12204.000000,316044.000000,193198.000000,318321717.000000,18616.000000
715012730.000000,19020.000000,9724.000000,340665.000000,174798.000000,318837180.000000,18539.000000
716000030.000000,19685.000000,11503.000000,325793.000000,174267.000000,319337240.000000,19083.000000
717003312.000000,18922.000000,13832.000000,313003.000000,198334.000000,319848577.000000,18542.000000
718007880.000000,19722.000000,10345.000000,338379.000000,179400.000000,320366356.000000,19234.000000
719017815.000000,15360.000000,9765.000000,321464.000000,179399.000000,320867219.000000,14982.000000
720001193.000000,17516.000000,10744.000000,312965.000000,184007.000000,321364191.000000,17054.000000
721001327.000000,15994.000000,8067.000000,324718.000000,183997.000000,321872906.000000,15642.000000
722000018.000000,18122.000000,8723.000000,332019.000000,177556.000000,322382481.000000,17503.000000
723000013.000000,19012.000000,9924.000000,336076.000000,177189.000000,322895746.000000,18634.000000
724001047.000000,24665.000000,20134.000000,301136.000000,197255.000000,323394137.000000,24055.000000
725003817.000000,13554.000000,6308.000000,339373.000000,174801.000000,323908311.000000,13258.000000
726020373.000000,17714.000000,6986.000000,346974.000000,174801.000000,324430086.000000,17293.000000
727000018.000000,23338.000000,16425.000000,306254.000000,192186.000000,324928526.000000,22477.000000
728023999.000000,17672.000000,9040.000000,343414.000000,180416.000000,325452356.000000,17415.000000
729001559.000000,21496.000000,9443.000000,330265.000000,174792.000000,325957413.000000,21023.000000
730019067.000000,18219.000000,14693.000000,321428.000000,197803.000000,326476644.000000,17740.000000
731000009.000000,19828.000000,8468.000000,330318.000000,174812.000000,326981774.000000,19355.000000
732016732.000000,17224.000000,8921.000000,340957.000000,174785.000000,327497516.000000,16801.000000
733000031.000000,22583.000000,17068.000000,309717.000000,192434.000000,327999667.000000,21776.000000
734000018.000000,18580.000000,8978.000000,334675.000000,181466.000000,328515808.000000,18141.000000
735002321.000000,19941.000000,13375.000000,323920.000000,180149.000000,329019877.000000,19390.000000
736000005.000000,19901.000000,17568.000000,299933.000000,196496.000000,329516306.000000,19093.000000
737021757.000000,23243.000000,13184.000000,332443.000000,178657.000000,330027406.000000,22765.000000
738007603.000000,9775.000000,4385.000000,336398.000000,165598.000000,330529402.000000,9554.000000
739014642.000000,21294.000000,15492.000000,321286.000000,193200.000000,331043888.000000,20749.000000
740014761.000000,15890.000000,7910.000000,339368.000000,174800.000000,331558056.000000,15442.000000
741003432.000000,9722.000000,4237.000000,336140.000000,170200.000000,332064396.000000,9536.000000
742000017.000000,20034.000000,13555.000000,321028.000000,183960.000000,332569384.000000,19380.000000
743000466.000000,21898.000000,13287.000000,321427.000000,188228.000000,333079039.000000,21250.000000
744000004.000000,25579.000000,15699.000000,323030.000000,179650.000000,333581719.000000,25042.000000
745000333.000000,19687.000000,11811.000000,331124.000000,177844.000000,334090687.000000,19216.000000
746023372.000000,21566.000000,17334.000000,321058.000000,199519.000000,334611264.000000,21197.000000
747013897.000000,16163.000000,7757.000000,328496.000000,174799.000000,335114559.000000,15815.000000
748030304.000000,14552.000000,5955.000000,341093.000000,179400.000000,335635052.000000,14217.000000
749000024.000000,26097.000000,18126.000000,299035.000000,195826.000000,336129913.000000,25237.000000
750000043.000000,15529.000000,6673.000000,334339.000000,175032.000000,336639284.000000,15147.000000
751000029.000000,18123.000000,12299.000000,330984.000000,173620.000000,337143888.000000,17501.000000
752025486.000000,24101.000000,21221.000000,313258.000000,200722.000000,337657868.000000,23659.000000
753000170.000000,11992.000000,5275.000000,325311.000000,171806.000000,338154985.000000,11497.000000
754001005.000000,11550.000000,4506.000000,337777.000000,174212.000000,338666974.000000,11275.000000
755007519.000000,18196.000000,12889.000000,317754.000000,196782.000000,339181510.000000,17957.000000
756004899.000000,18523.000000,10020.000000,332999.000000,174800.000000,339689309.000000,18017.000000
757013150.000000,20995.000000,11880.000000,335343.000000,170200.000000,340194852.000000,20489.000000
758008647.000000,21379.000000,17471.000000,310949.000000,193205.000000,340699006.000000,20715.000000
759002412.000000,15189.000000,7823.000000,329898.000000,174620.000000,341203524.000000,14614.000000
760013797.000000,17466.000000,9770.000000,334214.000000,174977.000000,341712715.000000,17205.000000
761014844.000000,24435.000000,14383.000000,313353.000000,193198.000000,342219266.000000,23825.000000
762006514.000000,18294.000000,7866.000000,333039.000000,174800.000000,342727105.000000,17794.000000
763003172.000000,13255.000000,4999.000000,336002.000000,170200.000000,343233307.000000,12966.000000
764000002.000000,18651.000000,12808.000000,316918.000000,188631.000000,343738856.000000,18175.000000
765011530.000000,9968.000000,6236.000000,332965.000000,179369.000000,344251190.000000,9710.000000
766002419.000000,16310.000000,8244.000000,334036.000000,170290.000000,344755516.000000,15869.000000
767024525.000000,13308.000000,6535.000000,342632.000000,179311.000000,345277459.000000,13011.000000
768000005.000000,25560.000000,18679.000000,303246.000000,192425.000000,345773130.000000,24710.000000
769003678.000000,25837.000000,11874.000000,333411.000000,180557.000000,346287098.000000,25276.000000
770023004.000000,19993.000000,8457.000000,343333.000000,179020.000000,346809451.000000,19597.000000
771015708.000000,21476.000000,15651.000000,310080.000000,197797.000000,347317328.000000,20957.000000
772007624.000000,18249.000000,9079.000000,332243.000000,174800.000000,347824371.000000,17869.000000
773000033.000000,14783.000000,6563.000000,330638.000000,175316.000000,348330325.000000,14317.000000
774001139.000000,30238.000000,19009.000000,308530.000000,197187.000000,348836042.000000,29405.000000
775011808.000000,16707.000000,7615.000000,337270.000000,174897.000000,349348209.000000,16490.000000
776000002.000000,16668.000000,6849.000000,332851.000000,176425.000000,349857485.000000,16110.000000
777013049.000000,21744.000000,13896.000000,317664.000000,200775.000000,350375924.000000,21387.000000
778002203.000000,21928.000000,8811.000000,331684.000000,174800.000000,350882408.000000,21459.000000
779000621.000000,9159.000000,5378.000000,332897.000000,174800.000000,351390105.000000,8907.000000
780006144.000000,19886.000000,13715.000000,317109.000000,193200.000000,351900414.000000,19361.000000
781000010.000000,16310.000000,6498.000000,335697.000000,174266.000000,352410377.000000,15793.000000
782000043.000000,17463.000000,10776.000000,326321.000000,186403.000000,352923101.000000,17114.000000
783000569.000000,18521.000000,10233.000000,319634.000000,189034.000000,353431769.000000,17976.000000
784017275.000000,20175.000000,10244.000000,338428.000000,177097.000000,353947294.000000,19880.000000
785005909.000000,19923.000000,10380.000000,321198.000000,179401.000000,354447893.000000,19424.000000
786027708.000000,19480.000000,16297.000000,318558.000000,197799.000000,354964250.000000,18860.000000
787017308.000000,21425.000000,9494.000000,332367.000000,174803.000000,355471420.000000,20847.000000
788017473.000000,15662.000000,7352.000000,331519.000000,174797.000000,355977736.000000,15210.000000
789000002.000000,28385.000000,21699.000000,296020.000000,195052.000000,356468808.000000,27464.000000
790003081.000000,14319.000000,8426.000000,326902.000000,177548.000000,356973258.000000,14081.000000
791000012.000000,17406.000000,9357.000000,324744.000000,177825.000000,357475827.000000,16747.000000
792005481.000000,22665.000000,19533.000000,310450.000000,199376.000000,357985653.000000,22169.000000
793016312.000000,21983.000000,10405.000000,328901.000000,183999.000000,358498553.000000,21404.000000
794000004.000000,21046.000000,10300.000000,318493.000000,179495.000000,358996541.000000,20448.000000
795001207.000000,27234.000000,18655.000000,299167.000000,202307.000000,359498015.000000,26528.000000
796007380.000000,17159.000000,8423.000000,328169.000000,183998.000000,360010182.000000,16693.000000
797000023.000000,20288.000000,9531.000000,325689.000000,180613.000000,360516484.000000,19563.000000
798016466.000000,20642.000000,16778.000000,305843.000000,205787.000000,361028114.000000,20191.000000
799000216.000000,19291.000000,10551.000000,317338.000000,178340.000000,361523792.000000,18522.000000
800007036.000000,17195.000000,9323.000000,325893.000000,180460.000000,362030145.000000,16967.000000
801002424.000000,18291.000000,12607.000000,302672.000000,199273.000000,362532090.000000,17607.000000
802000006.000000,16464.000000,6973.000000,327953.000000,179894.000000,363039937.000000,16058.000000
803001341.000000,13239.000000,6512.000000,314702.000000,186633.000000,363541272.000000,13068.000000
804000010.000000,22734.000000,17729.000000,301274.000000,203995.000000,364046541.000000,21880.000000
805018241.000000,17768.000000,9542.000000,324080.000000,182407.000000,364553028.000000,17389.000000
806000018.000000,16568.000000,7743.000000,321009.000000,177584.000000,365051621.000000,15952.000000
807002479.000000,15880.000000,11888.000000,306048.000000,195014.000000,365552683.000000,15669.000000
808014725.000000,18782.000000,10850.000000,318363.000000,184001.000000,366055047.000000,18185.000000
809015661.000000,16772.000000,8940.000000,317552.000000,183999.000000,366556598.000000,16360.000000
810000001.000000,22467.000000,15099.000000,294821.000000,177990.000000,367029409.000000,21519.000000
811000035.000000,14760.000000,10486.000000,303856.000000,197122.000000,367530387.000000,14368.000000
812003229.000000,19493.000000,10758.000000,324374.000000,181488.000000,368036249.000000,19138.000000
813000001.000000,26264.000000,12400.000000,321783.000000,180584.000000,368538616.000000,25370.000000
814010901.000000,20637.000000,13574.000000,306356.000000,205816.000000,369050788.000000,20246.000000
815004964.000000,16775.000000,6998.000000,321850.000000,184001.000000,369556639.000000,16388.000000
816024971.000000,20712.000000,10991.000000,326057.000000,183999.000000,370066695.000000,20154.000000
817005175.000000,23324.000000,17537.000000,298821.000000,193200.000000,370558716.000000,22763.000000
818009251.000000,15206.000000,6395.000000,328065.000000,184000.000000,371070781.000000,14850.000000
819021249.000000,13895.000000,6290.000000,327607.000000,184005.000000,371582393.000000,13540.000000
820023532.000000,20209.000000,15905.000000,300401.000000,202395.000000,372085189.000000,19649.000000
821017543.000000,19916.000000,11540.000000,310801.000000,184000.000000,372579990.000000,19299.000000
822000699.000000,22938.000000,12798.000000,313209.000000,176058.000000,373069257.000000,22043.000000
823018655.000000,23202.000000,17018.000000,304404.000000,205742.000000,373579403.000000,22810.000000
824012610.000000,19046.000000,9907.000000,322241.000000,179401.000000,374081045.000000,18486.000000
825002961.000000,14914.000000,6381.000000,323624.000000,183999.000000,374588668.000000,14527.000000
826005043.000000,17918.000000,11263.000000,303701.000000,202400.000000,375094769.000000,17467.000000
827000014.000000,26994.000000,9989.000000,325242.000000,178600.000000,375598611.000000,26140.000000
828002071.000000,18797.000000,6350.000000,324034.000000,184803.000000,376107448.000000,18591.000000
829000439.000000,20868.000000,11826.000000,300424.000000,202781.000000,376610653.000000,20232.000000
830017778.000000,21508.000000,8645.000000,331102.000000,188216.000000,377129971.000000,21162.000000
831019555.000000,18643.000000,6896.000000,328650.000000,184000.000000,377642621.000000,18254.000000
832002865.000000,18755.000000,12432.000000,298524.000000,199232.000000,378140377.000000,18029.000000
833002414.000000,22081.000000,12666.000000,314731.000000,185055.000000,378640163.000000,21534.000000
834002656.000000,18156.000000,6422.000000,331636.000000,182453.000000,379154252.000000,17733.000000
835000025.000000,24140.000000,16011.000000,302663.000000,207062.000000,379663977.000000,23556.000000
836009579.000000,12842.000000,4520.000000,336534.000000,182998.000000,380183509.000000,12786.000000
837001760.000000,15527.000000,8020.000000,312424.000000,184001.000000,380679934.000000,15130.000000
838000015.000000,21586.000000,14903.000000,300219.000000,203318.000000,381183471.000000,20887.000000
839000460.000000,14034.000000,5533.000000,331139.000000,182184.000000,381696794.000000,13692.000000
840002162.000000,17904.000000,6737.000000,327078.000000,189497.000000,382213369.000000,17704.000000
841009938.000000,24617.000000,17033.000000,306749.000000,202404.000000,382722522.000000,23978.000000
842011513.000000,18404.000000,7475.000000,327454.000000,179396.000000,383229372.000000,17985.000000
843014354.000000,18639.000000,9608.000000,315680.000000,188600.000000,383733652.000000,18160.000000
844022761.000000,26613.000000,16835.000000,314820.000000,197802.000000,384246274.000000,25935.000000
845002246.000000,16765.000000,10054.000000,313804.000000,179398.000000,384739476.000000,16313.000000
846016064.000000,21007.000000,12930.000000,320093.000000,188605.000000,385248174.000000,20410.000000
847000744.000000,18136.000000,13607.000000,296253.000000,192952.000000,385737379.000000,17451.000000
848021246.000000,19328.000000,8863.000000,330144.000000,184244.000000,386251767.000000,19045.000000
849000242.000000,14221.000000,6963.000000,316497.000000,181583.000000,386749847.000000,13655.000000
850003154.000000,27318.000000,23094.000000,295895.000000,204820.000000,387250562.000000,26724.000000
851004992.000000,18758.000000,9126.000000,322454.000000,183996.000000,387757012.000000,18232.000000
852001098.000000,23989.000000,11920.000000,311353.000000,185417.000000,388253782.000000,23129.000000
853015588.000000,22047.000000,16834.000000,298070.000000,205583.000000,388757435.000000,21608.000000
854000005.000000,21929.000000,10600.000000,310599.000000,183917.000000,389251951.000000,21218.000000
855000002.000000,16254.000000,7849.000000,318262.000000,184353.000000,389754566.000000,15956.000000
856000028.000000,23551.000000,16713.000000,293541.000000,202626.000000,390250733.000000,22764.000000
857000027.000000,25356.000000,13615.000000,314025.000000,185040.000000,390749798.000000,24652.000000
858002827.000000,11583.000000,5421.000000,318093.000000,182464.000000,391250355.000000,11530.000000
859000003.000000,25875.000000,20292.000000,283954.000000,204439.000000,391738748.000000,24785.000000
860012618.000000,20892.000000,10352.000000,321362.000000,186561.000000,392246671.000000,20500.000000
861000032.000000,16983.000000,7601.000000,316587.000000,181811.000000,392745069.000000,16378.000000
862013772.000000,24923.000000,20589.000000,294175.000000,204590.000000,393243834.000000,24429.000000
863020424.000000,12552.000000,5891.000000,316280.000000,183999.000000,393744113.000000,12262.000000
864022963.000000,20147.000000,9562.000000,314125.000000,184005.000000,394242243.000000,19628.000000
865016120.000000,20116.000000,15323.000000,294535.000000,202395.000000,394739173.000000,19546.000000
866012132.000000,14007.000000,6228.000000,317830.000000,184000.000000,395241003.000000,13644.000000
867000003.000000,22473.000000,10447.000000,308341.000000,188713.000000,395738057.000000,21796.000000
868000013.000000,16336.000000,13281.000000,295661.000000,200570.000000,396234288.000000,15970.000000
869000222.000000,15404.000000,7151.000000,314148.000000,185691.000000,396734127.000000,14874.000000
870000744.000000,14697.000000,7028.000000,319144.000000,184026.000000,397237297.000000,14507.000000
871024310.000000,11208.000000,7832.000000,297587.000000,207002.000000,397741886.000000,10919.000000
872000023.000000,19475.000000,9680.000000,309396.000000,179513.000000,398230795.000000,18920.000000
873021053.000000,24001.000000,12269.000000,318835.000000,188490.000000,398738120.000000,23392.000000
874000018.000000,16419.000000,13228.000000,284078.000000,199422.000000,399221620.000000,15832.000000
875018416.000000,20086.000000,9711.000000,321680.000000,186974.000000,399730274.000000,19679.000000
876006457.000000,18888.000000,8593.000000,311686.000000,188599.000000,400230559.000000,18440.000000
877003705.000000,18680.000000,14364.000000,291415.000000,207000.000000,400728974.000000,18041.000000
878000017.000000,16419.000000,8029.000000,310887.000000,190422.000000,401230283.000000,15932.000000
879000001.000000,17838.000000,9472.000000,313679.000000,184251.000000,401728213.000000,17322.000000
880000009.000000,28808.000000,24258.000000,286945.000000,203328.000000,402218486.000000,27908.000000
881000013.000000,13836.000000,6483.000000,312444.000000,188570.000000,402719500.000000,13377.000000
882022577.000000,16751.000000,9393.000000,315052.000000,190231.000000,403224783.000000,16498.000000
883008300.000000,24666.000000,19845.000000,283057.000000,202398.000000,403710238.000000,23898.000000
884000001.000000,19579.000000,11945.000000,298764.000000,187755.000000,404196757.000000,18808.000000
885021924.000000,21241.000000,12110.000000,316256.000000,189446.000000,404702459.000000,20804.000000
886009365.000000,26372.000000,16481.000000,301781.000000,193202.000000,405197442.000000,25611.000000
887006716.000000,12882.000000,7823.000000,307398.000000,193199.000000,405698039.000000,12485.000000
888018829.000000,17397.000000,8151.000000,316423.000000,188598.000000,406203060.000000,17002.000000
889000062.000000,24930.000000,19139.000000,290240.000000,193475.000000,406686775.000000,23900.000000
890003084.000000,20218.000000,13332.000000,301801.000000,194942.000000,407183518.000000,19647.000000
891000004.000000,18694.000000,8307.000000,312392.000000,189522.000000,407685432.000000,18285.000000
892000002.000000,23502.000000,13288.000000,301774.000000,193879.000000,408181085.000000,22913.000000
893025076.000000,22775.000000,14897.000000,304174.000000,207983.000000,408693242.000000,22334.000000
894008899.000000,15580.000000,6945.000000,305725.000000,183999.000000,409182966.000000,15203.000000
895010212.000000,23746.000000,13914.000000,305275.000000,188601.000000,409676842.000000,23044.000000
896000611.000000,15667.000000,10378.000000,291483.000000,199857.000000,410168182.000000,15085.000000
897021425.000000,19799.000000,9968.000000,320363.000000,191142.000000,410679687.000000,19427.000000
898001220.000000,16652.000000,9299.000000,304308.000000,184001.000000,411167996.000000,16202.000000
899013475.000000,23752.000000,17505.000000,291394.000000,207004.000000,411666394.000000,22979.000000
900000007.000000,14798.000000,6694.000000,308862.000000,185342.000000,412160598.000000,14248.000000
901022299.000000,21913.000000,11204.000000,322599.000000,191853.000000,412675050.000000,21475.000000
902006734.000000,19069.000000,15133.000000,281975.000000,202400.000000,413159425.000000,18445.000000
903002084.000000,17369.000000,8619.000000,309564.000000,188603.000000,413657592.000000,16902.000000
904002301.000000,17401.000000,7125.000000,305906.000000,193197.000000,414156695.000000,16995.000000
905007024.000000,15449.000000,15496.000000,293315.000000,202402.000000,414652412.000000,14840.000000
906004137.000000,22141.000000,9721.000000,318343.000000,183999.000000,415154754.000000,21576.000000
907007234.000000,16316.000000,7147.000000,317615.000000,183999.000000,415656368.000000,15914.000000
908000835.000000,20746.000000,16244.000000,285955.000000,202403.000000,416144726.000000,20094.000000
909014489.000000,23781.000000,12027.000000,314030.000000,193197.000000,416651953.000000,23063.000000
910005863.000000,18285.000000,7719.000000,307131.000000,188600.000000,417147684.000000,17841.000000
911000020.000000,23392.000000,16995.000000,283397.000000,208001.000000,417639082.000000,22536.000000
912000017.000000,24393.000000,13482.000000,303845.000000,189539.000000,418132466.000000,23789.000000
913000002.000000,16882.000000,8359.000000,310514.000000,187573.000000,418630553.000000,16394.000000
914000023.000000,19794.000000,14922.000000,284243.000000,209363.000000,419124159.000000,19284.000000
915000022.000000,11905.000000,6071.000000,312596.000000,182025.000000,419618780.000000,11580.000000
916006245.000000,15174.000000,6933.000000,321796.000000,187301.000000,420127877.000000,14979.000000
917000048.000000,21067.000000,15070.000000,291343.000000,207511.000000,420626731.000000,20222.000000
918000208.000000,19920.000000,9942.000000,313060.000000,186755.000000,421126546.000000,19408.000000
919015779.000000,16263.000000,8193.000000,307604.000000,199133.000000,421633283.000000,15938.000000
920024011.000000,15892.000000,11949.000000,295862.000000,202399.000000,422131544.000000,15460.000000
921000371.000000,14803.000000,5829.000000,303506.000000,186444.000000,422621494.000000,14221.000000
922008477.000000,15154.000000,9862.000000,302805.000000,199957.000000,423124256.000000,14839.000000
923021763.000000,13106.000000,8219.000000,303755.000000,202399.000000,423630410.000000,12716.000000
924001062.000000,22782.000000,11217.000000,300075.000000,193213.000000,424123698.000000,22201.000000
925000014.000000,25912.000000,16558.000000,297498.000000,197312.000000,424618508.000000,24999.000000
926000025.000000,23360.000000,13788.000000,305260.000000,197296.000000,425121064.000000,22631.000000
927000003.000000,14762.000000,6015.000000,321055.000000,191930.000000,425634049.000000,14377.000000
928000015.000000,27267.000000,15971.000000,294507.000000,200708.000000,426129264.000000,26486.000000
929005124.000000,21846.000000,12439.000000,309102.000000,192541.000000,426630907.000000,21386.000000
930000278.000000,22958.000000,13859.000000,306285.000000,188600.000000,427125792.000000,22321.000000
931000014.000000,21356.000000,12755.000000,309188.000000,185952.000000,427620932.000000,20525.000000
932003760.000000,21507.000000,14031.000000,295328.000000,205048.000000,428121308.000000,21043.000000
933004446.000000,22534.000000,10671.000000,316467.000000,188600.000000,428626375.000000,21934.000000
934006506.000000,20031.000000,10872.000000,309240.000000,188600.000000,429124215.000000,19423.000000
935000032.000000,19374.000000,14782.000000,290638.000000,201614.000000,429616467.000000,18566.000000
936023999.000000,16853.000000,8851.000000,325038.000000,189388.000000,430130893.000000,16596.000000
937004322.000000,20901.000000,10420.000000,305104.000000,188599.000000,430624596.000000,20423.000000
938000024.000000,18983.000000,12478.000000,287818.000000,207227.000000,431119641.000000,18371.000000
939014475.000000,12153.000000,4644.000000,315686.000000,197572.000000,431632899.000000,11936.000000
940012694.000000,19955.000000,12638.000000,294260.000000,197800.000000,432124959.000000,19382.000000
941014267.000000,15514.000000,9568.000000,296278.000000,197805.000000,432619042.000000,15061.000000
942000008.000000,11778.000000,6377.000000,304939.000000,181566.000000,433105547.000000,11343.000000
943000035.000000,17985.000000,12782.000000,293458.000000,202817.000000,433601822.000000,17393.000000
944018361.000000,10933.000000,7285.000000,301234.000000,204412.000000,434107468.000000,10751.000000
945003167.000000,16704.000000,8225.000000,295657.000000,193200.000000,434596325.000000,16268.000000
946002822.000000,19707.000000,16341.000000,283339.000000,207008.000000,435086672.000000,19046.000000
947014628.000000,15238.000000,8537.000000,303214.000000,197792.000000,435587678.000000,14785.000000
948025821.000000,16053.000000,9350.000000,308189.000000,193202.000000,436089069.000000,15614.000000
949000059.000000,20273.000000,14289.000000,286421.000000,192249.000000,436567739.000000,19497.000000
950017954.000000,22725.000000,15399.000000,289891.000000,212551.000000,437070181.000000,22214.000000
951013670.000000,25080.000000,15310.000000,296593.000000,193199.000000,437559973.000000,24242.000000
952000212.000000,20379.000000,14074.000000,302892.000000,185983.000000,438048848.000000,19607.000000
953005960.000000,19681.000000,13268.000000,291866.000000,209616.000000,438550330.000000,19320.000000
954000005.000000,19903.000000,10707.000000,302554.000000,195062.000000,439047946.000000,19135.000000
955017350.000000,19015.000000,10554.000000,301267.000000,205138.000000,439554351.000000,18643.000000
956019373.000000,27703.000000,16579.000000,287666.000000,207000.000000,440049017.000000,26932.000000
957000572.000000,15844.000000,8971.000000,301889.000000,189310.000000,440540216.000000,15208.000000
958000015.000000,22744.000000,13438.000000,295467.000000,204532.000000,441040215.000000,22186.000000
959001282.000000,34322.000000,26322.000000,285800.000000,204160.000000,441530175.000000,33338.000000
960009542.000000,22284.000000,14045.000000,300009.000000,197803.000000,442027987.000000,21624.000000
961000019.000000,14721.000000,9053.000000,297856.000000,194064.000000,442519907.000000,14136.000000
962000021.000000,14742.000000,9928.000000,280833.000000,211023.000000,443011763.000000,14335.000000
963012739.000000,21445.000000,11619.000000,305234.000000,197508.000000,443514505.000000,20903.000000
964000029.000000,19336.000000,11612.000000,299418.000000,189610.000000,444003533.000000,18574.000000
965008897.000000,21557.000000,15635.000000,285583.000000,210599.000000,444499715.000000,21071.000000
966000953.000000,12497.000000,7833.000000,300333.000000,188595.000000,444988643.000000,12123.000000
967011615.000000,13800.000000,7325.000000,306009.000000,188599.000000,445483251.000000,13453.000000
968006289.000000,15958.000000,11684.000000,278146.000000,206997.000000,445968394.000000,15488.000000
969003924.000000,14804.000000,9469.000000,299565.000000,193202.000000,446461161.000000,14276.000000
970010906.000000,16939.000000,9870.000000,303037.000000,193199.000000,446957397.000000,16472.000000
971000736.000000,13589.000000,11616.000000,280295.000000,203322.000000,447441014.000000,13043.000000
972005637.000000,16700.000000,8720.000000,307304.000000,192277.000000,447940595.000000,16369.000000
973017722.000000,20780.000000,12158.000000,311376.000000,193200.000000,448445171.000000,20247.000000
974000012.000000,25392.000000,18851.000000,279772.000000,205356.000000,448930299.000000,24535.000000
975021356.000000,18276.000000,10219.000000,311399.000000,194846.000000,449436544.000000,17938.000000
976000871.000000,18022.000000,10095.000000,297274.000000,188598.000000,449922416.000000,17524.000000
977016524.000000,28262.000000,22245.000000,290979.000000,207001.000000,450420396.000000,27296.000000
978000158.000000,12257.000000,8768.000000,297145.000000,190258.000000,450907799.000000,11671.000000
979018333.000000,22936.000000,14217.000000,311768.000000,191541.000000,451411108.000000,22450.000000
980004021.000000,13837.000000,8888.000000,298757.000000,188601.000000,451898466.000000,13404.000000
981000217.000000,25710.000000,19492.000000,278057.000000,209688.000000,452386211.000000,24763.000000
982008037.000000,24487.000000,12619.000000,310810.000000,190523.000000,452887544.000000,24099.000000
983001022.000000,16650.000000,9204.000000,305419.000000,188588.000000,453381551.000000,16213.000000
984000013.000000,25652.000000,20672.000000,286777.000000,207580.000000,453875908.000000,24638.000000
985006748.000000,15521.000000,7641.000000,312426.000000,192626.000000,454380960.000000,15267.000000
986000011.000000,20212.000000,8939.000000,303565.000000,193437.000000,454877962.000000,19649.000000
987001494.000000,25939.000000,20320.000000,281308.000000,211358.000000,455370628.000000,25151.000000
988009210.000000,19283.000000,8189.000000,310628.000000,193199.000000,455874455.000000,18868.000000
989013414.000000,22287.000000,11115.000000,311606.000000,188600.000000,456374661.000000,21744.000000
990008007.000000,17211.000000,12232.000000,284563.000000,207002.000000,456866226.000000,16661.000000
991000008.000000,16137.000000,8135.000000,306884.000000,186747.000000,457359857.000000,15552.000000
992013750.000000,20704.000000,10796.000000,316132.000000,190456.000000,457866445.000000,20355.000000
993000010.000000,21197.000000,17042.000000,283585.000000,201066.000000,458351096.000000,20365.000000
994020254.000000,17305.000000,8301.000000,315892.000000,194533.000000,458861521.000000,17041.000000
995016451.000000,23470.000000,11402.000000,298609.000000,197796.000000,459357926.000000,22966.000000
996017284.000000,24649.000000,17750.000000,279736.000000,211601.000000,459849263.000000,23942.000000
997023272.000000,16210.000000,7864.000000,300730.000000,197801.000000,460347794.000000,15795.000000
998009559.000000,20516.000000,12176.000000,288437.000000,197798.000000,460834029.000000,19904.000000
999005451.000000,18806.000000,13440.000000,285081.000000,202400.000000,461321510.000000,18162.000000
