Instruction,pfIssued,pfInCache,overallMisses,overallHits,overallAccesses,unusedPrefetches
1002956.000000,2496.000000,17472.000000,271685.000000,63343.000000,335028.000000,0.000000
2004428.000000,2608.000000,18256.000000,271232.000000,62592.000000,668852.000000,0.000000
3000044.000000,2500.000000,17493.000000,268879.000000,62992.000000,1000723.000000,0.000000
4001228.000000,2605.000000,18235.000000,271161.000000,62568.000000,1334452.000000,0.000000
5002700.000000,2513.000000,17584.000000,270472.000000,63352.000000,1668276.000000,0.000000
6004172.000000,2608.000000,18256.000000,271232.000000,62592.000000,2002100.000000,0.000000
7000076.000000,2503.000000,17514.000000,268951.000000,63016.000000,2334067.000000,0.000000
8000972.000000,2602.000000,18214.000000,271089.000000,62544.000000,2667700.000000,0.000000
9002444.000000,2513.000000,17584.000000,270472.000000,63352.000000,3001524.000000,0.000000
10003916.000000,2608.000000,18256.000000,271232.000000,62592.000000,3335348.000000,0.000000
11000017.000000,2505.000000,17528.000000,269000.000000,63032.000000,3667380.000000,0.000000
12000716.000000,2600.000000,18200.000000,271040.000000,62528.000000,4000948.000000,0.000000
13002188.000000,2513.000000,17584.000000,270472.000000,63352.000000,4334772.000000,0.000000
14003660.000000,2608.000000,18256.000000,271232.000000,62592.000000,4668596.000000,0.000000
15000049.000000,2603.000000,18221.000000,269832.000000,62296.000000,5000724.000000,0.000000
16000460.000000,2502.000000,17507.000000,270208.000000,63264.000000,5334196.000000,0.000000
17001932.000000,2608.000000,18256.000000,271232.000000,62592.000000,5668020.000000,0.000000
18003404.000000,2513.000000,17584.000000,270472.000000,63352.000000,6001844.000000,0.000000
19000081.000000,2606.000000,18242.000000,269904.000000,62320.000000,6334068.000000,0.000000
20000204.000000,2499.000000,17486.000000,270136.000000,63240.000000,6667444.000000,0.000000
21001676.000000,2608.000000,18256.000000,271232.000000,62592.000000,7001268.000000,0.000000
22003148.000000,2513.000000,17584.000000,270472.000000,63352.000000,7335092.000000,0.000000
23004620.000000,2608.000000,18256.000000,271232.000000,62592.000000,7668916.000000,0.000000
24000044.000000,2498.000000,17479.000000,268831.000000,62976.000000,8000723.000000,0.000000
25001420.000000,2607.000000,18249.000000,271209.000000,62584.000000,8334516.000000,0.000000
26002892.000000,2608.000000,18256.000000,271232.000000,62592.000000,8668340.000000,0.000000
27004364.000000,2513.000000,17584.000000,270472.000000,63352.000000,9002164.000000,0.000000
28000081.000000,2596.000000,18172.000000,269664.000000,62240.000000,9334068.000000,0.000000
29001164.000000,2509.000000,17556.000000,270376.000000,63320.000000,9667764.000000,0.000000
30002636.000000,2608.000000,18256.000000,271232.000000,62592.000000,10001588.000000,0.000000
31004108.000000,2513.000000,17584.000000,270472.000000,63352.000000,10335412.000000,0.000000
32000012.000000,2598.000000,18186.000000,269711.000000,62256.000000,10667379.000000,0.000000
33000908.000000,2507.000000,17542.000000,270329.000000,63304.000000,11001012.000000,0.000000
34002380.000000,2608.000000,18256.000000,271232.000000,62592.000000,11334836.000000,0.000000
35003852.000000,2513.000000,17584.000000,270472.000000,63352.000000,11668660.000000,0.000000
36000044.000000,2601.000000,18207.000000,269783.000000,62280.000000,12000723.000000,0.000000
37000652.000000,2504.000000,17521.000000,270257.000000,63280.000000,12334260.000000,0.000000
38002124.000000,2608.000000,18256.000000,271232.000000,62592.000000,12668084.000000,0.000000
39003596.000000,2608.000000,18256.000000,271232.000000,62592.000000,13001908.000000,0.000000
40000076.000000,2509.000000,17556.000000,269095.000000,63064.000000,13334067.000000,0.000000
41000396.000000,2596.000000,18172.000000,270945.000000,62496.000000,13667508.000000,0.000000
42001868.000000,2513.000000,17584.000000,270472.000000,63352.000000,14001332.000000,0.000000
43003340.000000,2608.000000,18256.000000,271232.000000,62592.000000,14335156.000000,0.000000
44000017.000000,2511.000000,17570.000000,269144.000000,63080.000000,14667380.000000,0.000000
45000140.000000,2594.000000,18158.000000,270896.000000,62480.000000,15000756.000000,0.000000
46001612.000000,2513.000000,17584.000000,270472.000000,63352.000000,15334580.000000,0.000000
47003084.000000,2608.000000,18256.000000,271232.000000,62592.000000,15668404.000000,0.000000
48004556.000000,2513.000000,17584.000000,270472.000000,63352.000000,16002228.000000,0.000000
49000081.000000,2594.000000,18158.000000,269616.000000,62224.000000,16334068.000000,0.000000
50001356.000000,2606.000000,18242.000000,271184.000000,62576.000000,16667828.000000,0.000000
51041365.000000,1799.000000,12559.000000,274602.000000,72200.000000,17014630.000000,2.000000
52000021.000000,1758.000000,12297.000000,253712.000000,65840.000000,17334182.000000,0.000000
53001296.000000,1683.000000,11766.000000,263800.000000,69960.000000,17667942.000000,0.000000
54002768.000000,1681.000000,11757.000000,263816.000000,70008.000000,18001766.000000,0.000000
55054093.000000,1820.000000,12730.000000,277389.000000,73052.000000,18352207.000000,0.000000
56054869.000000,1674.000000,11704.000000,263587.000000,70004.000000,18685798.000000,0.000000
57001040.000000,1724.000000,12058.000000,250336.000000,65056.000000,19001190.000000,0.000000
58002512.000000,1685.000000,11780.000000,263848.000000,69976.000000,19335014.000000,0.000000
59003984.000000,1681.000000,11758.000000,263816.000000,70008.000000,19668838.000000,0.000000
60067597.000000,1852.000000,12954.000000,280717.000000,73820.000000,20023375.000000,0.000000
61068373.000000,1674.000000,11703.000000,263587.000000,70004.000000,20356966.000000,0.000000
62002256.000000,1692.000000,11834.000000,247008.000000,64288.000000,20668262.000000,0.000000
63003728.000000,1685.000000,11781.000000,263848.000000,69976.000000,21002086.000000,0.000000
64000021.000000,1675.000000,11715.000000,262392.000000,69704.000000,21334182.000000,0.000000
65000528.000000,1858.000000,12996.000000,265072.000000,68432.000000,21667686.000000,0.000000
66002000.000000,1685.000000,11781.000000,263848.000000,69976.000000,22001510.000000,0.000000
67003472.000000,1681.000000,11757.000000,263816.000000,70008.000000,22335334.000000,0.000000
68005645.000000,1692.000000,11834.000000,264077.000000,69980.000000,22669391.000000,0.000000
69006421.000000,1674.000000,11704.000000,263587.000000,70004.000000,23002982.000000,0.000000
70001744.000000,1852.000000,12954.000000,263648.000000,68128.000000,23334758.000000,0.000000
71003216.000000,1685.000000,11780.000000,263848.000000,69976.000000,23668582.000000,0.000000
72004688.000000,1681.000000,11757.000000,263816.000000,70008.000000,24002406.000000,0.000000
73019149.000000,1724.000000,12059.000000,267405.000000,70748.000000,24340559.000000,0.000000
74019925.000000,1674.000000,11703.000000,263587.000000,70004.000000,24674150.000000,0.000000
75002960.000000,1820.000000,12730.000000,260320.000000,67360.000000,25001830.000000,0.000000
76004432.000000,1685.000000,11781.000000,263848.000000,69976.000000,25335654.000000,0.000000
77000048.000000,1668.000000,11666.000000,262223.000000,69648.000000,25667525.000000,0.000000
78032653.000000,1769.000000,12373.000000,272326.000000,71876.000000,26011727.000000,0.000000
79033429.000000,1674.000000,11704.000000,263587.000000,70004.000000,26345318.000000,0.000000
80004176.000000,1788.000000,12506.000000,256992.000000,66592.000000,26668902.000000,0.000000
81000080.000000,1675.000000,11710.000000,262327.000000,69640.000000,27000869.000000,0.000000
82000976.000000,1675.000000,11715.000000,263673.000000,69960.000000,27334502.000000,0.000000
83046157.000000,1804.000000,12619.000000,275725.000000,72668.000000,27682895.000000,0.000000
84046933.000000,1674.000000,11703.000000,263587.000000,70004.000000,28016486.000000,0.000000
85000021.000000,1748.000000,12226.000000,252192.000000,65504.000000,28334182.000000,0.000000
86000720.000000,1677.000000,11725.000000,263656.000000,69912.000000,28667750.000000,0.000000
87002192.000000,1681.000000,11757.000000,263816.000000,70008.000000,29001574.000000,0.000000
88059661.000000,1836.000000,12842.000000,279053.000000,73436.000000,29354063.000000,0.000000
89060437.000000,1674.000000,11704.000000,263587.000000,70004.000000,29687654.000000,0.000000
90000464.000000,1708.000000,11946.000000,248672.000000,64672.000000,30000998.000000,0.000000
91001936.000000,1685.000000,11780.000000,263848.000000,69976.000000,30334822.000000,0.000000
92003408.000000,1681.000000,11757.000000,263816.000000,70008.000000,30668646.000000,0.000000
93000085.000000,1866.000000,13053.000000,263984.000000,68240.000000,31000870.000000,0.000000
94000208.000000,1671.000000,11682.000000,263512.000000,69864.000000,31334246.000000,0.000000
95001680.000000,1681.000000,11757.000000,263816.000000,70008.000000,31668070.000000,0.000000
96003152.000000,1685.000000,11781.000000,263848.000000,69976.000000,32001894.000000,0.000000
97004624.000000,1681.000000,11757.000000,263816.000000,70008.000000,32335718.000000,0.000000
98000048.000000,1853.000000,12961.000000,263671.000000,68136.000000,32667525.000000,0.000000
99001424.000000,1684.000000,11774.000000,263825.000000,69968.000000,33001318.000000,0.000000
100002896.000000,1681.000000,11757.000000,263816.000000,70008.000000,33335142.000000,0.000000
101000010.000000,1667.000000,11635.000000,262829.000000,69673.000000,33667644.000000,2.000000
102001482.000000,1681.000000,11757.000000,263816.000000,70008.000000,34001468.000000,0.000000
103052807.000000,1820.000000,12730.000000,277389.000000,73052.000000,34351909.000000,0.000000
104053583.000000,1674.000000,11703.000000,263587.000000,70004.000000,34685500.000000,0.000000
105000042.000000,1727.000000,12079.000000,250407.000000,65080.000000,35000987.000000,0.000000
106001226.000000,1682.000000,11759.000000,263777.000000,69952.000000,35334716.000000,0.000000
107002698.000000,1681.000000,11757.000000,263816.000000,70008.000000,35668540.000000,0.000000
108066311.000000,1852.000000,12954.000000,280717.000000,73820.000000,36023077.000000,0.000000
109067087.000000,1674.000000,11703.000000,263587.000000,70004.000000,36356668.000000,0.000000
110000970.000000,1692.000000,11834.000000,247008.000000,64288.000000,36667964.000000,0.000000
111002442.000000,1685.000000,11780.000000,263848.000000,69976.000000,37001788.000000,0.000000
112003914.000000,1681.000000,11757.000000,263816.000000,70008.000000,37335612.000000,0.000000
113000015.000000,1860.000000,13010.000000,263840.000000,68192.000000,37667644.000000,0.000000
114000714.000000,1677.000000,11724.000000,263656.000000,69912.000000,38001212.000000,0.000000
115002186.000000,1681.000000,11757.000000,263816.000000,70008.000000,38335036.000000,0.000000
116004359.000000,1692.000000,11834.000000,264077.000000,69980.000000,38669093.000000,0.000000
117005135.000000,1674.000000,11703.000000,263587.000000,70004.000000,39002684.000000,0.000000
118000458.000000,1852.000000,12954.000000,263648.000000,68128.000000,39334460.000000,0.000000
119001930.000000,1685.000000,11780.000000,263848.000000,69976.000000,39668284.000000,0.000000
120003402.000000,1681.000000,11757.000000,263816.000000,70008.000000,40002108.000000,0.000000
121017863.000000,1724.000000,12058.000000,267405.000000,70748.000000,40340261.000000,0.000000
122018639.000000,1674.000000,11703.000000,263587.000000,70004.000000,40673852.000000,0.000000
123001674.000000,1820.000000,12730.000000,260320.000000,67360.000000,41001532.000000,0.000000
124003146.000000,1685.000000,11780.000000,263848.000000,69976.000000,41335356.000000,0.000000
125004618.000000,1681.000000,11757.000000,263816.000000,70008.000000,41669180.000000,0.000000
126031367.000000,1756.000000,12282.000000,270733.000000,71516.000000,42011429.000000,0.000000
127032143.000000,1674.000000,11703.000000,263587.000000,70004.000000,42345020.000000,0.000000
128002890.000000,1788.000000,12506.000000,256992.000000,66592.000000,42668604.000000,0.000000
129004362.000000,1685.000000,11780.000000,263848.000000,69976.000000,43002428.000000,0.000000
130000079.000000,1669.000000,11673.000000,262248.000000,69656.000000,43334332.000000,0.000000
131044871.000000,1800.000000,12590.000000,275629.000000,72636.000000,43682597.000000,0.000000
132045647.000000,1674.000000,11703.000000,263587.000000,70004.000000,44016188.000000,0.000000
133004106.000000,1756.000000,12282.000000,253664.000000,65824.000000,44335676.000000,0.000000
134000010.000000,1675.000000,11710.000000,262327.000000,69640.000000,44667643.000000,0.000000
135000906.000000,1675.000000,11715.000000,263673.000000,69960.000000,45001276.000000,0.000000
136058375.000000,1836.000000,12842.000000,279053.000000,73436.000000,45353765.000000,0.000000
137059151.000000,1674.000000,11703.000000,263587.000000,70004.000000,45687356.000000,0.000000
138000042.000000,1717.000000,12009.000000,248887.000000,64744.000000,46000987.000000,0.000000
139000650.000000,1676.000000,11717.000000,263633.000000,69904.000000,46334524.000000,0.000000
140002122.000000,1681.000000,11757.000000,263816.000000,70008.000000,46668348.000000,0.000000
141071879.000000,1868.000000,13066.000000,282381.000000,74204.000000,47024933.000000,0.000000
142072655.000000,1674.000000,11703.000000,263587.000000,70004.000000,47358524.000000,0.000000
143000394.000000,1676.000000,11722.000000,245344.000000,63904.000000,47667772.000000,0.000000
144001866.000000,1685.000000,11780.000000,263848.000000,69976.000000,48001596.000000,0.000000
145003338.000000,1681.000000,11757.000000,263816.000000,70008.000000,48335420.000000,0.000000
146000015.000000,1866.000000,13052.000000,263984.000000,68240.000000,48667644.000000,0.000000
147000138.000000,1671.000000,11682.000000,263512.000000,69864.000000,49001020.000000,0.000000
148001610.000000,1681.000000,11757.000000,263816.000000,70008.000000,49334844.000000,0.000000
149009927.000000,1708.000000,11946.000000,265741.000000,70364.000000,49670949.000000,0.000000
150010703.000000,1674.000000,11703.000000,263587.000000,70004.000000,50004540.000000,0.000000
151000079.000000,1838.000000,12856.000000,262032.000000,67760.000000,50334332.000000,0.000000
152003357.000000,2609.000000,18236.000000,271866.000000,62616.000000,50668814.000000,3.000000
153000034.000000,2606.000000,18242.000000,269904.000000,62320.000000,51001038.000000,0.000000
154000157.000000,2499.000000,17486.000000,270136.000000,63240.000000,51334414.000000,0.000000
155001629.000000,2608.000000,18256.000000,271232.000000,62592.000000,51668238.000000,0.000000
156003101.000000,2513.000000,17584.000000,270472.000000,63352.000000,52002062.000000,0.000000
157004573.000000,2608.000000,18256.000000,271232.000000,62592.000000,52335886.000000,0.000000
158000098.000000,2499.000000,17486.000000,268856.000000,62984.000000,52667726.000000,0.000000
159001373.000000,2606.000000,18242.000000,271184.000000,62576.000000,53001486.000000,0.000000
160002845.000000,2513.000000,17584.000000,270472.000000,63352.000000,53335310.000000,0.000000
161004317.000000,2608.000000,18256.000000,271232.000000,62592.000000,53669134.000000,0.000000
162000034.000000,2596.000000,18172.000000,269664.000000,62240.000000,54001038.000000,0.000000
163001117.000000,2509.000000,17556.000000,270376.000000,63320.000000,54334734.000000,0.000000
164002589.000000,2608.000000,18256.000000,271232.000000,62592.000000,54668558.000000,0.000000
165004061.000000,2513.000000,17584.000000,270472.000000,63352.000000,55002382.000000,0.000000
166000066.000000,2599.000000,18193.000000,269736.000000,62264.000000,55334382.000000,0.000000
167000861.000000,2506.000000,17535.000000,270304.000000,63296.000000,55667982.000000,0.000000
168002333.000000,2608.000000,18256.000000,271232.000000,62592.000000,56001806.000000,0.000000
169003805.000000,2513.000000,17584.000000,270472.000000,63352.000000,56335630.000000,0.000000
170000098.000000,2602.000000,18214.000000,269808.000000,62288.000000,56667726.000000,0.000000
171000605.000000,2503.000000,17514.000000,270232.000000,63272.000000,57001230.000000,0.000000
172002077.000000,2608.000000,18256.000000,271232.000000,62592.000000,57335054.000000,0.000000
173028130.000000,2577.000000,18032.000000,277128.000000,64888.000000,57677070.000000,0.000000
174000029.000000,2540.000000,17780.000000,263199.000000,60768.000000,58001037.000000,0.000000
175000349.000000,2596.000000,18172.000000,270945.000000,62496.000000,58334478.000000,0.000000
176001821.000000,2513.000000,17584.000000,270472.000000,63352.000000,58668302.000000,0.000000
177003293.000000,2608.000000,18256.000000,271232.000000,62592.000000,59002126.000000,0.000000
178000061.000000,2512.000000,17577.000000,269167.000000,63088.000000,59334381.000000,0.000000
179000093.000000,2593.000000,18151.000000,270873.000000,62472.000000,59667726.000000,0.000000
180001565.000000,2513.000000,17584.000000,270472.000000,63352.000000,60001550.000000,0.000000
181003037.000000,2608.000000,18256.000000,271232.000000,62592.000000,60335374.000000,0.000000
182004509.000000,2513.000000,17584.000000,270472.000000,63352.000000,60669198.000000,0.000000
183000034.000000,2594.000000,18158.000000,269616.000000,62224.000000,61001038.000000,0.000000
184001309.000000,2511.000000,17570.000000,270424.000000,63336.000000,61334798.000000,0.000000
185002781.000000,2608.000000,18256.000000,271232.000000,62592.000000,61668622.000000,0.000000
186004253.000000,2608.000000,18256.000000,271232.000000,62592.000000,62002446.000000,0.000000
187000066.000000,2502.000000,17507.000000,268928.000000,63008.000000,62334382.000000,0.000000
188001053.000000,2603.000000,18221.000000,271112.000000,62552.000000,62668046.000000,0.000000
189002525.000000,2513.000000,17584.000000,270472.000000,63352.000000,63001870.000000,0.000000
190003997.000000,2608.000000,18256.000000,271232.000000,62592.000000,63335694.000000,0.000000
191000002.000000,2504.000000,17521.000000,268976.000000,63024.000000,63667694.000000,0.000000
192000797.000000,2601.000000,18207.000000,271064.000000,62536.000000,64001294.000000,0.000000
193002269.000000,2513.000000,17584.000000,270472.000000,63352.000000,64335118.000000,0.000000
194003741.000000,2608.000000,18256.000000,271232.000000,62592.000000,64668942.000000,0.000000
195000034.000000,2507.000000,17542.000000,269048.000000,63048.000000,65001038.000000,0.000000
196000541.000000,2598.000000,18186.000000,270992.000000,62512.000000,65334542.000000,0.000000
197020450.000000,2561.000000,17920.000000,275464.000000,64504.000000,65674510.000000,0.000000
198003485.000000,2560.000000,17920.000000,266240.000000,61440.000000,66002190.000000,0.000000
199000066.000000,2605.000000,18235.000000,269880.000000,62312.000000,66334382.000000,0.000000
200000285.000000,2500.000000,17493.000000,270160.000000,63248.000000,66667790.000000,0.000000
201001757.000000,2608.000000,18256.000000,271232.000000,62592.000000,67001614.000000,0.000000
202000048.000000,1949.000000,13593.000000,265281.000000,67448.000000,67334343.000000,5.000000
203001520.000000,1681.000000,11757.000000,263816.000000,70008.000000,67668167.000000,0.000000
204003693.000000,1692.000000,11834.000000,264077.000000,69980.000000,68002224.000000,0.000000
205004469.000000,1674.000000,11703.000000,263587.000000,70004.000000,68335815.000000,0.000000
206000080.000000,1855.000000,12975.000000,263719.000000,68152.000000,68667686.000000,0.000000
207001264.000000,1682.000000,11760.000000,263777.000000,69952.000000,69001415.000000,0.000000
208002736.000000,1681.000000,11757.000000,263816.000000,70008.000000,69335239.000000,0.000000
209017197.000000,1724.000000,12058.000000,267405.000000,70748.000000,69673392.000000,0.000000
210017973.000000,1674.000000,11703.000000,263587.000000,70004.000000,70006983.000000,0.000000
211001008.000000,1820.000000,12730.000000,260320.000000,67360.000000,70334663.000000,0.000000
212002480.000000,1685.000000,11780.000000,263848.000000,69976.000000,70668487.000000,0.000000
213003952.000000,1681.000000,11757.000000,263816.000000,70008.000000,71002311.000000,0.000000
214030701.000000,1756.000000,12282.000000,270733.000000,71516.000000,71344560.000000,0.000000
215031477.000000,1674.000000,11703.000000,263587.000000,70004.000000,71678151.000000,0.000000
216002224.000000,1788.000000,12506.000000,256992.000000,66592.000000,72001735.000000,0.000000
217003696.000000,1685.000000,11780.000000,263848.000000,69976.000000,72335559.000000,0.000000
218000085.000000,1676.000000,11722.000000,262416.000000,69712.000000,72667687.000000,0.000000
219044205.000000,1793.000000,12541.000000,275461.000000,72580.000000,73015728.000000,0.000000
220044981.000000,1674.000000,11703.000000,263587.000000,70004.000000,73349319.000000,0.000000
221003440.000000,1756.000000,12282.000000,253664.000000,65824.000000,73668807.000000,0.000000
222000021.000000,1682.000000,11759.000000,262496.000000,69696.000000,74000999.000000,0.000000
223000240.000000,1668.000000,11666.000000,263504.000000,69904.000000,74334407.000000,0.000000
224057709.000000,1836.000000,12842.000000,279053.000000,73436.000000,74686896.000000,0.000000
225058485.000000,1674.000000,11703.000000,263587.000000,70004.000000,75020487.000000,0.000000
226004656.000000,1724.000000,12058.000000,250336.000000,65056.000000,75335879.000000,0.000000
227000080.000000,1670.000000,11675.000000,262207.000000,69600.000000,75667686.000000,0.000000
228001456.000000,1680.000000,11750.000000,263793.000000,70000.000000,76001479.000000,0.000000
229071213.000000,1868.000000,13066.000000,282381.000000,74204.000000,76358064.000000,0.000000
230071989.000000,1674.000000,11703.000000,263587.000000,70004.000000,76691655.000000,0.000000
231000016.000000,1679.000000,11743.000000,245415.000000,63928.000000,77000998.000000,0.000000
232001200.000000,1682.000000,11759.000000,263777.000000,69952.000000,77334727.000000,0.000000
233002672.000000,1681.000000,11757.000000,263816.000000,70008.000000,77668551.000000,0.000000
234004144.000000,1868.000000,13066.000000,265312.000000,68512.000000,78002375.000000,0.000000
235000048.000000,1675.000000,11710.000000,262327.000000,69640.000000,78334342.000000,0.000000
236000944.000000,1675.000000,11715.000000,263673.000000,69960.000000,78667975.000000,0.000000
237009261.000000,1708.000000,11946.000000,265741.000000,70364.000000,79004080.000000,0.000000
238010037.000000,1674.000000,11703.000000,263587.000000,70004.000000,79337671.000000,0.000000
239000080.000000,1845.000000,12905.000000,262199.000000,67816.000000,79667686.000000,0.000000
240000688.000000,1676.000000,11717.000000,263633.000000,69904.000000,80001223.000000,0.000000
241002160.000000,1681.000000,11757.000000,263816.000000,70008.000000,80335047.000000,0.000000
242022765.000000,1740.000000,12170.000000,269069.000000,71132.000000,80675248.000000,0.000000
243023541.000000,1674.000000,11703.000000,263587.000000,70004.000000,81008839.000000,0.000000
244000432.000000,1804.000000,12618.000000,258656.000000,66976.000000,81334471.000000,0.000000
245001904.000000,1685.000000,11780.000000,263848.000000,69976.000000,81668295.000000,0.000000
246003376.000000,1681.000000,11757.000000,263816.000000,70008.000000,82002119.000000,0.000000
247036269.000000,1772.000000,12394.000000,272397.000000,71900.000000,82346416.000000,0.000000
248037045.000000,1674.000000,11703.000000,263587.000000,70004.000000,82680007.000000,0.000000
249001648.000000,1772.000000,12394.000000,255328.000000,66208.000000,83001543.000000,0.000000
250003120.000000,1685.000000,11780.000000,263848.000000,69976.000000,83335367.000000,0.000000
251004592.000000,1681.000000,11757.000000,263816.000000,70008.000000,83669191.000000,0.000000
252000007.000000,1767.000000,12286.000000,262902.000000,68695.000000,84000788.000000,10.000000
253062271.000000,1838.000000,12856.000000,280381.000000,73708.000000,84354877.000000,0.000000
254063047.000000,1674.000000,11705.000000,263587.000000,70004.000000,84688468.000000,0.000000
255003074.000000,1708.000000,11947.000000,248672.000000,64672.000000,85001812.000000,0.000000
256004546.000000,1685.000000,11780.000000,263848.000000,69976.000000,85335636.000000,0.000000
257000071.000000,1667.000000,11659.000000,262200.000000,69640.000000,85667476.000000,0.000000
258001346.000000,1866.000000,13052.000000,265264.000000,68496.000000,86001236.000000,0.000000
259002818.000000,1685.000000,11780.000000,263848.000000,69976.000000,86335060.000000,0.000000
260004290.000000,1681.000000,11757.000000,263816.000000,70008.000000,86668884.000000,0.000000
261000319.000000,1676.000000,11722.000000,262413.000000,69596.000000,87000893.000000,0.000000
262001095.000000,1674.000000,11703.000000,263587.000000,70004.000000,87334484.000000,0.000000
263002562.000000,1868.000000,13066.000000,265312.000000,68512.000000,87668308.000000,0.000000
264004034.000000,1685.000000,11780.000000,263848.000000,69976.000000,88002132.000000,0.000000
265000039.000000,1672.000000,11694.000000,262320.000000,69680.000000,88334132.000000,0.000000
266013823.000000,1717.000000,12009.000000,267237.000000,70692.000000,88672061.000000,0.000000
267014599.000000,1674.000000,11703.000000,263587.000000,70004.000000,89005652.000000,0.000000
268003778.000000,1836.000000,12842.000000,261984.000000,67744.000000,89335380.000000,0.000000
269000071.000000,1679.000000,11738.000000,262424.000000,69672.000000,89667476.000000,0.000000
270000578.000000,1671.000000,11687.000000,263576.000000,69928.000000,90000980.000000,0.000000
271027327.000000,1756.000000,12282.000000,270733.000000,71516.000000,90343229.000000,0.000000
272028103.000000,1674.000000,11703.000000,263587.000000,70004.000000,90676820.000000,0.000000
273000002.000000,1800.000000,12590.000000,257279.000000,66688.000000,91000787.000000,0.000000
274000322.000000,1673.000000,11696.000000,263561.000000,69880.000000,91334228.000000,0.000000
275001794.000000,1681.000000,11757.000000,263816.000000,70008.000000,91668052.000000,0.000000
276040831.000000,1788.000000,12506.000000,274061.000000,72284.000000,92014397.000000,0.000000
277041607.000000,1674.000000,11703.000000,263587.000000,70004.000000,92347988.000000,0.000000
278000066.000000,1756.000000,12282.000000,253664.000000,65824.000000,92667476.000000,0.000000
279001538.000000,1685.000000,11780.000000,263848.000000,69976.000000,93001300.000000,0.000000
280003010.000000,1681.000000,11757.000000,263816.000000,70008.000000,93335124.000000,0.000000
281054335.000000,1820.000000,12730.000000,277389.000000,73052.000000,93685565.000000,0.000000
282055111.000000,1674.000000,11703.000000,263587.000000,70004.000000,94019156.000000,0.000000
283001282.000000,1724.000000,12058.000000,250336.000000,65056.000000,94334548.000000,0.000000
284002754.000000,1685.000000,11780.000000,263848.000000,69976.000000,94668372.000000,0.000000
285004226.000000,1681.000000,11757.000000,263816.000000,70008.000000,95002196.000000,0.000000
286067839.000000,1852.000000,12954.000000,280717.000000,73820.000000,95356733.000000,0.000000
287068615.000000,1674.000000,11703.000000,263587.000000,70004.000000,95690324.000000,0.000000
288002498.000000,1692.000000,11834.000000,247008.000000,64288.000000,96001620.000000,0.000000
289003970.000000,1685.000000,11780.000000,263848.000000,69976.000000,96335444.000000,0.000000
290000071.000000,1673.000000,11701.000000,262344.000000,69688.000000,96667476.000000,0.000000
291000770.000000,1860.000000,13010.000000,265120.000000,68448.000000,97001044.000000,0.000000
292002242.000000,1685.000000,11780.000000,263848.000000,69976.000000,97334868.000000,0.000000
293003714.000000,1681.000000,11757.000000,263816.000000,70008.000000,97668692.000000,0.000000
294005887.000000,1692.000000,11834.000000,264077.000000,69980.000000,98002749.000000,0.000000
295006663.000000,1674.000000,11703.000000,263587.000000,70004.000000,98336340.000000,0.000000
296001986.000000,1852.000000,12954.000000,263648.000000,68128.000000,98668116.000000,0.000000
297003458.000000,1685.000000,11780.000000,263848.000000,69976.000000,99001940.000000,0.000000
298000039.000000,1678.000000,11736.000000,262464.000000,69728.000000,99334132.000000,0.000000
299019391.000000,1727.000000,12079.000000,268757.000000,71028.000000,99673917.000000,0.000000
300020167.000000,1674.000000,11703.000000,263587.000000,70004.000000,100007508.000000,0.000000
301003202.000000,1820.000000,12730.000000,260320.000000,67360.000000,100335188.000000,0.000000
302004674.000000,1685.000000,11780.000000,263848.000000,69976.000000,100669012.000000,0.000000
303003094.000000,2594.000000,18033.000000,270368.000000,62024.000000,101001404.000000,18.000000
304004566.000000,2608.000000,18256.000000,271232.000000,62592.000000,101335228.000000,0.000000
305000091.000000,2594.000000,18158.000000,269616.000000,62224.000000,101667068.000000,0.000000
306001366.000000,2511.000000,17570.000000,270424.000000,63336.000000,102000828.000000,0.000000
307002838.000000,2608.000000,18256.000000,271232.000000,62592.000000,102334652.000000,0.000000
308004310.000000,2513.000000,17584.000000,270472.000000,63352.000000,102668476.000000,0.000000
309000027.000000,2596.000000,18172.000000,269664.000000,62240.000000,103000380.000000,0.000000
310001110.000000,2509.000000,17556.000000,270376.000000,63320.000000,103334076.000000,0.000000
311002582.000000,2608.000000,18256.000000,271232.000000,62592.000000,103667900.000000,0.000000
312004054.000000,2513.000000,17584.000000,270472.000000,63352.000000,104001724.000000,0.000000
313000059.000000,2599.000000,18193.000000,269736.000000,62264.000000,104333724.000000,0.000000
314000854.000000,2506.000000,17535.000000,270304.000000,63296.000000,104667324.000000,0.000000
315002326.000000,2608.000000,18256.000000,271232.000000,62592.000000,105001148.000000,0.000000
316016091.000000,2545.000000,17808.000000,273800.000000,64120.000000,105339068.000000,0.000000
317000091.000000,2570.000000,17990.000000,266480.000000,61520.000000,105667068.000000,0.000000
318000598.000000,2598.000000,18186.000000,270992.000000,62512.000000,106000572.000000,0.000000
319002070.000000,2513.000000,17584.000000,270472.000000,63352.000000,106334396.000000,0.000000
320003542.000000,2608.000000,18256.000000,271232.000000,62592.000000,106668220.000000,0.000000
321000022.000000,2509.000000,17556.000000,269095.000000,63064.000000,107000379.000000,0.000000
322000342.000000,2596.000000,18172.000000,270945.000000,62496.000000,107333820.000000,0.000000
323001814.000000,2513.000000,17584.000000,270472.000000,63352.000000,107667644.000000,0.000000
324003286.000000,2608.000000,18256.000000,271232.000000,62592.000000,108001468.000000,0.000000
325000054.000000,2512.000000,17577.000000,269167.000000,63088.000000,108333723.000000,0.000000
326000086.000000,2593.000000,18151.000000,270873.000000,62472.000000,108667068.000000,0.000000
327001558.000000,2513.000000,17584.000000,270472.000000,63352.000000,109000892.000000,0.000000
328003030.000000,2608.000000,18256.000000,271232.000000,62592.000000,109334716.000000,0.000000
329004502.000000,2608.000000,18256.000000,271232.000000,62592.000000,109668540.000000,0.000000
330000027.000000,2499.000000,17486.000000,268856.000000,62984.000000,110000380.000000,0.000000
331001302.000000,2606.000000,18242.000000,271184.000000,62576.000000,110334140.000000,0.000000
332002774.000000,2513.000000,17584.000000,270472.000000,63352.000000,110667964.000000,0.000000
333004246.000000,2608.000000,18256.000000,271232.000000,62592.000000,111001788.000000,0.000000
334000059.000000,2502.000000,17507.000000,268928.000000,63008.000000,111333724.000000,0.000000
335001046.000000,2603.000000,18221.000000,271112.000000,62552.000000,111667388.000000,0.000000
336002518.000000,2513.000000,17584.000000,270472.000000,63352.000000,112001212.000000,0.000000
337003990.000000,2608.000000,18256.000000,271232.000000,62592.000000,112335036.000000,0.000000
338000091.000000,2505.000000,17528.000000,269000.000000,63032.000000,112667068.000000,0.000000
339000790.000000,2600.000000,18200.000000,271040.000000,62528.000000,113000636.000000,0.000000
340008411.000000,2529.000000,17696.000000,272136.000000,63736.000000,113336508.000000,0.000000
341003734.000000,2592.000000,18144.000000,269568.000000,62208.000000,113668284.000000,0.000000
342000027.000000,2602.000000,18214.000000,269808.000000,62288.000000,114000380.000000,0.000000
343000534.000000,2503.000000,17514.000000,270232.000000,63272.000000,114333884.000000,0.000000
344002006.000000,2608.000000,18256.000000,271232.000000,62592.000000,114667708.000000,0.000000
345003478.000000,2513.000000,17584.000000,270472.000000,63352.000000,115001532.000000,0.000000
346000059.000000,2605.000000,18235.000000,269880.000000,62312.000000,115333724.000000,0.000000
347000278.000000,2500.000000,17493.000000,270160.000000,63248.000000,115667132.000000,0.000000
348001750.000000,2608.000000,18256.000000,271232.000000,62592.000000,116000956.000000,0.000000
349003222.000000,2513.000000,17584.000000,270472.000000,63352.000000,116334780.000000,0.000000
350004694.000000,2608.000000,18256.000000,271232.000000,62592.000000,116668604.000000,0.000000
351000022.000000,2497.000000,17472.000000,268808.000000,62968.000000,117000380.000000,0.000000
352001494.000000,2608.000000,18256.000000,271232.000000,62592.000000,117334204.000000,0.000000
353001296.000000,2049.000000,14036.000000,265884.000000,66290.000000,117666378.000000,47.000000
354002768.000000,1681.000000,11758.000000,263816.000000,70008.000000,118000202.000000,0.000000
355004240.000000,1868.000000,13067.000000,265312.000000,68512.000000,118334026.000000,0.000000
356000053.000000,1674.000000,11705.000000,262304.000000,69632.000000,118665962.000000,0.000000
357001040.000000,1676.000000,11722.000000,263696.000000,69968.000000,118999626.000000,0.000000
358009357.000000,1708.000000,11947.000000,265741.000000,70364.000000,119335731.000000,0.000000
359010133.000000,1674.000000,11703.000000,263587.000000,70004.000000,119669322.000000,0.000000
360000085.000000,1844.000000,12898.000000,262176.000000,67808.000000,119999306.000000,0.000000
361000784.000000,1677.000000,11724.000000,263656.000000,69912.000000,120332874.000000,0.000000
362002256.000000,1681.000000,11758.000000,263816.000000,70008.000000,120666698.000000,0.000000
363022861.000000,1740.000000,12170.000000,269069.000000,71132.000000,121006899.000000,0.000000
364023637.000000,1674.000000,11704.000000,263587.000000,70004.000000,121340490.000000,0.000000
365000528.000000,1804.000000,12618.000000,258656.000000,66976.000000,121666122.000000,0.000000
366002000.000000,1685.000000,11781.000000,263848.000000,69976.000000,121999946.000000,0.000000
367003472.000000,1681.000000,11757.000000,263816.000000,70008.000000,122333770.000000,0.000000
368036365.000000,1772.000000,12394.000000,272397.000000,71900.000000,122678067.000000,0.000000
369037141.000000,1674.000000,11703.000000,263587.000000,70004.000000,123011658.000000,0.000000
370001744.000000,1772.000000,12395.000000,255328.000000,66208.000000,123333194.000000,0.000000
371003216.000000,1685.000000,11780.000000,263848.000000,69976.000000,123667018.000000,0.000000
372004688.000000,1681.000000,11757.000000,263816.000000,70008.000000,124000842.000000,0.000000
373049869.000000,1804.000000,12619.000000,275725.000000,72668.000000,124349235.000000,0.000000
374050645.000000,1674.000000,11703.000000,263587.000000,70004.000000,124682826.000000,0.000000
375002960.000000,1740.000000,12170.000000,252000.000000,65440.000000,125000266.000000,0.000000
376004432.000000,1685.000000,11781.000000,263848.000000,69976.000000,125334090.000000,0.000000
377000048.000000,1668.000000,11666.000000,262223.000000,69648.000000,125665961.000000,0.000000
378063373.000000,1849.000000,12933.000000,280646.000000,73796.000000,126020403.000000,0.000000
379064149.000000,1674.000000,11703.000000,263587.000000,70004.000000,126353994.000000,0.000000
380004176.000000,1708.000000,11947.000000,248672.000000,64672.000000,126667338.000000,0.000000
381000080.000000,1675.000000,11710.000000,262327.000000,69640.000000,126999305.000000,0.000000
382000976.000000,1675.000000,11715.000000,263673.000000,69960.000000,127332938.000000,0.000000
383002448.000000,1868.000000,13067.000000,265312.000000,68512.000000,127666762.000000,0.000000
384003920.000000,1685.000000,11780.000000,263848.000000,69976.000000,128000586.000000,0.000000
385000021.000000,1673.000000,11701.000000,262344.000000,69688.000000,128332618.000000,0.000000
386001421.000000,1684.000000,11778.000000,263885.000000,69916.000000,128666419.000000,0.000000
387002197.000000,1674.000000,11704.000000,263587.000000,70004.000000,129000010.000000,0.000000
388003664.000000,1868.000000,13066.000000,265312.000000,68512.000000,129333834.000000,0.000000
389000053.000000,1680.000000,11745.000000,262448.000000,69680.000000,129665962.000000,0.000000
390000464.000000,1670.000000,11681.000000,263552.000000,69920.000000,129999434.000000,0.000000
391014925.000000,1724.000000,12058.000000,267405.000000,70748.000000,130337587.000000,0.000000
392015701.000000,1674.000000,11703.000000,263587.000000,70004.000000,130671178.000000,0.000000
393000085.000000,1834.000000,12829.000000,260656.000000,67472.000000,130999306.000000,0.000000
394000208.000000,1671.000000,11682.000000,263512.000000,69864.000000,131332682.000000,0.000000
395001680.000000,1681.000000,11757.000000,263816.000000,70008.000000,131666506.000000,0.000000
396028429.000000,1756.000000,12282.000000,270733.000000,71516.000000,132008755.000000,0.000000
397029205.000000,1674.000000,11704.000000,263587.000000,70004.000000,132342346.000000,0.000000
398000048.000000,1789.000000,12513.000000,257015.000000,66600.000000,132665961.000000,0.000000
399001424.000000,1684.000000,11773.000000,263825.000000,69968.000000,132999754.000000,0.000000
400002896.000000,1681.000000,11758.000000,263816.000000,70008.000000,133333578.000000,0.000000
401041933.000000,1788.000000,12506.000000,274061.000000,72284.000000,133679923.000000,0.000000
402042709.000000,1674.000000,11703.000000,263587.000000,70004.000000,134013514.000000,0.000000
403002457.000000,1600.000000,11191.000000,252232.000000,65341.000000,134331087.000000,0.000000
404029206.000000,1756.000000,12283.000000,270733.000000,71516.000000,134673336.000000,0.000000
405029982.000000,1674.000000,11704.000000,263587.000000,70004.000000,135006927.000000,0.000000
406000729.000000,1788.000000,12506.000000,256992.000000,66592.000000,135330511.000000,0.000000
407002201.000000,1685.000000,11780.000000,263848.000000,69976.000000,135664335.000000,0.000000
408003673.000000,1681.000000,11757.000000,263816.000000,70008.000000,135998159.000000,0.000000
409042710.000000,1788.000000,12506.000000,274061.000000,72284.000000,136344504.000000,0.000000
410043486.000000,1674.000000,11704.000000,263587.000000,70004.000000,136678095.000000,0.000000
411001945.000000,1756.000000,12283.000000,253664.000000,65824.000000,136997583.000000,0.000000
412003417.000000,1685.000000,11781.000000,263848.000000,69976.000000,137331407.000000,0.000000
413000094.000000,1679.000000,11743.000000,262488.000000,69736.000000,137663631.000000,0.000000
414056214.000000,1822.000000,12744.000000,278717.000000,73324.000000,138015672.000000,0.000000
415056990.000000,1674.000000,11703.000000,263587.000000,70004.000000,138349263.000000,0.000000
416003161.000000,1724.000000,12058.000000,250336.000000,65056.000000,138664655.000000,0.000000
417004633.000000,1685.000000,11781.000000,263848.000000,69976.000000,138998479.000000,0.000000
418000057.000000,1666.000000,11654.000000,262175.000000,69632.000000,139330286.000000,0.000000
419069718.000000,1867.000000,13059.000000,282358.000000,74196.000000,139686840.000000,0.000000
420070494.000000,1674.000000,11703.000000,263587.000000,70004.000000,140020431.000000,0.000000
421004377.000000,1692.000000,11834.000000,247008.000000,64288.000000,140331727.000000,0.000000
422000094.000000,1673.000000,11696.000000,262280.000000,69624.000000,140663631.000000,0.000000
423001177.000000,1677.000000,11729.000000,263720.000000,69976.000000,140997327.000000,0.000000
424002649.000000,1868.000000,13067.000000,265312.000000,68512.000000,141331151.000000,0.000000
425004121.000000,1685.000000,11782.000000,263848.000000,69976.000000,141664975.000000,0.000000
426000025.000000,1671.000000,11687.000000,262295.000000,69672.000000,141996942.000000,0.000000
427007766.000000,1702.000000,11904.000000,265598.000000,70316.000000,142332856.000000,0.000000
428008542.000000,1674.000000,11703.000000,263587.000000,70004.000000,142666447.000000,0.000000
429003865.000000,1852.000000,12954.000000,263648.000000,68128.000000,142998223.000000,0.000000
430000057.000000,1678.000000,11732.000000,262399.000000,69664.000000,143330286.000000,0.000000
431000665.000000,1672.000000,11695.000000,263601.000000,69936.000000,143663823.000000,0.000000
432021270.000000,1740.000000,12171.000000,269069.000000,71132.000000,144004024.000000,0.000000
433022046.000000,1674.000000,11703.000000,263587.000000,70004.000000,144337615.000000,0.000000
434000089.000000,1816.000000,12702.000000,258943.000000,67072.000000,144663630.000000,0.000000
435000409.000000,1673.000000,11696.000000,263561.000000,69880.000000,144997071.000000,0.000000
436001881.000000,1681.000000,11757.000000,263816.000000,70008.000000,145330895.000000,0.000000
437034774.000000,1772.000000,12395.000000,272397.000000,71900.000000,145675192.000000,0.000000
438035550.000000,1674.000000,11705.000000,263587.000000,70004.000000,146008783.000000,0.000000
439000153.000000,1772.000000,12394.000000,255328.000000,66208.000000,146330319.000000,0.000000
440001625.000000,1685.000000,11780.000000,263848.000000,69976.000000,146664143.000000,0.000000
441003097.000000,1681.000000,11757.000000,263816.000000,70008.000000,146997967.000000,0.000000
442048278.000000,1804.000000,12618.000000,275725.000000,72668.000000,147346360.000000,0.000000
443049054.000000,1674.000000,11703.000000,263587.000000,70004.000000,147679951.000000,0.000000
444001369.000000,1740.000000,12171.000000,252000.000000,65440.000000,147997391.000000,0.000000
445002841.000000,1685.000000,11782.000000,263848.000000,69976.000000,148331215.000000,0.000000
446004313.000000,1681.000000,11757.000000,263816.000000,70008.000000,148665039.000000,0.000000
447061782.000000,1836.000000,12842.000000,279053.000000,73436.000000,149017528.000000,0.000000
448062558.000000,1674.000000,11703.000000,263587.000000,70004.000000,149351119.000000,0.000000
449002585.000000,1708.000000,11946.000000,248672.000000,64672.000000,149664463.000000,0.000000
450004057.000000,1685.000000,11781.000000,263848.000000,69976.000000,149998287.000000,0.000000
451000062.000000,1672.000000,11695.000000,262320.000000,69680.000000,150330287.000000,0.000000
452000857.000000,1861.000000,13018.000000,265144.000000,68456.000000,150663887.000000,0.000000
453002329.000000,1685.000000,11780.000000,263848.000000,69976.000000,150997711.000000,0.000000
454000041.000000,2362.000000,16046.000000,266354.000000,61366.000000,151325431.000000,71.000000
455000361.000000,2596.000000,18172.000000,270945.000000,62496.000000,151658872.000000,0.000000
456001833.000000,2513.000000,17584.000000,270472.000000,63352.000000,151992696.000000,0.000000
457003305.000000,2608.000000,18256.000000,271232.000000,62592.000000,152326520.000000,0.000000
458000073.000000,2512.000000,17577.000000,269167.000000,63088.000000,152658775.000000,0.000000
459000105.000000,2593.000000,18151.000000,270873.000000,62472.000000,152992120.000000,0.000000
460001577.000000,2513.000000,17584.000000,270472.000000,63352.000000,153325944.000000,0.000000
461003049.000000,2608.000000,18256.000000,271232.000000,62592.000000,153659768.000000,0.000000
462004521.000000,2608.000000,18256.000000,271232.000000,62592.000000,153993592.000000,0.000000
463000046.000000,2499.000000,17486.000000,268856.000000,62984.000000,154325432.000000,0.000000
464001321.000000,2606.000000,18242.000000,271184.000000,62576.000000,154659192.000000,0.000000
465002793.000000,2513.000000,17584.000000,270472.000000,63352.000000,154993016.000000,0.000000
466004265.000000,2608.000000,18256.000000,271232.000000,62592.000000,155326840.000000,0.000000
467000078.000000,2502.000000,17507.000000,268928.000000,63008.000000,155658776.000000,0.000000
468001065.000000,2603.000000,18221.000000,271112.000000,62552.000000,155992440.000000,0.000000
469002537.000000,2513.000000,17584.000000,270472.000000,63352.000000,156326264.000000,0.000000
470004009.000000,2608.000000,18256.000000,271232.000000,62592.000000,156660088.000000,0.000000
471000014.000000,2504.000000,17521.000000,268976.000000,63024.000000,156992088.000000,0.000000
472000809.000000,2601.000000,18207.000000,271064.000000,62536.000000,157325688.000000,0.000000
473002281.000000,2513.000000,17584.000000,270472.000000,63352.000000,157659512.000000,0.000000
474003753.000000,2608.000000,18256.000000,271232.000000,62592.000000,157993336.000000,0.000000
475000046.000000,2602.000000,18214.000000,269808.000000,62288.000000,158325432.000000,0.000000
476000553.000000,2503.000000,17514.000000,270232.000000,63272.000000,158658936.000000,0.000000
477002025.000000,2608.000000,18256.000000,271232.000000,62592.000000,158992760.000000,0.000000
478003497.000000,2513.000000,17584.000000,270472.000000,63352.000000,159326584.000000,0.000000
479000078.000000,2605.000000,18235.000000,269880.000000,62312.000000,159658776.000000,0.000000
480000297.000000,2500.000000,17493.000000,270160.000000,63248.000000,159992184.000000,0.000000
481001769.000000,2608.000000,18256.000000,271232.000000,62592.000000,160326008.000000,0.000000
482003241.000000,2513.000000,17584.000000,270472.000000,63352.000000,160659832.000000,0.000000
483000009.000000,2607.000000,18249.000000,269927.000000,62328.000000,160992087.000000,0.000000
484000041.000000,2498.000000,17479.000000,270113.000000,63232.000000,161325432.000000,0.000000
485001513.000000,2608.000000,18256.000000,271232.000000,62592.000000,161659256.000000,0.000000
486002985.000000,2608.000000,18256.000000,271232.000000,62592.000000,161993080.000000,0.000000
487004457.000000,2513.000000,17584.000000,270472.000000,63352.000000,162326904.000000,0.000000
488000073.000000,2595.000000,18165.000000,269639.000000,62232.000000,162658775.000000,0.000000
489001257.000000,2510.000000,17563.000000,270401.000000,63328.000000,162992504.000000,0.000000
490002729.000000,2608.000000,18256.000000,271232.000000,62592.000000,163326328.000000,0.000000
491004201.000000,2513.000000,17584.000000,270472.000000,63352.000000,163660152.000000,0.000000
492000014.000000,2597.000000,18179.000000,269688.000000,62248.000000,163992088.000000,0.000000
493001001.000000,2508.000000,17549.000000,270352.000000,63312.000000,164325752.000000,0.000000
494002473.000000,2608.000000,18256.000000,271232.000000,62592.000000,164659576.000000,0.000000
495003945.000000,2513.000000,17584.000000,270472.000000,63352.000000,164993400.000000,0.000000
496000046.000000,2600.000000,18200.000000,269760.000000,62272.000000,165325432.000000,0.000000
497000745.000000,2505.000000,17528.000000,270280.000000,63288.000000,165659000.000000,0.000000
498002217.000000,2608.000000,18256.000000,271232.000000,62592.000000,165992824.000000,0.000000
499003689.000000,2608.000000,18256.000000,271232.000000,62592.000000,166326648.000000,0.000000
500000078.000000,2508.000000,17549.000000,269072.000000,63056.000000,166658776.000000,0.000000
501000489.000000,2597.000000,18179.000000,270968.000000,62504.000000,166992248.000000,0.000000
502001961.000000,2513.000000,17584.000000,270472.000000,63352.000000,167326072.000000,0.000000
503003433.000000,2608.000000,18256.000000,271232.000000,62592.000000,167659896.000000,0.000000
504000078.000000,2745.000000,16202.000000,264831.000000,57569.000000,167982296.000000,416.000000
505001353.000000,2606.000000,18242.000000,271184.000000,62576.000000,168316056.000000,0.000000
506002825.000000,2513.000000,17584.000000,270472.000000,63352.000000,168649880.000000,0.000000
507004297.000000,2608.000000,18256.000000,271232.000000,62592.000000,168983704.000000,0.000000
508000014.000000,2596.000000,18172.000000,269664.000000,62240.000000,169315608.000000,0.000000
509001097.000000,2509.000000,17556.000000,270376.000000,63320.000000,169649304.000000,0.000000
510002569.000000,2608.000000,18256.000000,271232.000000,62592.000000,169983128.000000,0.000000
511004041.000000,2513.000000,17584.000000,270472.000000,63352.000000,170316952.000000,0.000000
512000046.000000,2599.000000,18193.000000,269736.000000,62264.000000,170648952.000000,0.000000
513000841.000000,2506.000000,17535.000000,270304.000000,63296.000000,170982552.000000,0.000000
514002313.000000,2608.000000,18256.000000,271232.000000,62592.000000,171316376.000000,0.000000
515003785.000000,2513.000000,17584.000000,270472.000000,63352.000000,171650200.000000,0.000000
516000078.000000,2602.000000,18214.000000,269808.000000,62288.000000,171982296.000000,0.000000
517000585.000000,2503.000000,17514.000000,270232.000000,63272.000000,172315800.000000,0.000000
518002057.000000,2608.000000,18256.000000,271232.000000,62592.000000,172649624.000000,0.000000
519003529.000000,2608.000000,18256.000000,271232.000000,62592.000000,172983448.000000,0.000000
520000009.000000,2509.000000,17556.000000,269095.000000,63064.000000,173315607.000000,0.000000
521000329.000000,2596.000000,18172.000000,270945.000000,62496.000000,173649048.000000,0.000000
522001801.000000,2513.000000,17584.000000,270472.000000,63352.000000,173982872.000000,0.000000
523003273.000000,2608.000000,18256.000000,271232.000000,62592.000000,174316696.000000,0.000000
524000041.000000,2512.000000,17577.000000,269167.000000,63088.000000,174648951.000000,0.000000
525000073.000000,2593.000000,18151.000000,270873.000000,62472.000000,174982296.000000,0.000000
526001545.000000,2513.000000,17584.000000,270472.000000,63352.000000,175316120.000000,0.000000
527003017.000000,2608.000000,18256.000000,271232.000000,62592.000000,175649944.000000,0.000000
528004489.000000,2513.000000,17584.000000,270472.000000,63352.000000,175983768.000000,0.000000
529000014.000000,2594.000000,18158.000000,269616.000000,62224.000000,176315608.000000,0.000000
530001289.000000,2511.000000,17570.000000,270424.000000,63336.000000,176649368.000000,0.000000
531002761.000000,2608.000000,18256.000000,271232.000000,62592.000000,176983192.000000,0.000000
532004233.000000,2608.000000,18256.000000,271232.000000,62592.000000,177317016.000000,0.000000
533000046.000000,2502.000000,17507.000000,268928.000000,63008.000000,177648952.000000,0.000000
534001033.000000,2603.000000,18221.000000,271112.000000,62552.000000,177982616.000000,0.000000
535002505.000000,2513.000000,17584.000000,270472.000000,63352.000000,178316440.000000,0.000000
536003977.000000,2608.000000,18256.000000,271232.000000,62592.000000,178650264.000000,0.000000
537000078.000000,2505.000000,17528.000000,269000.000000,63032.000000,178982296.000000,0.000000
538000777.000000,2600.000000,18200.000000,271040.000000,62528.000000,179315864.000000,0.000000
539002249.000000,2513.000000,17584.000000,270472.000000,63352.000000,179649688.000000,0.000000
540003721.000000,2608.000000,18256.000000,271232.000000,62592.000000,179983512.000000,0.000000
541000014.000000,2507.000000,17542.000000,269048.000000,63048.000000,180315608.000000,0.000000
542000521.000000,2598.000000,18186.000000,270992.000000,62512.000000,180649112.000000,0.000000
543001993.000000,2608.000000,18256.000000,271232.000000,62592.000000,180982936.000000,0.000000
544003465.000000,2513.000000,17584.000000,270472.000000,63352.000000,181316760.000000,0.000000
545000046.000000,2605.000000,18235.000000,269880.000000,62312.000000,181648952.000000,0.000000
546000265.000000,2500.000000,17493.000000,270160.000000,63248.000000,181982360.000000,0.000000
547001737.000000,2608.000000,18256.000000,271232.000000,62592.000000,182316184.000000,0.000000
548003209.000000,2513.000000,17584.000000,270472.000000,63352.000000,182650008.000000,0.000000
549004681.000000,2608.000000,18256.000000,271232.000000,62592.000000,182983832.000000,0.000000
550000009.000000,2497.000000,17472.000000,268808.000000,62968.000000,183315608.000000,0.000000
551001481.000000,2608.000000,18256.000000,271232.000000,62592.000000,183649432.000000,0.000000
552002953.000000,2513.000000,17584.000000,270472.000000,63352.000000,183983256.000000,0.000000
553004425.000000,2608.000000,18256.000000,271232.000000,62592.000000,184317080.000000,0.000000
554240270.000000,2854.000000,16746.000000,321677.000000,70524.000000,184709281.000000,427.000000
555002121.000000,1145.000000,8000.000000,199624.000000,54328.000000,184963233.000000,0.000000
556016582.000000,1724.000000,12060.000000,267405.000000,70748.000000,185301386.000000,0.000000
557017358.000000,1674.000000,11704.000000,263587.000000,70004.000000,185634977.000000,0.000000
558000393.000000,1820.000000,12730.000000,260320.000000,67360.000000,185962657.000000,0.000000
559001865.000000,1685.000000,11781.000000,263848.000000,69976.000000,186296481.000000,0.000000
560003337.000000,1681.000000,11758.000000,263816.000000,70008.000000,186630305.000000,0.000000
561030086.000000,1756.000000,12282.000000,270733.000000,71516.000000,186972554.000000,0.000000
562030862.000000,1674.000000,11703.000000,263587.000000,70004.000000,187306145.000000,0.000000
563001609.000000,1788.000000,12507.000000,256992.000000,66592.000000,187629729.000000,0.000000
564003081.000000,1685.000000,11781.000000,263848.000000,69976.000000,187963553.000000,0.000000
565004553.000000,1681.000000,11757.000000,263816.000000,70008.000000,188297377.000000,0.000000
566043590.000000,1788.000000,12506.000000,274061.000000,72284.000000,188643722.000000,0.000000
567044366.000000,1674.000000,11704.000000,263587.000000,70004.000000,188977313.000000,0.000000
568002825.000000,1756.000000,12282.000000,253664.000000,65824.000000,189296801.000000,0.000000
569004297.000000,1685.000000,11780.000000,263848.000000,69976.000000,189630625.000000,0.000000
570000014.000000,1669.000000,11674.000000,262248.000000,69656.000000,189962529.000000,0.000000
571057094.000000,1832.000000,12814.000000,278957.000000,73404.000000,190314890.000000,0.000000
572057870.000000,1674.000000,11704.000000,263587.000000,70004.000000,190648481.000000,0.000000
573004041.000000,1724.000000,12058.000000,250336.000000,65056.000000,190963873.000000,0.000000
574000046.000000,1676.000000,11718.000000,262352.000000,69648.000000,191295873.000000,0.000000
575000841.000000,1674.000000,11709.000000,263648.000000,69952.000000,191629473.000000,0.000000
576070598.000000,1868.000000,13066.000000,282381.000000,74204.000000,191986058.000000,0.000000
577071374.000000,1674.000000,11705.000000,263587.000000,70004.000000,192319649.000000,0.000000
578000078.000000,1686.000000,11792.000000,245584.000000,63984.000000,192629217.000000,0.000000
579000585.000000,1675.000000,11711.000000,263608.000000,69896.000000,192962721.000000,0.000000
580002057.000000,1681.000000,11758.000000,263816.000000,70008.000000,193296545.000000,0.000000
581003529.000000,1868.000000,13067.000000,265312.000000,68512.000000,193630369.000000,0.000000
582000009.000000,1681.000000,11753.000000,262471.000000,69688.000000,193962528.000000,0.000000
583000329.000000,1669.000000,11673.000000,263529.000000,69912.000000,194295969.000000,0.000000
584008646.000000,1708.000000,11946.000000,265741.000000,70364.000000,194632074.000000,0.000000
585009422.000000,1674.000000,11704.000000,263587.000000,70004.000000,194965665.000000,0.000000
586000041.000000,1851.000000,12947.000000,262343.000000,67864.000000,195295872.000000,0.000000
587000073.000000,1670.000000,11675.000000,263489.000000,69856.000000,195629217.000000,0.000000
588001545.000000,1681.000000,11757.000000,263816.000000,70008.000000,195963041.000000,0.000000
589022150.000000,1740.000000,12171.000000,269069.000000,71132.000000,196303242.000000,0.000000
590022926.000000,1674.000000,11703.000000,263587.000000,70004.000000,196636833.000000,0.000000
591000014.000000,1806.000000,12632.000000,258704.000000,66992.000000,196962529.000000,0.000000
592001289.000000,1683.000000,11767.000000,263800.000000,69960.000000,197296289.000000,0.000000
593002761.000000,1681.000000,11757.000000,263816.000000,70008.000000,197630113.000000,0.000000
594035654.000000,1772.000000,12394.000000,272397.000000,71900.000000,197974410.000000,0.000000
595036430.000000,1674.000000,11704.000000,263587.000000,70004.000000,198308001.000000,0.000000
596001033.000000,1772.000000,12394.000000,255328.000000,66208.000000,198629537.000000,0.000000
597002505.000000,1685.000000,11780.000000,263848.000000,69976.000000,198963361.000000,0.000000
598003977.000000,1681.000000,11757.000000,263816.000000,70008.000000,199297185.000000,0.000000
599049158.000000,1804.000000,12619.000000,275725.000000,72668.000000,199645578.000000,0.000000
600049934.000000,1674.000000,11703.000000,263587.000000,70004.000000,199979169.000000,0.000000
601002249.000000,1740.000000,12170.000000,252000.000000,65440.000000,200296609.000000,0.000000
602003721.000000,1685.000000,11781.000000,263848.000000,69976.000000,200630433.000000,0.000000
603000014.000000,1675.000000,11715.000000,262392.000000,69704.000000,200962529.000000,0.000000
604062662.000000,1842.000000,12884.000000,280477.000000,73740.000000,201316746.000000,0.000000
605002437.000000,2629.000000,7482.000000,225049.000000,48661.000000,201590456.000000,1239.000000
606003909.000000,2513.000000,17584.000000,270472.000000,63352.000000,201924280.000000,17.000000
607000010.000000,2600.000000,18200.000000,269760.000000,62272.000000,202256312.000000,0.000000
608000709.000000,2505.000000,17528.000000,270280.000000,63288.000000,202589880.000000,0.000000
609002181.000000,2608.000000,18256.000000,271232.000000,62592.000000,202923704.000000,0.000000
610003653.000000,2608.000000,18256.000000,271232.000000,62592.000000,203257528.000000,0.000000
611000042.000000,2508.000000,17549.000000,269072.000000,63056.000000,203589656.000000,0.000000
612000453.000000,2597.000000,18179.000000,270968.000000,62504.000000,203923128.000000,0.000000
613001925.000000,2513.000000,17584.000000,270472.000000,63352.000000,204256952.000000,0.000000
614003397.000000,2608.000000,18256.000000,271232.000000,62592.000000,204590776.000000,0.000000
615000074.000000,2511.000000,17570.000000,269144.000000,63080.000000,204923000.000000,0.000000
616000197.000000,2594.000000,18158.000000,270896.000000,62480.000000,205256376.000000,0.000000
617001669.000000,2513.000000,17584.000000,270472.000000,63352.000000,205590200.000000,0.000000
618003141.000000,2608.000000,18256.000000,271232.000000,62592.000000,205924024.000000,0.000000
619004613.000000,2513.000000,17584.000000,270472.000000,63352.000000,206257848.000000,0.000000
620000037.000000,2593.000000,18151.000000,269591.000000,62216.000000,206589655.000000,0.000000
621032138.000000,2592.000000,18137.000000,278769.000000,65264.000000,206933688.000000,0.000000
622002885.000000,2528.000000,17696.000000,262912.000000,60672.000000,207257272.000000,0.000000
623004357.000000,2608.000000,18256.000000,271232.000000,62592.000000,207591096.000000,0.000000
624000074.000000,2501.000000,17500.000000,268904.000000,63000.000000,207923000.000000,0.000000
625001157.000000,2604.000000,18228.000000,271136.000000,62560.000000,208256696.000000,0.000000
626002629.000000,2513.000000,17584.000000,270472.000000,63352.000000,208590520.000000,0.000000
627004101.000000,2608.000000,18256.000000,271232.000000,62592.000000,208924344.000000,0.000000
628000005.000000,2503.000000,17514.000000,268951.000000,63016.000000,209256311.000000,0.000000
629000901.000000,2602.000000,18214.000000,271089.000000,62544.000000,209589944.000000,0.000000
630002373.000000,2513.000000,17584.000000,270472.000000,63352.000000,209923768.000000,0.000000
631003845.000000,2608.000000,18256.000000,271232.000000,62592.000000,210257592.000000,0.000000
632000037.000000,2506.000000,17535.000000,269023.000000,63040.000000,210589655.000000,0.000000
633000645.000000,2599.000000,18193.000000,271017.000000,62520.000000,210923192.000000,0.000000
634002117.000000,2608.000000,18256.000000,271232.000000,62592.000000,211257016.000000,0.000000
635003589.000000,2513.000000,17584.000000,270472.000000,63352.000000,211590840.000000,0.000000
636000069.000000,2604.000000,18228.000000,269855.000000,62304.000000,211922999.000000,0.000000
637000389.000000,2501.000000,17500.000000,270185.000000,63256.000000,212256440.000000,0.000000
638001861.000000,2608.000000,18256.000000,271232.000000,62592.000000,212590264.000000,0.000000
639003333.000000,2513.000000,17584.000000,270472.000000,63352.000000,212924088.000000,0.000000
640000010.000000,2606.000000,18242.000000,269904.000000,62320.000000,213256312.000000,0.000000
641000133.000000,2499.000000,17486.000000,270136.000000,63240.000000,213589688.000000,0.000000
642001605.000000,2608.000000,18256.000000,271232.000000,62592.000000,213923512.000000,0.000000
643003077.000000,2513.000000,17584.000000,270472.000000,63352.000000,214257336.000000,0.000000
644004549.000000,2608.000000,18256.000000,271232.000000,62592.000000,214591160.000000,0.000000
645024458.000000,2561.000000,17920.000000,275464.000000,64504.000000,214931128.000000,0.000000
646001349.000000,2544.000000,17808.000000,264576.000000,61056.000000,215256760.000000,0.000000
647002821.000000,2608.000000,18256.000000,271232.000000,62592.000000,215590584.000000,0.000000
648004293.000000,2513.000000,17584.000000,270472.000000,63352.000000,215924408.000000,0.000000
649000010.000000,2596.000000,18172.000000,269664.000000,62240.000000,216256312.000000,0.000000
650001093.000000,2509.000000,17556.000000,270376.000000,63320.000000,216590008.000000,0.000000
651002565.000000,2608.000000,18256.000000,271232.000000,62592.000000,216923832.000000,0.000000
652004037.000000,2513.000000,17584.000000,270472.000000,63352.000000,217257656.000000,0.000000
653000042.000000,2599.000000,18193.000000,269736.000000,62264.000000,217589656.000000,0.000000
654000837.000000,2506.000000,17535.000000,270304.000000,63296.000000,217923256.000000,0.000000
655002309.000000,2608.000000,18256.000000,271232.000000,62592.000000,218257080.000000,0.000000
656194326.000000,2612.000000,6957.000000,289820.000000,47674.000000,218594574.000000,1221.000000
657003297.000000,2186.000000,14601.000000,196947.000000,52424.000000,218843945.000000,17.000000
658000065.000000,2607.000000,18249.000000,269927.000000,62328.000000,219176200.000000,0.000000
659000097.000000,2498.000000,17479.000000,270113.000000,63232.000000,219509545.000000,0.000000
660001569.000000,2608.000000,18256.000000,271232.000000,62592.000000,219843369.000000,0.000000
661003041.000000,2513.000000,17584.000000,270472.000000,63352.000000,220177193.000000,0.000000
662004513.000000,2608.000000,18256.000000,271232.000000,62592.000000,220511017.000000,0.000000
663000038.000000,2499.000000,17486.000000,268856.000000,62984.000000,220842857.000000,0.000000
664001313.000000,2606.000000,18242.000000,271184.000000,62576.000000,221176617.000000,0.000000
665002785.000000,2513.000000,17584.000000,270472.000000,63352.000000,221510441.000000,0.000000
666004257.000000,2608.000000,18256.000000,271232.000000,62592.000000,221844265.000000,0.000000
667000070.000000,2502.000000,17507.000000,268928.000000,63008.000000,222176201.000000,0.000000
668001057.000000,2603.000000,18221.000000,271112.000000,62552.000000,222509865.000000,0.000000
669002529.000000,2608.000000,18256.000000,271232.000000,62592.000000,222843689.000000,0.000000
670004001.000000,2513.000000,17584.000000,270472.000000,63352.000000,223177513.000000,0.000000
671000006.000000,2599.000000,18193.000000,269736.000000,62264.000000,223509513.000000,0.000000
672000801.000000,2506.000000,17535.000000,270304.000000,63296.000000,223843113.000000,0.000000
673002273.000000,2608.000000,18256.000000,271232.000000,62592.000000,224176937.000000,0.000000
674003745.000000,2513.000000,17584.000000,270472.000000,63352.000000,224510761.000000,0.000000
675000038.000000,2602.000000,18214.000000,269808.000000,62288.000000,224842857.000000,0.000000
676000545.000000,2503.000000,17514.000000,270232.000000,63272.000000,225176361.000000,0.000000
677002017.000000,2608.000000,18256.000000,271232.000000,62592.000000,225510185.000000,0.000000
678003489.000000,2513.000000,17584.000000,270472.000000,63352.000000,225844009.000000,0.000000
679000070.000000,2605.000000,18235.000000,269880.000000,62312.000000,226176201.000000,0.000000
680000289.000000,2500.000000,17493.000000,270160.000000,63248.000000,226509609.000000,0.000000
681001761.000000,2608.000000,18256.000000,271232.000000,62592.000000,226843433.000000,0.000000
682003233.000000,2608.000000,18256.000000,271232.000000,62592.000000,227177257.000000,0.000000
683000001.000000,2512.000000,17577.000000,269167.000000,63088.000000,227509512.000000,0.000000
684000033.000000,2593.000000,18151.000000,270873.000000,62472.000000,227842857.000000,0.000000
685001505.000000,2513.000000,17584.000000,270472.000000,63352.000000,228176681.000000,0.000000
686002977.000000,2608.000000,18256.000000,271232.000000,62592.000000,228510505.000000,0.000000
687004449.000000,2513.000000,17584.000000,270472.000000,63352.000000,228844329.000000,0.000000
688000065.000000,2595.000000,18165.000000,269639.000000,62232.000000,229176200.000000,0.000000
689001249.000000,2510.000000,17563.000000,270401.000000,63328.000000,229509929.000000,0.000000
690002721.000000,2608.000000,18256.000000,271232.000000,62592.000000,229843753.000000,0.000000
691004193.000000,2513.000000,17584.000000,270472.000000,63352.000000,230177577.000000,0.000000
692000006.000000,2597.000000,18179.000000,269688.000000,62248.000000,230509513.000000,0.000000
693000993.000000,2603.000000,18221.000000,271112.000000,62552.000000,230843177.000000,0.000000
694002465.000000,2513.000000,17584.000000,270472.000000,63352.000000,231177001.000000,0.000000
695003937.000000,2608.000000,18256.000000,271232.000000,62592.000000,231510825.000000,0.000000
696000038.000000,2505.000000,17528.000000,269000.000000,63032.000000,231842857.000000,0.000000
697000737.000000,2600.000000,18200.000000,271040.000000,62528.000000,232176425.000000,0.000000
698002209.000000,2513.000000,17584.000000,270472.000000,63352.000000,232510249.000000,0.000000
699003681.000000,2608.000000,18256.000000,271232.000000,62592.000000,232844073.000000,0.000000
700000070.000000,2508.000000,17549.000000,269072.000000,63056.000000,233176201.000000,0.000000
701000481.000000,2597.000000,18179.000000,270968.000000,62504.000000,233509673.000000,0.000000
702001953.000000,2513.000000,17584.000000,270472.000000,63352.000000,233843497.000000,0.000000
703003425.000000,2608.000000,18256.000000,271232.000000,62592.000000,234177321.000000,0.000000
704000006.000000,2510.000000,17563.000000,269120.000000,63072.000000,234509513.000000,0.000000
705000225.000000,2595.000000,18165.000000,270920.000000,62488.000000,234842921.000000,0.000000
706001697.000000,2608.000000,18256.000000,271232.000000,62592.000000,235176745.000000,0.000000
707000005.000000,4735.000000,11529.000000,257924.000000,58896.000000,235493565.000000,2730.000000
708051265.000000,2018.000000,760.000000,247841.000000,31075.000000,235772481.000000,1585.000000
709031485.000000,2969.000000,7584.000000,197656.000000,55842.000000,236025979.000000,1385.000000
710032261.000000,1674.000000,11703.000000,263587.000000,70004.000000,236359570.000000,0.000000
711003008.000000,1788.000000,12508.000000,256992.000000,66592.000000,236683154.000000,0.000000
712004480.000000,1685.000000,11781.000000,263848.000000,69976.000000,237016978.000000,0.000000
713000005.000000,1667.000000,11659.000000,262200.000000,69640.000000,237348818.000000,0.000000
714044989.000000,1802.000000,12605.000000,275677.000000,72652.000000,237697147.000000,0.000000
715045765.000000,1674.000000,11703.000000,263587.000000,70004.000000,238030738.000000,0.000000
716004224.000000,1756.000000,12282.000000,253664.000000,65824.000000,238350226.000000,0.000000
717000037.000000,1674.000000,11703.000000,262304.000000,69632.000000,238682162.000000,0.000000
718001024.000000,1676.000000,11722.000000,263696.000000,69968.000000,239015826.000000,0.000000
719058493.000000,1836.000000,12843.000000,279053.000000,73436.000000,239368315.000000,0.000000
720059269.000000,1674.000000,11704.000000,263587.000000,70004.000000,239701906.000000,0.000000
721000069.000000,1716.000000,12002.000000,248864.000000,64736.000000,240015506.000000,0.000000
722000768.000000,1677.000000,11724.000000,263656.000000,69912.000000,240349074.000000,0.000000
723002240.000000,1681.000000,11757.000000,263816.000000,70008.000000,240682898.000000,0.000000
724071997.000000,1868.000000,13066.000000,282381.000000,74204.000000,241039483.000000,0.000000
725072773.000000,1674.000000,11704.000000,263587.000000,70004.000000,241373074.000000,0.000000
726000512.000000,1676.000000,11723.000000,245344.000000,63904.000000,241682322.000000,0.000000
727001984.000000,1685.000000,11781.000000,263848.000000,69976.000000,242016146.000000,0.000000
728003456.000000,1681.000000,11757.000000,263816.000000,70008.000000,242349970.000000,0.000000
729000037.000000,1865.000000,13045.000000,263960.000000,68232.000000,242682162.000000,0.000000
730000256.000000,1672.000000,11689.000000,263536.000000,69872.000000,243015570.000000,0.000000
731001728.000000,1681.000000,11757.000000,263816.000000,70008.000000,243349394.000000,0.000000
732010045.000000,1708.000000,11947.000000,265741.000000,70364.000000,243685499.000000,0.000000
733010821.000000,1674.000000,11703.000000,263587.000000,70004.000000,244019090.000000,0.000000
734000096.000000,1837.000000,12849.000000,262007.000000,67752.000000,244348849.000000,0.000000
735001472.000000,1684.000000,11774.000000,263825.000000,69968.000000,244682642.000000,0.000000
736002944.000000,1681.000000,11757.000000,263816.000000,70008.000000,245016466.000000,0.000000
737023549.000000,1740.000000,12170.000000,269069.000000,71132.000000,245356667.000000,0.000000
738024325.000000,1674.000000,11703.000000,263587.000000,70004.000000,245690258.000000,0.000000
739001216.000000,1804.000000,12619.000000,258656.000000,66976.000000,246015890.000000,0.000000
740002688.000000,1685.000000,11780.000000,263848.000000,69976.000000,246349714.000000,0.000000
741004160.000000,1681.000000,11757.000000,263816.000000,70008.000000,246683538.000000,0.000000
742037053.000000,1772.000000,12395.000000,272397.000000,71900.000000,247027835.000000,0.000000
743037829.000000,1674.000000,11703.000000,263587.000000,70004.000000,247361426.000000,0.000000
744002432.000000,1772.000000,12394.000000,255328.000000,66208.000000,247682962.000000,0.000000
745003904.000000,1685.000000,11781.000000,263848.000000,69976.000000,248016786.000000,0.000000
746000005.000000,1673.000000,11701.000000,262344.000000,69688.000000,248348818.000000,0.000000
747050557.000000,1812.000000,12674.000000,277197.000000,72988.000000,248699003.000000,0.000000
748051333.000000,1674.000000,11703.000000,263587.000000,70004.000000,249032594.000000,0.000000
749003648.000000,1740.000000,12171.000000,252000.000000,65440.000000,249350034.000000,0.000000
750000037.000000,1680.000000,11745.000000,262448.000000,69680.000000,249682162.000000,0.000000
751000448.000000,1670.000000,11680.000000,263552.000000,69920.000000,250015634.000000,0.000000
752064061.000000,1852.000000,12955.000000,280717.000000,73820.000000,250370171.000000,0.000000
753064837.000000,1674.000000,11703.000000,263587.000000,70004.000000,250703762.000000,0.000000
754000069.000000,1706.000000,11932.000000,247344.000000,64400.000000,251015506.000000,0.000000
755000192.000000,1671.000000,11683.000000,263512.000000,69864.000000,251348882.000000,0.000000
756001664.000000,1681.000000,11757.000000,263816.000000,70008.000000,251682706.000000,0.000000
757003136.000000,1868.000000,13066.000000,265312.000000,68512.000000,252016530.000000,0.000000
758004608.000000,1685.000000,11780.000000,263848.000000,69976.000000,252350354.000000,0.000000
759000021.000000,3474.000000,10790.000000,260187.000000,70412.000000,252680953.000000,1699.000000
760095347.000000,4710.000000,1303.000000,260337.000000,44168.000000,252985458.000000,4197.000000
761069265.000000,4879.000000,9428.000000,257092.000000,65685.000000,253308235.000000,1325.000000
762170321.000000,2513.000000,12.000000,262710.000000,12558.000000,253583503.000000,1999.000000
763003504.000000,1368.000000,7016.000000,107252.000000,51059.000000,253741814.000000,36.000000
764000085.000000,2605.000000,18235.000000,269880.000000,62312.000000,254074006.000000,0.000000
765000304.000000,2595.000000,18165.000000,270920.000000,62488.000000,254407414.000000,0.000000
766001776.000000,2513.000000,17584.000000,270472.000000,63352.000000,254741238.000000,0.000000
767003248.000000,2608.000000,18256.000000,271232.000000,62592.000000,255075062.000000,0.000000
768000016.000000,2607.000000,18249.000000,269927.000000,62328.000000,255407317.000000,0.000000
769000048.000000,2498.000000,17479.000000,270113.000000,63232.000000,255740662.000000,0.000000
770001520.000000,2608.000000,18256.000000,271232.000000,62592.000000,256074486.000000,0.000000
771002992.000000,2513.000000,17584.000000,270472.000000,63352.000000,256408310.000000,0.000000
772004464.000000,2608.000000,18256.000000,271232.000000,62592.000000,256742134.000000,0.000000
773000080.000000,2500.000000,17493.000000,268879.000000,62992.000000,257074005.000000,0.000000
774001264.000000,2605.000000,18235.000000,271161.000000,62568.000000,257407734.000000,0.000000
775002736.000000,2513.000000,17584.000000,270472.000000,63352.000000,257741558.000000,0.000000
776004208.000000,2608.000000,18256.000000,271232.000000,62592.000000,258075382.000000,0.000000
777000021.000000,2502.000000,17507.000000,268928.000000,63008.000000,258407318.000000,0.000000
778001008.000000,2603.000000,18221.000000,271112.000000,62552.000000,258740982.000000,0.000000
779002480.000000,2608.000000,18256.000000,271232.000000,62592.000000,259074806.000000,0.000000
780003952.000000,2513.000000,17584.000000,270472.000000,63352.000000,259408630.000000,0.000000
781000053.000000,2600.000000,18200.000000,269760.000000,62272.000000,259740662.000000,0.000000
782000752.000000,2505.000000,17528.000000,270280.000000,63288.000000,260074230.000000,0.000000
783002224.000000,2608.000000,18256.000000,271232.000000,62592.000000,260408054.000000,0.000000
784003696.000000,2513.000000,17584.000000,270472.000000,63352.000000,260741878.000000,0.000000
785000085.000000,2603.000000,18221.000000,269832.000000,62296.000000,261074006.000000,0.000000
786000496.000000,2502.000000,17507.000000,270208.000000,63264.000000,261407478.000000,0.000000
787001968.000000,2608.000000,18256.000000,271232.000000,62592.000000,261741302.000000,0.000000
788003440.000000,2513.000000,17584.000000,270472.000000,63352.000000,262075126.000000,0.000000
789000021.000000,2605.000000,18235.000000,269880.000000,62312.000000,262407318.000000,0.000000
790000240.000000,2500.000000,17493.000000,270160.000000,63248.000000,262740726.000000,0.000000
791001712.000000,2608.000000,18256.000000,271232.000000,62592.000000,263074550.000000,0.000000
792003184.000000,2608.000000,18256.000000,271232.000000,62592.000000,263408374.000000,0.000000
793004656.000000,2513.000000,17584.000000,270472.000000,63352.000000,263742198.000000,0.000000
794000080.000000,2593.000000,18151.000000,269591.000000,62216.000000,264074005.000000,0.000000
795001456.000000,2512.000000,17577.000000,270449.000000,63344.000000,264407798.000000,0.000000
796002928.000000,2608.000000,18256.000000,271232.000000,62592.000000,264741622.000000,0.000000
797004400.000000,2513.000000,17584.000000,270472.000000,63352.000000,265075446.000000,0.000000
798000016.000000,2595.000000,18165.000000,269639.000000,62232.000000,265407317.000000,0.000000
799001200.000000,2510.000000,17563.000000,270401.000000,63328.000000,265741046.000000,0.000000
800002672.000000,2608.000000,18256.000000,271232.000000,62592.000000,266074870.000000,0.000000
801004144.000000,2513.000000,17584.000000,270472.000000,63352.000000,266408694.000000,0.000000
802000048.000000,2598.000000,18186.000000,269711.000000,62256.000000,266740661.000000,0.000000
803000944.000000,2602.000000,18214.000000,271089.000000,62544.000000,267074294.000000,0.000000
804002416.000000,2513.000000,17584.000000,270472.000000,63352.000000,267408118.000000,0.000000
805003888.000000,2608.000000,18256.000000,271232.000000,62592.000000,267741942.000000,0.000000
806000080.000000,2506.000000,17535.000000,269023.000000,63040.000000,268074005.000000,0.000000
807000688.000000,2599.000000,18193.000000,271017.000000,62520.000000,268407542.000000,0.000000
808002160.000000,2513.000000,17584.000000,270472.000000,63352.000000,268741366.000000,0.000000
809003632.000000,2608.000000,18256.000000,271232.000000,62592.000000,269075190.000000,0.000000
810000021.000000,2508.000000,17549.000000,269072.000000,63056.000000,269407318.000000,0.000000
811000432.000000,2597.000000,18179.000000,270968.000000,62504.000000,269740790.000000,0.000000
812001904.000000,2513.000000,17584.000000,270472.000000,63352.000000,270074614.000000,0.000000
813003376.000000,2608.000000,18256.000000,271232.000000,62592.000000,270408438.000000,0.000000
814077900.000000,2475.000000,5490.000000,265294.000000,74515.000000,270748247.000000,1512.000000
815071120.000000,3302.000000,410.000000,235082.000000,27278.000000,271010607.000000,2886.000000
816000247.000000,3265.000000,12246.000000,227650.000000,74582.000000,271312839.000000,839.000000
817287159.000000,2045.000000,12.000000,306933.000000,14795.000000,271634567.000000,1574.000000
818091767.000000,1643.000000,13.000000,191955.000000,9200.000000,271835722.000000,1271.000000
819254095.000000,147.000000,18.000000,276773.000000,13800.000000,272126295.000000,137.000000
820036215.000000,407.000000,0.000000,186339.000000,9200.000000,272321834.000000,314.000000
821000288.000000,2217.000000,10847.000000,61753.000000,76259.000000,272459846.000000,36.000000
822003734.000000,1394.000000,9455.000000,240197.000000,74429.000000,272774472.000000,2.000000
823000027.000000,1862.000000,13024.000000,263888.000000,68208.000000,273106568.000000,0.000000
824000534.000000,1675.000000,11712.000000,263608.000000,69896.000000,273440072.000000,0.000000
825002006.000000,1681.000000,11758.000000,263816.000000,70008.000000,273773896.000000,0.000000
826003478.000000,1685.000000,11780.000000,263848.000000,69976.000000,274107720.000000,0.000000
827000059.000000,1678.000000,11736.000000,262464.000000,69728.000000,274439912.000000,0.000000
828000278.000000,1855.000000,12975.000000,265000.000000,68408.000000,274773320.000000,0.000000
829001750.000000,1685.000000,11780.000000,263848.000000,69976.000000,275107144.000000,0.000000
830003222.000000,1681.000000,11757.000000,263816.000000,70008.000000,275440968.000000,0.000000
831011539.000000,1708.000000,11946.000000,265741.000000,70364.000000,275777073.000000,0.000000
832012315.000000,1674.000000,11703.000000,263587.000000,70004.000000,276110664.000000,0.000000
833001494.000000,1836.000000,12842.000000,261984.000000,67744.000000,276440392.000000,0.000000
834002966.000000,1685.000000,11780.000000,263848.000000,69976.000000,276774216.000000,0.000000
835004438.000000,1681.000000,11757.000000,263816.000000,70008.000000,277108040.000000,0.000000
836025043.000000,1740.000000,12170.000000,269069.000000,71132.000000,277448241.000000,0.000000
837025819.000000,1674.000000,11703.000000,263587.000000,70004.000000,277781832.000000,0.000000
838002710.000000,1804.000000,12618.000000,258656.000000,66976.000000,278107464.000000,0.000000
839004182.000000,1685.000000,11780.000000,263848.000000,69976.000000,278441288.000000,0.000000
840000086.000000,1671.000000,11687.000000,262295.000000,69672.000000,278773255.000000,0.000000
841038547.000000,1782.000000,12464.000000,273918.000000,72236.000000,279119409.000000,0.000000
842039323.000000,1674.000000,11703.000000,263587.000000,70004.000000,279453000.000000,0.000000
843003926.000000,1772.000000,12394.000000,255328.000000,66208.000000,279774536.000000,0.000000
844000027.000000,1677.000000,11724.000000,262376.000000,69656.000000,280106568.000000,0.000000
845000726.000000,1673.000000,11701.000000,263624.000000,69944.000000,280440136.000000,0.000000
846052051.000000,1820.000000,12730.000000,277389.000000,73052.000000,280790577.000000,0.000000
847052827.000000,1674.000000,11703.000000,263587.000000,70004.000000,281124168.000000,0.000000
848000059.000000,1735.000000,12135.000000,250600.000000,65144.000000,281439912.000000,0.000000
849000470.000000,1674.000000,11703.000000,263584.000000,69888.000000,281773384.000000,0.000000
850001942.000000,1681.000000,11757.000000,263816.000000,70008.000000,282107208.000000,0.000000
851065555.000000,1852.000000,12954.000000,280717.000000,73820.000000,282461745.000000,0.000000
852066331.000000,1674.000000,11703.000000,263587.000000,70004.000000,282795336.000000,0.000000
853000214.000000,1692.000000,11834.000000,247008.000000,64288.000000,283106632.000000,0.000000
854001686.000000,1685.000000,11780.000000,263848.000000,69976.000000,283440456.000000,0.000000
855003158.000000,1681.000000,11757.000000,263816.000000,70008.000000,283774280.000000,0.000000
856004630.000000,1868.000000,13066.000000,265312.000000,68512.000000,284108104.000000,0.000000
857000054.000000,1670.000000,11675.000000,262207.000000,69600.000000,284439911.000000,0.000000
858001430.000000,1680.000000,11750.000000,263793.000000,70000.000000,284773704.000000,0.000000
859003603.000000,1692.000000,11834.000000,264077.000000,69980.000000,285107761.000000,0.000000
860004379.000000,1674.000000,11703.000000,263587.000000,70004.000000,285441352.000000,0.000000
861000091.000000,1856.000000,12982.000000,263744.000000,68160.000000,285773256.000000,0.000000
862001174.000000,1681.000000,11752.000000,263752.000000,69944.000000,286106952.000000,0.000000
863002646.000000,1681.000000,11757.000000,263816.000000,70008.000000,286440776.000000,0.000000
864017107.000000,1724.000000,12058.000000,267405.000000,70748.000000,286778929.000000,0.000000
865017883.000000,1674.000000,11703.000000,263587.000000,70004.000000,287112520.000000,0.000000
866000918.000000,1820.000000,12730.000000,260320.000000,67360.000000,287440200.000000,0.000000
867002390.000000,1685.000000,11780.000000,263848.000000,69976.000000,287774024.000000,0.000000
868003862.000000,1681.000000,11757.000000,263816.000000,70008.000000,288107848.000000,0.000000
869030611.000000,1756.000000,12282.000000,270733.000000,71516.000000,288450097.000000,0.000000
870031387.000000,1674.000000,11703.000000,263587.000000,70004.000000,288783688.000000,0.000000
871002134.000000,1788.000000,12506.000000,256992.000000,66592.000000,289107272.000000,0.000000
872014761.000000,3317.000000,6622.000000,253671.000000,75056.000000,289435999.000000,2118.000000
873049120.000000,15329.000000,4468.000000,250669.000000,68994.000000,289755662.000000,13515.000000
874045690.000000,2684.000000,296.000000,235643.000000,27600.000000,290018905.000000,2382.000000
875035772.000000,4108.000000,507.000000,234531.000000,27002.000000,290280438.000000,3598.000000
876038278.000000,3053.000000,380.000000,237211.000000,27600.000000,290545249.000000,2667.000000
877000477.000000,5701.000000,24192.000000,244583.000000,122222.000000,290912054.000000,887.000000
878289949.000000,1730.000000,6.000000,307470.000000,14903.000000,291234427.000000,1346.000000
879066397.000000,184.000000,0.000000,184912.000000,9200.000000,291428539.000000,143.000000
880280221.000000,3056.000000,18.000000,289656.000000,13800.000000,291731995.000000,2432.000000
881054965.000000,64.000000,13.000000,184477.000000,9200.000000,291925672.000000,55.000000
882275613.000000,3116.000000,20.000000,291374.000000,13800.000000,292230846.000000,2414.000000
883072413.000000,1112.000000,3.000000,190000.000000,9200.000000,292430046.000000,859.000000
884240029.000000,322.000000,3.000000,278104.000000,13800.000000,292721950.000000,248.000000
885053085.000000,1980.000000,3.000000,194064.000000,9200.000000,292925214.000000,1531.000000
886000390.000000,1965.000000,9587.000000,66459.000000,73185.000000,293064858.000000,36.000000
887006470.000000,2430.000000,12138.000000,48116.000000,86028.000000,293199002.000000,0.000000
888000028.000000,2508.000000,17041.000000,240580.000000,65374.000000,293504956.000000,2.000000
889001404.000000,2607.000000,18249.000000,271209.000000,62584.000000,293838749.000000,0.000000
890002876.000000,2513.000000,17584.000000,270472.000000,63352.000000,294172573.000000,0.000000
891004348.000000,2608.000000,18256.000000,271232.000000,62592.000000,294506397.000000,0.000000
892000065.000000,2501.000000,17500.000000,268904.000000,63000.000000,294838301.000000,0.000000
893001148.000000,2604.000000,18228.000000,271136.000000,62560.000000,295171997.000000,0.000000
894002620.000000,2513.000000,17584.000000,270472.000000,63352.000000,295505821.000000,0.000000
895004092.000000,2608.000000,18256.000000,271232.000000,62592.000000,295839645.000000,0.000000
896000097.000000,2504.000000,17521.000000,268976.000000,63024.000000,296171645.000000,0.000000
897000892.000000,2601.000000,18207.000000,271064.000000,62536.000000,296505245.000000,0.000000
898002364.000000,2513.000000,17584.000000,270472.000000,63352.000000,296839069.000000,0.000000
899003836.000000,2608.000000,18256.000000,271232.000000,62592.000000,297172893.000000,0.000000
900000028.000000,2601.000000,18207.000000,269783.000000,62280.000000,297504956.000000,0.000000
901000636.000000,2504.000000,17521.000000,270257.000000,63280.000000,297838493.000000,0.000000
902002108.000000,2608.000000,18256.000000,271232.000000,62592.000000,298172317.000000,0.000000
903003580.000000,2513.000000,17584.000000,270472.000000,63352.000000,298506141.000000,0.000000
904000060.000000,2604.000000,18228.000000,269855.000000,62304.000000,298838300.000000,0.000000
905000380.000000,2501.000000,17500.000000,270185.000000,63256.000000,299171741.000000,0.000000
906001852.000000,2608.000000,18256.000000,271232.000000,62592.000000,299505565.000000,0.000000
907003324.000000,2513.000000,17584.000000,270472.000000,63352.000000,299839389.000000,0.000000
908000001.000000,2606.000000,18242.000000,269904.000000,62320.000000,300171613.000000,0.000000
909000124.000000,2499.000000,17486.000000,270136.000000,63240.000000,300504989.000000,0.000000
910001596.000000,2608.000000,18256.000000,271232.000000,62592.000000,300838813.000000,0.000000
911027649.000000,2577.000000,18032.000000,277128.000000,64888.000000,301180829.000000,0.000000
912004540.000000,2544.000000,17808.000000,264576.000000,61056.000000,301506461.000000,0.000000
913000065.000000,2594.000000,18158.000000,269616.000000,62224.000000,301838301.000000,0.000000
914001340.000000,2511.000000,17570.000000,270424.000000,63336.000000,302172061.000000,0.000000
915002812.000000,2608.000000,18256.000000,271232.000000,62592.000000,302505885.000000,0.000000
916004284.000000,2513.000000,17584.000000,270472.000000,63352.000000,302839709.000000,0.000000
917000001.000000,2596.000000,18172.000000,269664.000000,62240.000000,303171613.000000,0.000000
918001084.000000,2509.000000,17556.000000,270376.000000,63320.000000,303505309.000000,0.000000
919002556.000000,2608.000000,18256.000000,271232.000000,62592.000000,303839133.000000,0.000000
920004028.000000,2513.000000,17584.000000,270472.000000,63352.000000,304172957.000000,0.000000
921000033.000000,2599.000000,18193.000000,269736.000000,62264.000000,304504957.000000,0.000000
922000828.000000,2506.000000,17535.000000,270304.000000,63296.000000,304838557.000000,0.000000
923002300.000000,2608.000000,18256.000000,271232.000000,62592.000000,305172381.000000,0.000000
924003772.000000,2608.000000,18256.000000,271232.000000,62592.000000,305506205.000000,0.000000
925000065.000000,2507.000000,17542.000000,269048.000000,63048.000000,305838301.000000,0.000000
926000572.000000,2598.000000,18186.000000,270992.000000,62512.000000,306171805.000000,0.000000
927002044.000000,2513.000000,17584.000000,270472.000000,63352.000000,306505629.000000,0.000000
928003516.000000,2608.000000,18256.000000,271232.000000,62592.000000,306839453.000000,0.000000
929000097.000000,2510.000000,17563.000000,269120.000000,63072.000000,307171645.000000,0.000000
930000316.000000,2595.000000,18165.000000,270920.000000,62488.000000,307505053.000000,0.000000
931001788.000000,2513.000000,17584.000000,270472.000000,63352.000000,307838877.000000,0.000000
932003260.000000,2608.000000,18256.000000,271232.000000,62592.000000,308172701.000000,0.000000
933000028.000000,2512.000000,17577.000000,269167.000000,63088.000000,308504956.000000,0.000000
934000060.000000,2593.000000,18151.000000,270873.000000,62472.000000,308838301.000000,0.000000
935019969.000000,2561.000000,17920.000000,275464.000000,64504.000000,309178269.000000,0.000000
936003004.000000,2560.000000,17920.000000,266240.000000,61440.000000,309505949.000000,0.000000
937004476.000000,2608.000000,18256.000000,271232.000000,62592.000000,309839773.000000,0.000000
938044501.000000,6975.000000,9736.000000,264306.000000,73603.000000,310177682.000000,5066.000000
939004141.000000,11925.000000,5489.000000,231734.000000,73602.000000,310483018.000000,10887.000000
940020629.000000,11897.000000,3955.000000,245232.000000,78198.000000,310806448.000000,10472.000000
941087481.000000,4529.000000,1211.000000,253563.000000,46000.000000,311106011.000000,3987.000000
942000035.000000,2454.000000,274.000000,215764.000000,25284.000000,311347059.000000,2119.000000
943082390.000000,2361.000000,286.000000,255847.000000,30054.000000,311632960.000000,2136.000000
944065222.000000,883.000000,108.000000,232016.000000,27600.000000,311892576.000000,775.000000
945033967.000000,3711.000000,415.000000,229311.000000,26588.000000,312148475.000000,3296.000000
946020922.000000,1471.000000,166.000000,233101.000000,27600.000000,312409176.000000,1305.000000
947000055.000000,253.000000,35.000000,230999.000000,27644.000000,312667819.000000,189.000000
948000914.000000,7542.000000,38593.000000,247312.000000,183349.000000,313098480.000000,62.000000
949147622.000000,4087.000000,4378.000000,274817.000000,32254.000000,313405551.000000,2430.000000
950312166.000000,111.000000,0.000000,277336.000000,13800.000000,313696687.000000,91.000000
951090262.000000,183.000000,0.000000,185322.000000,9200.000000,313891209.000000,142.000000
952281190.000000,1774.000000,19.000000,283937.000000,13800.000000,314188946.000000,1408.000000
953082982.000000,1439.000000,9.000000,191248.000000,9200.000000,314389394.000000,1111.000000
954261606.000000,2887.000000,12.000000,281316.000000,13340.000000,314684050.000000,2235.000000
955056830.000000,1028.000000,2.000000,189597.000000,9200.000000,314882847.000000,796.000000
956219494.000000,123.000000,0.000000,276878.000000,13800.000000,315173525.000000,95.000000
957000038.000000,744.000000,3.000000,186025.000000,9111.000000,315368661.000000,575.000000
958195390.000000,2002.000000,12.000000,285032.000000,13797.000000,315667490.000000,1594.000000
959000038.000000,364.000000,0.000000,191694.000000,9477.000000,315868661.000000,229.000000
960186966.000000,2905.000000,32.000000,283204.000000,13523.000000,316165388.000000,2373.000000
961000038.000000,1814.000000,9.000000,193979.000000,9297.000000,316368664.000000,1389.000000
962213350.000000,3123.000000,20.000000,289624.000000,13703.000000,316671991.000000,2467.000000
963019238.000000,1679.000000,13.000000,192273.000000,9200.000000,316873464.000000,1299.000000
964180838.000000,2253.000000,15.000000,277105.000000,13295.000000,317163864.000000,1745.000000
965002280.000000,761.000000,3382.000000,170606.000000,18196.000000,317352666.000000,62.000000
966000680.000000,2392.000000,11937.000000,47632.000000,85488.000000,317485786.000000,0.000000
967002920.000000,2499.000000,12473.000000,48402.000000,85230.000000,317619418.000000,0.000000
968001320.000000,2285.000000,11400.000000,46990.000000,86130.000000,317752538.000000,0.000000
969001694.000000,2333.000000,12343.000000,93497.000000,81866.000000,317927901.000000,2.000000
970028443.000000,1570.000000,10981.000000,269245.000000,73004.000000,318270150.000000,0.000000
971029219.000000,1674.000000,11704.000000,263587.000000,70004.000000,318603741.000000,0.000000
972000062.000000,1789.000000,12514.000000,257015.000000,66600.000000,318927356.000000,0.000000
973001438.000000,1684.000000,11774.000000,263825.000000,69968.000000,319261149.000000,0.000000
974002910.000000,1681.000000,11757.000000,263816.000000,70008.000000,319594973.000000,0.000000
975041947.000000,1788.000000,12506.000000,274061.000000,72284.000000,319941318.000000,0.000000
976042723.000000,1674.000000,11703.000000,263587.000000,70004.000000,320274909.000000,0.000000
977001182.000000,1756.000000,12282.000000,253664.000000,65824.000000,320594397.000000,0.000000
978002654.000000,1685.000000,11780.000000,263848.000000,69976.000000,320928221.000000,0.000000
979004126.000000,1681.000000,11757.000000,263816.000000,70008.000000,321262045.000000,0.000000
980055451.000000,1820.000000,12730.000000,277389.000000,73052.000000,321612486.000000,0.000000
981056227.000000,1674.000000,11703.000000,263587.000000,70004.000000,321946077.000000,0.000000
982002398.000000,1724.000000,12058.000000,250336.000000,65056.000000,322261469.000000,0.000000
983003870.000000,1685.000000,11780.000000,263848.000000,69976.000000,322595293.000000,0.000000
984000062.000000,1674.000000,11708.000000,262367.000000,69696.000000,322927356.000000,0.000000
985068955.000000,1859.000000,13003.000000,282166.000000,74132.000000,323283654.000000,0.000000
986069731.000000,1674.000000,11703.000000,263587.000000,70004.000000,323617245.000000,0.000000
987003614.000000,1692.000000,11834.000000,247008.000000,64288.000000,323928541.000000,0.000000
988000003.000000,1680.000000,11745.000000,262448.000000,69680.000000,324260669.000000,0.000000
989000414.000000,1670.000000,11680.000000,263552.000000,69920.000000,324594141.000000,0.000000
990001886.000000,1868.000000,13066.000000,265312.000000,68512.000000,324927965.000000,0.000000
991003358.000000,1685.000000,11780.000000,263848.000000,69976.000000,325261789.000000,0.000000
992000035.000000,1679.000000,11743.000000,262488.000000,69736.000000,325594013.000000,0.000000
993007003.000000,1694.000000,11848.000000,265405.000000,70252.000000,325929670.000000,0.000000
994007779.000000,1674.000000,11703.000000,263587.000000,70004.000000,326263261.000000,0.000000
995003102.000000,1852.000000,12954.000000,263648.000000,68128.000000,326595037.000000,0.000000
996004574.000000,1685.000000,11780.000000,263848.000000,69976.000000,326928861.000000,0.000000
997000099.000000,1667.000000,11659.000000,262200.000000,69640.000000,327260701.000000,0.000000
998020507.000000,1738.000000,12156.000000,269021.000000,71116.000000,327600838.000000,0.000000
999021283.000000,1674.000000,11703.000000,263587.000000,70004.000000,327934429.000000,0.000000
