Instruction,pfIssued,pfInCache,overallMisses,overallHits,overallAccesses,unusedPrefetches
1000172.000000,7542.000000,273741.000000,309587.000000,24513.000000,334100.000000,9.000000
2000600.000000,7490.000000,285875.000000,308625.000000,24851.000000,667576.000000,0.000000
3000140.000000,7701.000000,267087.000000,310631.000000,22549.000000,1000756.000000,0.000000
4000076.000000,7812.000000,260139.000000,312480.000000,20832.000000,1334068.000000,0.000000
5000012.000000,7812.000000,260126.000000,312480.000000,20832.000000,1667380.000000,0.000000
6000005.000000,7815.000000,260213.000000,312487.000000,20839.000000,2000706.000000,0.000000
7000076.000000,7814.000000,260163.000000,312530.000000,20833.000000,2334069.000000,0.000000
8000012.000000,7812.000000,260139.000000,312480.000000,20832.000000,2667381.000000,0.000000
9000920.000000,7814.000000,260259.000000,312793.000000,20842.000000,3001016.000000,0.000000
10000856.000000,7812.000000,260126.000000,312480.000000,20832.000000,3334328.000000,0.000000
11000786.000000,7812.000000,260139.000000,312479.000000,20831.000000,3667638.000000,0.000000
12000728.000000,7812.000000,260155.000000,312481.000000,20833.000000,4000952.000000,0.000000
13000664.000000,7812.000000,260139.000000,312480.000000,20832.000000,4334264.000000,0.000000
14000600.000000,7812.000000,260139.000000,312480.000000,20832.000000,4667576.000000,0.000000
15000536.000000,7812.000000,260126.000000,312480.000000,20832.000000,5000888.000000,0.000000
16000466.000000,7812.000000,260139.000000,312479.000000,20831.000000,5334198.000000,0.000000
17000408.000000,7812.000000,260155.000000,312481.000000,20833.000000,5667512.000000,0.000000
18000344.000000,7812.000000,260139.000000,312480.000000,20832.000000,6000824.000000,0.000000
19000280.000000,7812.000000,260139.000000,312480.000000,20832.000000,6334136.000000,0.000000
20000216.000000,7812.000000,260126.000000,312480.000000,20832.000000,6667448.000000,0.000000
21000146.000000,7812.000000,260139.000000,312479.000000,20831.000000,7000758.000000,0.000000
22000088.000000,7812.000000,260155.000000,312481.000000,20833.000000,7334072.000000,0.000000
23000024.000000,7812.000000,260139.000000,312480.000000,20832.000000,7667384.000000,0.000000
24000044.000000,7814.000000,260220.000000,312501.000000,20838.000000,8000723.000000,0.000000
25000268.000000,7815.000000,260242.000000,312569.000000,20840.000000,8334132.000000,0.000000
26000204.000000,7812.000000,260155.000000,312480.000000,20832.000000,8667444.000000,0.000000
27000140.000000,7812.000000,260139.000000,312480.000000,20832.000000,9000756.000000,0.000000
28000076.000000,7812.000000,260139.000000,312480.000000,20832.000000,9334068.000000,0.000000
29000012.000000,7812.000000,260126.000000,312480.000000,20832.000000,9667380.000000,0.000000
30000005.000000,7815.000000,260213.000000,312487.000000,20839.000000,10000706.000000,0.000000
31000076.000000,7814.000000,260163.000000,312530.000000,20833.000000,10334069.000000,0.000000
32000012.000000,7812.000000,260139.000000,312480.000000,20832.000000,10667381.000000,0.000000
33000920.000000,7814.000000,260259.000000,312793.000000,20842.000000,11001016.000000,0.000000
34000856.000000,7812.000000,260126.000000,312480.000000,20832.000000,11334328.000000,0.000000
35000786.000000,7812.000000,260139.000000,312479.000000,20831.000000,11667638.000000,0.000000
36000728.000000,7812.000000,260155.000000,312481.000000,20833.000000,12000952.000000,0.000000
37000664.000000,7812.000000,260139.000000,312480.000000,20832.000000,12334264.000000,0.000000
38000600.000000,7812.000000,260139.000000,312480.000000,20832.000000,12667576.000000,0.000000
39000536.000000,7812.000000,260126.000000,312480.000000,20832.000000,13000888.000000,0.000000
40000466.000000,7812.000000,260139.000000,312479.000000,20831.000000,13334198.000000,0.000000
41000408.000000,7812.000000,260155.000000,312481.000000,20833.000000,13667512.000000,0.000000
42000344.000000,7812.000000,260139.000000,312480.000000,20832.000000,14000824.000000,0.000000
43000280.000000,7812.000000,260139.000000,312480.000000,20832.000000,14334136.000000,0.000000
44000216.000000,7812.000000,260126.000000,312480.000000,20832.000000,14667448.000000,0.000000
45000146.000000,7812.000000,260139.000000,312479.000000,20831.000000,15000758.000000,0.000000
46000088.000000,7812.000000,260155.000000,312481.000000,20833.000000,15334072.000000,0.000000
47000024.000000,7812.000000,260139.000000,312480.000000,20832.000000,15667384.000000,0.000000
48000044.000000,7814.000000,260220.000000,312501.000000,20838.000000,16000723.000000,0.000000
49000268.000000,7815.000000,260242.000000,312569.000000,20840.000000,16334132.000000,0.000000
50000204.000000,7812.000000,260155.000000,312480.000000,20832.000000,16667444.000000,0.000000
51000092.000000,7557.000000,279629.000000,309660.000000,23770.000000,17000874.000000,0.000000
52000016.000000,7606.000000,274504.000000,308973.000000,24336.000000,17334183.000000,0.000000
53000246.000000,7486.000000,283690.000000,308368.000000,25041.000000,17667592.000000,0.000000
54000668.000000,7502.000000,280447.000000,308649.000000,24825.000000,18001066.000000,0.000000
55000220.000000,7498.000000,281235.000000,308280.000000,24904.000000,18334250.000000,0.000000
56000540.000000,7478.000000,284004.000000,308404.000000,25036.000000,18667690.000000,0.000000
57000668.000000,7524.000000,278606.000000,308662.000000,24714.000000,19001066.000000,0.000000
58000028.000000,7490.000000,282017.000000,308138.000000,24982.000000,19334186.000000,0.000000
59000534.000000,7489.000000,282223.000000,308591.000000,24911.000000,19667688.000000,0.000000
60000284.000000,7484.000000,282195.000000,308296.000000,24954.000000,20000938.000000,0.000000
61000112.000000,7499.000000,282153.000000,308295.000000,24982.000000,20334215.000000,0.000000
62000054.000000,7490.000000,282393.000000,308414.000000,24899.000000,20667528.000000,0.000000
63000188.000000,7497.000000,282148.000000,308456.000000,24922.000000,21000906.000000,0.000000
64000028.000000,7480.000000,282591.000000,308261.000000,25019.000000,21334186.000000,0.000000
65000054.000000,7507.000000,280402.000000,308514.000000,24828.000000,21667528.000000,0.000000
66000380.000000,7502.000000,281675.000000,308523.000000,24919.000000,22000970.000000,0.000000
67000028.000000,7485.000000,282547.000000,308274.000000,24942.000000,22334186.000000,0.000000
68000732.000000,7522.000000,279307.000000,308790.000000,24778.000000,22667754.000000,0.000000
69000284.000000,7492.000000,282018.000000,308202.000000,24982.000000,23000938.000000,0.000000
70000112.000000,7478.000000,283146.000000,308338.000000,24939.000000,23334215.000000,0.000000
71000048.000000,7490.000000,281797.000000,308372.000000,24939.000000,23667526.000000,0.000000
72000188.000000,7494.000000,282248.000000,308396.000000,24984.000000,24000906.000000,0.000000
73000028.000000,7494.000000,281780.000000,308410.000000,24870.000000,24334186.000000,0.000000
74000732.000000,7501.000000,282830.000000,308606.000000,24962.000000,24667754.000000,0.000000
75000041.000000,7479.000000,282912.000000,308058.000000,25040.000000,25000852.000000,0.000000
76000220.000000,7501.000000,280210.000000,308593.000000,24805.000000,25334250.000000,0.000000
77000348.000000,7506.000000,281509.000000,308449.000000,24927.000000,25667626.000000,0.000000
78000080.000000,7488.000000,282308.000000,308340.000000,24904.000000,26000870.000000,0.000000
79000016.000000,7511.000000,279731.000000,308510.000000,24802.000000,26334182.000000,0.000000
80000732.000000,7503.000000,281709.000000,308576.000000,24996.000000,26667754.000000,0.000000
81000080.000000,7474.000000,283009.000000,308193.000000,24923.000000,27000870.000000,0.000000
82000214.000000,7486.000000,282265.000000,308434.000000,24944.000000,27334248.000000,0.000000
83000060.000000,7492.000000,282118.000000,308292.000000,24990.000000,27667530.000000,0.000000
84000668.000000,7507.000000,281502.000000,308676.000000,24860.000000,28001066.000000,0.000000
85000112.000000,7489.000000,282755.000000,308182.000000,24967.000000,28334215.000000,0.000000
86000537.000000,7475.000000,283522.000000,308416.000000,25057.000000,28667688.000000,0.000000
87000476.000000,7512.000000,279844.000000,308530.000000,24784.000000,29001002.000000,0.000000
88000028.000000,7500.000000,281259.000000,308274.000000,24910.000000,29334186.000000,0.000000
89000048.000000,7493.000000,281914.000000,308429.000000,24911.000000,29667526.000000,0.000000
90000476.000000,7513.000000,280137.000000,308664.000000,24812.000000,30001002.000000,0.000000
91000316.000000,7490.000000,281983.000000,308281.000000,24999.000000,30334282.000000,0.000000
92000144.000000,7484.000000,283069.000000,308342.000000,24934.000000,30667558.000000,0.000000
93000001.000000,7489.000000,282050.000000,308363.000000,24922.000000,31000843.000000,0.000000
94000208.000000,7488.000000,282256.000000,308392.000000,25012.000000,31334247.000000,0.000000
95000144.000000,7505.000000,281420.000000,308477.000000,24835.000000,31667559.000000,0.000000
96000092.000000,7490.000000,282867.000000,308335.000000,24980.000000,32000874.000000,0.000000
97000220.000000,7478.000000,283139.000000,308346.000000,25030.000000,32334250.000000,0.000000
98000048.000000,7516.000000,279095.000000,308533.000000,24742.000000,32667525.000000,0.000000
99000374.000000,7500.000000,282696.000000,308443.000000,25000.000000,33000968.000000,0.000000
100000220.000000,7482.000000,281525.000000,308392.000000,24890.000000,33334250.000000,0.000000
101000022.000000,7479.000000,284559.000000,308493.000000,24904.000000,33667647.000000,4.000000
102000003.000000,7505.000000,282619.000000,308500.000000,24822.000000,34000969.000000,0.000000
103000266.000000,7498.000000,279345.000000,308696.000000,24730.000000,34334395.000000,0.000000
104000598.000000,7474.000000,281384.000000,308492.000000,24952.000000,34667839.000000,0.000000
105000138.000000,7493.000000,279433.000000,308429.000000,24751.000000,35001019.000000,0.000000
106000374.000000,7482.000000,280390.000000,308534.000000,24878.000000,35334431.000000,0.000000
107000598.000000,7503.000000,279461.000000,308638.000000,24770.000000,35667839.000000,0.000000
108000042.000000,7477.000000,280107.000000,308309.000000,24838.000000,36000986.000000,0.000000
109000470.000000,7500.000000,279706.000000,308660.000000,24817.000000,36334463.000000,0.000000
110000118.000000,7483.000000,280068.000000,308420.000000,24796.000000,36667679.000000,0.000000
111000234.000000,7505.000000,279965.000000,308542.000000,24830.000000,37001051.000000,0.000000
112000086.000000,7474.000000,279751.000000,308493.000000,24791.000000,37334335.000000,0.000000
113000406.000000,7498.000000,280329.000000,308581.000000,24859.000000,37667775.000000,0.000000
114000726.000000,7499.000000,279447.000000,308688.000000,24752.000000,38001215.000000,0.000000
115000041.000000,7473.000000,281212.000000,308169.000000,24930.000000,38334314.000000,0.000000
116000406.000000,7504.000000,278585.000000,308760.000000,24701.000000,38667775.000000,0.000000
117000726.000000,7469.000000,281884.000000,308466.000000,24974.000000,39001215.000000,0.000000
118000470.000000,7502.000000,279136.000000,308503.000000,24745.000000,39334463.000000,0.000000
119000106.000000,7479.000000,280513.000000,308355.000000,24858.000000,39667676.000000,0.000000
120000003.000000,7495.000000,279871.000000,308487.000000,24806.000000,40000969.000000,0.000000
121000758.000000,7487.000000,280043.000000,308769.000000,24821.000000,40334559.000000,0.000000
122000202.000000,7496.000000,279337.000000,308345.000000,24803.000000,40667707.000000,0.000000
123000822.000000,7488.000000,280132.000000,308740.000000,24800.000000,41001247.000000,0.000000
124000470.000000,7494.000000,280104.000000,308375.000000,24841.000000,41334463.000000,0.000000
125000598.000000,7494.000000,279592.000000,308605.000000,24771.000000,41667839.000000,0.000000
126000138.000000,7483.000000,279899.000000,308324.000000,24857.000000,42001020.000000,0.000000
127000566.000000,7503.000000,279324.000000,308742.000000,24733.000000,42334495.000000,0.000000
128000112.000000,7461.000000,281859.000000,308202.000000,24980.000000,42667677.000000,0.000000
129000246.000000,7507.000000,279190.000000,308640.000000,24738.000000,43001055.000000,0.000000
130000278.000000,7471.000000,280882.000000,308451.000000,24893.000000,43334399.000000,0.000000
131000016.000000,7495.000000,279979.000000,308446.000000,24800.000000,43667645.000000,0.000000
132000003.000000,7490.000000,279484.000000,308528.000000,24796.000000,44000969.000000,0.000000
133000662.000000,7501.000000,279948.000000,308719.000000,24839.000000,44334527.000000,0.000000
134000022.000000,7477.000000,279931.000000,308334.000000,24786.000000,44667647.000000,0.000000
135000048.000000,7503.000000,280073.000000,308513.000000,24829.000000,45000989.000000,0.000000
136000278.000000,7486.000000,279792.000000,308618.000000,24792.000000,45334399.000000,0.000000
137000886.000000,7493.000000,280111.000000,308662.000000,24874.000000,45667935.000000,0.000000
138000138.000000,7492.000000,279437.000000,308358.000000,24726.000000,46001019.000000,0.000000
139000650.000000,7473.000000,281713.000000,308520.000000,24983.000000,46334522.000000,0.000000
140000406.000000,7500.000000,279291.000000,308523.000000,24730.000000,46667775.000000,0.000000
141000822.000000,7481.000000,280373.000000,308587.000000,24885.000000,47001247.000000,0.000000
142000041.000000,7497.000000,279739.000000,308292.000000,24775.000000,47334314.000000,0.000000
143000022.000000,7477.000000,279910.000000,308514.000000,24819.000000,47667647.000000,0.000000
144000534.000000,7503.000000,279816.000000,308681.000000,24823.000000,48001151.000000,0.000000
145000566.000000,7486.000000,279877.000000,308540.000000,24804.000000,48334495.000000,0.000000
146000022.000000,7496.000000,279799.000000,308345.000000,24807.000000,48667647.000000,0.000000
147000138.000000,7480.000000,279922.000000,308568.000000,24804.000000,49001019.000000,0.000000
148000086.000000,7494.000000,280394.000000,308455.000000,24861.000000,49334335.000000,0.000000
149000010.000000,7500.000000,279253.000000,308574.000000,24734.000000,49667643.000000,0.000000
150000054.000000,7471.000000,281450.000000,308389.000000,24959.000000,50000991.000000,0.000000
151000041.000000,7508.000000,278712.000000,308620.000000,24703.000000,50334314.000000,0.000000
152000105.000000,7503.000000,285891.000000,308467.000000,24949.000000,50667730.000000,4.000000
153000029.000000,7597.000000,278853.000000,308824.000000,24484.000000,51001038.000000,0.000000
154000157.000000,7585.000000,279845.000000,308844.000000,24532.000000,51334414.000000,0.000000
155000873.000000,7596.000000,279352.000000,309067.000000,24505.000000,51667986.000000,0.000000
156000233.000000,7582.000000,279109.000000,308621.000000,24499.000000,52001106.000000,0.000000
157000169.000000,7584.000000,279940.000000,308775.000000,24537.000000,52334418.000000,0.000000
158000093.000000,7593.000000,278975.000000,308798.000000,24511.000000,52667727.000000,0.000000
159000221.000000,7585.000000,280560.000000,308833.000000,24542.000000,53001102.000000,0.000000
160000355.000000,7587.000000,279601.000000,308834.000000,24544.000000,53334480.000000,0.000000
161000093.000000,7594.000000,279132.000000,308743.000000,24504.000000,53667727.000000,0.000000
162000521.000000,7588.000000,278968.000000,308987.000000,24488.000000,54001202.000000,0.000000
163000649.000000,7589.000000,279670.000000,308849.000000,24527.000000,54334578.000000,0.000000
164000381.000000,7595.000000,279387.000000,308733.000000,24510.000000,54667821.000000,0.000000
165000425.000000,7585.000000,279363.000000,308843.000000,24506.000000,55001170.000000,0.000000
166000073.000000,7588.000000,279315.000000,308712.000000,24504.000000,55334386.000000,0.000000
167000489.000000,7589.000000,279703.000000,308956.000000,24516.000000,55667858.000000,0.000000
168000137.000000,7588.000000,279079.000000,308720.000000,24496.000000,56001074.000000,0.000000
169000265.000000,7585.000000,279851.000000,308838.000000,24538.000000,56334450.000000,0.000000
170000393.000000,7592.000000,279290.000000,308859.000000,24517.000000,56667826.000000,0.000000
171000029.000000,7583.000000,280134.000000,308679.000000,24533.000000,57001038.000000,0.000000
172000841.000000,7589.000000,279803.000000,309047.000000,24557.000000,57334642.000000,0.000000
173000573.000000,7594.000000,278751.000000,308777.000000,24467.000000,57667886.000000,0.000000
174000029.000000,7587.000000,279198.000000,308647.000000,24506.000000,58001039.000000,0.000000
175000361.000000,7585.000000,280263.000000,308891.000000,24552.000000,58334482.000000,0.000000
176000009.000000,7593.000000,278597.000000,308751.000000,24465.000000,58667698.000000,0.000000
177000029.000000,7592.000000,279818.000000,308804.000000,24536.000000,59001038.000000,0.000000
178000064.000000,7589.000000,279205.000000,308848.000000,24495.000000,59334381.000000,0.000000
179000093.000000,7585.000000,279293.000000,308831.000000,24514.000000,59667726.000000,0.000000
180000029.000000,7589.000000,279829.000000,308790.000000,24522.000000,60001038.000000,0.000000
181000061.000000,7592.000000,279008.000000,308831.000000,24513.000000,60334382.000000,0.000000
182000681.000000,7585.000000,280474.000000,308988.000000,24552.000000,60667922.000000,0.000000
183000029.000000,7582.000000,279544.000000,308584.000000,24533.000000,61001039.000000,0.000000
184000061.000000,7595.000000,279368.000000,308829.000000,24515.000000,61334383.000000,0.000000
185000001.000000,7587.000000,278893.000000,308833.000000,24478.000000,61667694.000000,0.000000
186000329.000000,7591.000000,279461.000000,308925.000000,24519.000000,62001138.000000,0.000000
187000649.000000,7593.000000,279803.000000,308903.000000,24537.000000,62334578.000000,0.000000
188000189.000000,7590.000000,279125.000000,308694.000000,24486.000000,62667758.000000,0.000000
189000041.000000,7586.000000,279550.000000,308770.000000,24514.000000,63001042.000000,0.000000
190000022.000000,7590.000000,279512.000000,308802.000000,24520.000000,63334364.000000,0.000000
191000105.000000,7586.000000,279320.000000,308858.000000,24508.000000,63667730.000000,0.000000
192000425.000000,7585.000000,279904.000000,308909.000000,24531.000000,64001170.000000,0.000000
193000022.000000,7595.000000,278958.000000,308682.000000,24512.000000,64334364.000000,0.000000
194000002.000000,7579.000000,280444.000000,308792.000000,24539.000000,64667695.000000,0.000000
195000137.000000,7585.000000,279393.000000,308848.000000,24531.000000,65001074.000000,0.000000
196000541.000000,7596.000000,279249.000000,308966.000000,24502.000000,65334542.000000,0.000000
197000001.000000,7591.000000,278922.000000,308666.000000,24486.000000,65667694.000000,0.000000
198000125.000000,7585.000000,279950.000000,308832.000000,24544.000000,66001070.000000,0.000000
199000265.000000,7594.000000,279056.000000,308891.000000,24489.000000,66334450.000000,0.000000
200000297.000000,7590.000000,279647.000000,308814.000000,24530.000000,66667794.000000,0.000000
201000425.000000,7591.000000,279195.000000,308881.000000,24495.000000,67001170.000000,0.000000
202000048.000000,7542.000000,280151.000000,308632.000000,24541.000000,67334343.000000,4.000000
203000080.000000,7557.000000,279185.000000,308913.000000,24430.000000,67667686.000000,0.000000
204000016.000000,7597.000000,277176.000000,309647.000000,23665.000000,68000998.000000,0.000000
205000240.000000,7815.000000,259852.000000,312569.000000,20840.000000,68334407.000000,0.000000
206000176.000000,7812.000000,259749.000000,312480.000000,20832.000000,68667719.000000,0.000000
207000112.000000,7812.000000,259749.000000,312480.000000,20832.000000,69001031.000000,0.000000
208000048.000000,7812.000000,259749.000000,312480.000000,20832.000000,69334343.000000,0.000000
209000041.000000,7815.000000,259823.000000,312487.000000,20839.000000,69667669.000000,0.000000
210000112.000000,7814.000000,259757.000000,312530.000000,20833.000000,70001032.000000,0.000000
211000048.000000,7812.000000,259749.000000,312480.000000,20832.000000,70334344.000000,0.000000
212000956.000000,7814.000000,259869.000000,312793.000000,20842.000000,70667979.000000,0.000000
213000892.000000,7812.000000,259749.000000,312480.000000,20832.000000,71001291.000000,0.000000
214000828.000000,7812.000000,259749.000000,312480.000000,20832.000000,71334603.000000,0.000000
215000764.000000,7812.000000,259749.000000,312480.000000,20832.000000,71667915.000000,0.000000
216000700.000000,7812.000000,259749.000000,312480.000000,20832.000000,72001227.000000,0.000000
217000636.000000,7812.000000,259749.000000,312480.000000,20832.000000,72334539.000000,0.000000
218000572.000000,7812.000000,259749.000000,312480.000000,20832.000000,72667851.000000,0.000000
219000508.000000,7812.000000,259749.000000,312480.000000,20832.000000,73001163.000000,0.000000
220000444.000000,7812.000000,259749.000000,312480.000000,20832.000000,73334475.000000,0.000000
221000380.000000,7812.000000,259749.000000,312480.000000,20832.000000,73667787.000000,0.000000
222000316.000000,7812.000000,259749.000000,312480.000000,20832.000000,74001099.000000,0.000000
223000252.000000,7812.000000,259749.000000,312480.000000,20832.000000,74334411.000000,0.000000
224000188.000000,7812.000000,259749.000000,312480.000000,20832.000000,74667723.000000,0.000000
225000124.000000,7812.000000,259749.000000,312480.000000,20832.000000,75001035.000000,0.000000
226000060.000000,7812.000000,259749.000000,312480.000000,20832.000000,75334347.000000,0.000000
227000080.000000,7814.000000,259843.000000,312501.000000,20838.000000,75667686.000000,0.000000
228000019.000000,7812.000000,259749.000000,312480.000000,20832.000000,76000998.000000,0.000000
229000240.000000,7815.000000,259852.000000,312569.000000,20840.000000,76334407.000000,0.000000
230000176.000000,7812.000000,259749.000000,312480.000000,20832.000000,76667719.000000,0.000000
231000112.000000,7812.000000,259749.000000,312480.000000,20832.000000,77001031.000000,0.000000
232000048.000000,7812.000000,259749.000000,312480.000000,20832.000000,77334343.000000,0.000000
233000041.000000,7815.000000,259823.000000,312487.000000,20839.000000,77667669.000000,0.000000
234000112.000000,7814.000000,259757.000000,312530.000000,20833.000000,78001032.000000,0.000000
235000048.000000,7812.000000,259749.000000,312480.000000,20832.000000,78334344.000000,0.000000
236000956.000000,7814.000000,259869.000000,312793.000000,20842.000000,78667979.000000,0.000000
237000892.000000,7812.000000,259749.000000,312480.000000,20832.000000,79001291.000000,0.000000
238000828.000000,7812.000000,259749.000000,312480.000000,20832.000000,79334603.000000,0.000000
239000764.000000,7812.000000,259749.000000,312480.000000,20832.000000,79667915.000000,0.000000
240000700.000000,7812.000000,259749.000000,312480.000000,20832.000000,80001227.000000,0.000000
241000636.000000,7812.000000,259749.000000,312480.000000,20832.000000,80334539.000000,0.000000
242000572.000000,7812.000000,259749.000000,312480.000000,20832.000000,80667851.000000,0.000000
243000508.000000,7812.000000,259749.000000,312480.000000,20832.000000,81001163.000000,0.000000
244000444.000000,7812.000000,259749.000000,312480.000000,20832.000000,81334475.000000,0.000000
245000380.000000,7812.000000,259749.000000,312480.000000,20832.000000,81667787.000000,0.000000
246000316.000000,7812.000000,259749.000000,312480.000000,20832.000000,82001099.000000,0.000000
247000252.000000,7812.000000,259749.000000,312480.000000,20832.000000,82334411.000000,0.000000
248000188.000000,7812.000000,259749.000000,312480.000000,20832.000000,82667723.000000,0.000000
249000124.000000,7812.000000,259749.000000,312480.000000,20832.000000,83001035.000000,0.000000
250000060.000000,7812.000000,259749.000000,312480.000000,20832.000000,83334347.000000,0.000000
251000083.000000,7814.000000,259843.000000,312501.000000,20838.000000,83667686.000000,0.000000
252000098.000000,7692.000000,265625.000000,311057.000000,22079.000000,84000822.000000,0.000000
253000130.000000,7461.000000,289622.000000,308123.000000,25220.000000,84334165.000000,0.000000
254000174.000000,7527.000000,280487.000000,308527.000000,24821.000000,84667513.000000,0.000000
255000494.000000,7587.000000,275696.000000,308969.000000,24471.000000,85000953.000000,0.000000
256000034.000000,7666.000000,270345.000000,310026.000000,23153.000000,85334132.000000,0.000000
257000258.000000,7815.000000,259852.000000,312569.000000,20840.000000,85667541.000000,0.000000
258000194.000000,7812.000000,259749.000000,312480.000000,20832.000000,86000853.000000,0.000000
259000130.000000,7812.000000,259749.000000,312480.000000,20832.000000,86334165.000000,0.000000
260000066.000000,7812.000000,259749.000000,312480.000000,20832.000000,86667477.000000,0.000000
261000002.000000,7812.000000,259749.000000,312480.000000,20832.000000,87000789.000000,0.000000
262000130.000000,7817.000000,259831.000000,312537.000000,20840.000000,87334166.000000,0.000000
263000066.000000,7812.000000,259749.000000,312480.000000,20832.000000,87667478.000000,0.000000
264000002.000000,7812.000000,259749.000000,312480.000000,20832.000000,88000790.000000,0.000000
265000910.000000,7814.000000,259869.000000,312793.000000,20842.000000,88334425.000000,0.000000
266000846.000000,7812.000000,259749.000000,312480.000000,20832.000000,88667737.000000,0.000000
267000782.000000,7812.000000,259749.000000,312480.000000,20832.000000,89001049.000000,0.000000
268000718.000000,7812.000000,259749.000000,312480.000000,20832.000000,89334361.000000,0.000000
269000654.000000,7812.000000,259749.000000,312480.000000,20832.000000,89667673.000000,0.000000
270000590.000000,7812.000000,259749.000000,312480.000000,20832.000000,90000985.000000,0.000000
271000526.000000,7812.000000,259749.000000,312480.000000,20832.000000,90334297.000000,0.000000
272000462.000000,7812.000000,259749.000000,312480.000000,20832.000000,90667609.000000,0.000000
273000398.000000,7812.000000,259749.000000,312480.000000,20832.000000,91000921.000000,0.000000
274000334.000000,7812.000000,259749.000000,312480.000000,20832.000000,91334233.000000,0.000000
275000270.000000,7812.000000,259749.000000,312480.000000,20832.000000,91667545.000000,0.000000
276000206.000000,7812.000000,259749.000000,312480.000000,20832.000000,92000857.000000,0.000000
277000142.000000,7812.000000,259749.000000,312480.000000,20832.000000,92334169.000000,0.000000
278000078.000000,7812.000000,259749.000000,312480.000000,20832.000000,92667481.000000,0.000000
279000014.000000,7812.000000,259749.000000,312480.000000,20832.000000,93000793.000000,0.000000
280000034.000000,7814.000000,259843.000000,312501.000000,20838.000000,93334132.000000,0.000000
281000258.000000,7815.000000,259852.000000,312569.000000,20840.000000,93667541.000000,0.000000
282000194.000000,7812.000000,259749.000000,312480.000000,20832.000000,94000853.000000,0.000000
283000130.000000,7812.000000,259749.000000,312480.000000,20832.000000,94334165.000000,0.000000
284000066.000000,7812.000000,259749.000000,312480.000000,20832.000000,94667477.000000,0.000000
285000002.000000,7812.000000,259749.000000,312480.000000,20832.000000,95000789.000000,0.000000
286000130.000000,7817.000000,259831.000000,312537.000000,20840.000000,95334166.000000,0.000000
287000066.000000,7812.000000,259749.000000,312480.000000,20832.000000,95667478.000000,0.000000
288000002.000000,7812.000000,259749.000000,312480.000000,20832.000000,96000790.000000,0.000000
289000910.000000,7814.000000,259869.000000,312793.000000,20842.000000,96334425.000000,0.000000
290000846.000000,7812.000000,259749.000000,312480.000000,20832.000000,96667737.000000,0.000000
291000782.000000,7812.000000,259749.000000,312480.000000,20832.000000,97001049.000000,0.000000
292000718.000000,7812.000000,259749.000000,312480.000000,20832.000000,97334361.000000,0.000000
293000654.000000,7812.000000,259749.000000,312480.000000,20832.000000,97667673.000000,0.000000
294000590.000000,7812.000000,259749.000000,312480.000000,20832.000000,98000985.000000,0.000000
295000526.000000,7812.000000,259749.000000,312480.000000,20832.000000,98334297.000000,0.000000
296000462.000000,7812.000000,259749.000000,312480.000000,20832.000000,98667609.000000,0.000000
297000398.000000,7812.000000,259749.000000,312480.000000,20832.000000,99000921.000000,0.000000
298000334.000000,7812.000000,259749.000000,312480.000000,20832.000000,99334233.000000,0.000000
299000270.000000,7812.000000,259749.000000,312480.000000,20832.000000,99667545.000000,0.000000
300000206.000000,7812.000000,259749.000000,312480.000000,20832.000000,100000857.000000,0.000000
301000142.000000,7812.000000,259749.000000,312480.000000,20832.000000,100334169.000000,0.000000
302000078.000000,7812.000000,259749.000000,312480.000000,20832.000000,100667481.000000,0.000000
303000034.000000,7673.000000,265406.000000,310705.000000,22190.000000,101000376.000000,2.000000
304000058.000000,7814.000000,259851.000000,312501.000000,20839.000000,101333716.000000,0.000000
305000001.000000,7813.000000,259757.000000,312483.000000,20833.000000,101667032.000000,0.000000
306000214.000000,7814.000000,259836.000000,312566.000000,20838.000000,102000436.000000,0.000000
307000150.000000,7812.000000,259749.000000,312480.000000,20832.000000,102333748.000000,0.000000
308000086.000000,7812.000000,259749.000000,312480.000000,20832.000000,102667060.000000,0.000000
309000022.000000,7812.000000,259749.000000,312480.000000,20832.000000,103000372.000000,0.000000
310000015.000000,7815.000000,259823.000000,312487.000000,20839.000000,103333698.000000,0.000000
311000086.000000,7814.000000,259757.000000,312530.000000,20833.000000,103667061.000000,0.000000
312000022.000000,7812.000000,259749.000000,312480.000000,20832.000000,104000373.000000,0.000000
313000930.000000,7814.000000,259869.000000,312793.000000,20842.000000,104334008.000000,0.000000
314000866.000000,7812.000000,259749.000000,312480.000000,20832.000000,104667320.000000,0.000000
315000802.000000,7812.000000,259749.000000,312480.000000,20832.000000,105000632.000000,0.000000
316000738.000000,7812.000000,259749.000000,312480.000000,20832.000000,105333944.000000,0.000000
317000674.000000,7812.000000,259749.000000,312480.000000,20832.000000,105667256.000000,0.000000
318000610.000000,7812.000000,259749.000000,312480.000000,20832.000000,106000568.000000,0.000000
319000546.000000,7812.000000,259749.000000,312480.000000,20832.000000,106333880.000000,0.000000
320000482.000000,7812.000000,259749.000000,312480.000000,20832.000000,106667192.000000,0.000000
321000418.000000,7812.000000,259749.000000,312480.000000,20832.000000,107000504.000000,0.000000
322000354.000000,7812.000000,259749.000000,312480.000000,20832.000000,107333816.000000,0.000000
323000290.000000,7812.000000,259749.000000,312480.000000,20832.000000,107667128.000000,0.000000
324000226.000000,7812.000000,259749.000000,312480.000000,20832.000000,108000440.000000,0.000000
325000162.000000,7812.000000,259749.000000,312480.000000,20832.000000,108333752.000000,0.000000
326000098.000000,7812.000000,259749.000000,312480.000000,20832.000000,108667064.000000,0.000000
327000034.000000,7812.000000,259749.000000,312480.000000,20832.000000,109000376.000000,0.000000
328000057.000000,7814.000000,259843.000000,312501.000000,20838.000000,109333715.000000,0.000000
329000002.000000,7814.000000,259765.000000,312483.000000,20834.000000,109667032.000000,0.000000
330000214.000000,7813.000000,259836.000000,312566.000000,20838.000000,110000436.000000,0.000000
331000150.000000,7812.000000,259749.000000,312480.000000,20832.000000,110333748.000000,0.000000
332000086.000000,7812.000000,259749.000000,312480.000000,20832.000000,110667060.000000,0.000000
333000022.000000,7812.000000,259749.000000,312480.000000,20832.000000,111000372.000000,0.000000
334000015.000000,7815.000000,259823.000000,312487.000000,20839.000000,111333698.000000,0.000000
335000086.000000,7814.000000,259757.000000,312530.000000,20833.000000,111667061.000000,0.000000
336000022.000000,7812.000000,259749.000000,312480.000000,20832.000000,112000373.000000,0.000000
337000930.000000,7814.000000,259869.000000,312793.000000,20842.000000,112334008.000000,0.000000
338000866.000000,7812.000000,259749.000000,312480.000000,20832.000000,112667320.000000,0.000000
339000802.000000,7812.000000,259749.000000,312480.000000,20832.000000,113000632.000000,0.000000
340000738.000000,7812.000000,259749.000000,312480.000000,20832.000000,113333944.000000,0.000000
341000674.000000,7812.000000,259749.000000,312480.000000,20832.000000,113667256.000000,0.000000
342000610.000000,7812.000000,259749.000000,312480.000000,20832.000000,114000568.000000,0.000000
343000546.000000,7812.000000,259749.000000,312480.000000,20832.000000,114333880.000000,0.000000
344000482.000000,7812.000000,259749.000000,312480.000000,20832.000000,114667192.000000,0.000000
345000418.000000,7812.000000,259749.000000,312480.000000,20832.000000,115000504.000000,0.000000
346000354.000000,7812.000000,259749.000000,312480.000000,20832.000000,115333816.000000,0.000000
347000290.000000,7812.000000,259749.000000,312480.000000,20832.000000,115667128.000000,0.000000
348000226.000000,7812.000000,259749.000000,312480.000000,20832.000000,116000440.000000,0.000000
349000162.000000,7812.000000,259749.000000,312480.000000,20832.000000,116333752.000000,0.000000
350000098.000000,7812.000000,259749.000000,312480.000000,20832.000000,116667064.000000,0.000000
351000034.000000,7812.000000,259749.000000,312480.000000,20832.000000,117000376.000000,0.000000
352000054.000000,7814.000000,259843.000000,312501.000000,20838.000000,117333715.000000,0.000000
353000150.000000,7539.000000,271683.000000,309018.000000,23253.000000,117665986.000000,14.000000
354000080.000000,7547.000000,284800.000000,308905.000000,24405.000000,117999296.000000,0.000000
355000304.000000,7567.000000,278547.000000,308775.000000,24633.000000,118332704.000000,0.000000
356000252.000000,7499.000000,273842.000000,309184.000000,24132.000000,118666020.000000,0.000000
357000668.000000,7489.000000,273430.000000,309456.000000,24016.000000,118999492.000000,0.000000
358000412.000000,7487.000000,272895.000000,309258.000000,23990.000000,119332740.000000,0.000000
359000144.000000,7487.000000,273028.000000,309232.000000,24012.000000,119665984.000000,0.000000
360000272.000000,7485.000000,273357.000000,309361.000000,24015.000000,119999360.000000,0.000000
361000028.000000,7486.000000,272985.000000,309267.000000,23985.000000,120332612.000000,0.000000
362000048.000000,7493.000000,273120.000000,309321.000000,24020.000000,120665953.000000,0.000000
363000041.000000,7483.000000,273285.000000,309311.000000,24014.000000,120999278.000000,0.000000
364000016.000000,7486.000000,273145.000000,309323.000000,24008.000000,121332609.000000,0.000000
365000540.000000,7490.000000,273021.000000,309507.000000,24000.000000,121666116.000000,0.000000
366000041.000000,7488.000000,273221.000000,309151.000000,24011.000000,121999278.000000,0.000000
367000412.000000,7483.000000,273248.000000,309451.000000,24011.000000,122332740.000000,0.000000
368000156.000000,7487.000000,272918.000000,309258.000000,23990.000000,122665988.000000,0.000000
369000272.000000,7487.000000,273127.000000,309352.000000,24020.000000,122999360.000000,0.000000
370000022.000000,7484.000000,273302.000000,309249.000000,24001.000000,123332610.000000,0.000000
371000144.000000,7492.000000,273067.000000,309369.000000,24005.000000,123665984.000000,0.000000
372000470.000000,7487.000000,273051.000000,309427.000000,24015.000000,123999426.000000,0.000000
373000016.000000,7481.000000,273326.000000,309175.000000,24007.000000,124332608.000000,0.000000
374000732.000000,7495.000000,273219.000000,309564.000000,24008.000000,124666180.000000,0.000000
375000188.000000,7483.000000,272810.000000,309154.000000,23998.000000,124999332.000000,0.000000
376000508.000000,7488.000000,273416.000000,309417.000000,24023.000000,125332772.000000,0.000000
377000348.000000,7485.000000,273153.000000,309273.000000,24007.000000,125666052.000000,0.000000
378000272.000000,7491.000000,273008.000000,309312.000000,23996.000000,125999360.000000,0.000000
379000316.000000,7485.000000,273129.000000,309340.000000,24008.000000,126332708.000000,0.000000
380000144.000000,7486.000000,273319.000000,309262.000000,24014.000000,126665984.000000,0.000000
381000860.000000,7492.000000,273089.000000,309564.000000,24008.000000,126999556.000000,0.000000
382000124.000000,7482.000000,272926.000000,309098.000000,23990.000000,127332644.000000,0.000000
383000732.000000,7489.000000,273534.000000,309504.000000,24032.000000,127666180.000000,0.000000
384000470.000000,7487.000000,272870.000000,309257.000000,23989.000000,127999426.000000,0.000000
385000112.000000,7484.000000,273133.000000,309202.000000,24013.000000,128332641.000000,0.000000
386000348.000000,7487.000000,273343.000000,309401.000000,24010.000000,128666052.000000,0.000000
387000092.000000,7487.000000,272886.000000,309258.000000,23990.000000,128999300.000000,0.000000
388000016.000000,7492.000000,273119.000000,309289.000000,24020.000000,129332609.000000,0.000000
389000009.000000,7483.000000,273360.000000,309311.000000,24014.000000,129665934.000000,0.000000
390000086.000000,7485.000000,273004.000000,309371.000000,23993.000000,129999298.000000,0.000000
391000604.000000,7492.000000,273136.000000,309491.000000,24015.000000,130332804.000000,0.000000
392000048.000000,7489.000000,273215.000000,309136.000000,24013.000000,130665953.000000,0.000000
393000476.000000,7482.000000,273220.000000,309466.000000,24009.000000,130999428.000000,0.000000
394000220.000000,7487.000000,272897.000000,309258.000000,23990.000000,131332676.000000,0.000000
395000828.000000,7492.000000,273340.000000,309514.000000,24022.000000,131666212.000000,0.000000
396000092.000000,7479.000000,273128.000000,309088.000000,24000.000000,131999300.000000,0.000000
397000208.000000,7492.000000,273075.000000,309368.000000,24004.000000,132332672.000000,0.000000
398000009.000000,7485.000000,273072.000000,309249.000000,24013.000000,132665934.000000,0.000000
399000080.000000,7486.000000,273364.000000,309353.000000,24009.000000,132999296.000000,0.000000
400000796.000000,7492.000000,273112.000000,309564.000000,24008.000000,133332868.000000,0.000000
401000150.000000,7482.000000,272850.000000,309121.000000,23997.000000,133665986.000000,0.000000
402000284.000000,7489.000000,273449.000000,309354.000000,24024.000000,133999364.000000,0.000000
403000549.000000,7316.000000,268962.000000,307079.000000,23999.000000,134330442.000000,9.000000
404000281.000000,7538.000000,284498.000000,308886.000000,24358.000000,134663686.000000,0.000000
405000025.000000,7489.000000,284502.000000,308473.000000,24775.000000,134996934.000000,0.000000
406000069.000000,7492.000000,284727.000000,308466.000000,24882.000000,135330282.000000,0.000000
407000185.000000,7635.000000,273149.000000,309600.000000,23772.000000,135663654.000000,0.000000
408000025.000000,7538.000000,279311.000000,308659.000000,24622.000000,135996935.000000,0.000000
409000057.000000,7513.000000,285031.000000,308459.000000,24885.000000,136330279.000000,0.000000
410000089.000000,7527.000000,280893.000000,308594.000000,24750.000000,136663623.000000,0.000000
411000421.000000,7608.000000,276603.000000,309140.000000,24303.000000,136997066.000000,0.000000
412000057.000000,7551.000000,281631.000000,308921.000000,24292.000000,137330279.000000,0.000000
413000005.000000,7595.000000,275934.000000,309338.000000,23977.000000,137663594.000000,0.000000
414000217.000000,7525.000000,282236.000000,308659.000000,24745.000000,137996998.000000,0.000000
415000018.000000,7530.000000,280374.000000,308548.000000,24714.000000,138330260.000000,0.000000
416000767.000000,7624.000000,275447.000000,309439.000000,24149.000000,138663848.000000,0.000000
417000121.000000,7511.000000,281350.000000,308327.000000,24791.000000,138996966.000000,0.000000
418000024.000000,7488.000000,281560.000000,308360.000000,24935.000000,139330261.000000,0.000000
419000197.000000,7497.000000,282654.000000,308395.000000,25002.000000,139663658.000000,0.000000
420000121.000000,7490.000000,281803.000000,308443.000000,24866.000000,139996967.000000,0.000000
421000345.000000,7501.000000,282326.000000,308464.000000,24943.000000,140330374.000000,0.000000
422000044.000000,7482.000000,283208.000000,308195.000000,25033.000000,140663602.000000,0.000000
423000217.000000,7506.000000,280052.000000,308587.000000,24809.000000,140996998.000000,0.000000
424000261.000000,7499.000000,281425.000000,308438.000000,24910.000000,141330346.000000,0.000000
425000185.000000,7482.000000,283481.000000,308302.000000,25006.000000,141663654.000000,0.000000
426000037.000000,7515.000000,278826.000000,308552.000000,24732.000000,141996938.000000,0.000000
427000453.000000,7500.000000,282110.000000,308482.000000,24990.000000,142330410.000000,0.000000
428000089.000000,7480.000000,282462.000000,308309.000000,24903.000000,142663622.000000,0.000000
429000805.000000,7491.000000,282327.000000,308595.000000,24977.000000,142997194.000000,0.000000
430000153.000000,7492.000000,282124.000000,308139.000000,24978.000000,143330311.000000,0.000000
431000293.000000,7493.000000,282162.000000,308497.000000,24882.000000,143663690.000000,0.000000
432000421.000000,7498.000000,282381.000000,308438.000000,24938.000000,143997066.000000,0.000000
433000933.000000,7486.000000,282823.000000,308471.000000,25033.000000,144330570.000000,0.000000
434000089.000000,7501.000000,280388.000000,308229.000000,24824.000000,144663623.000000,0.000000
435000409.000000,7502.000000,281183.000000,308535.000000,24904.000000,144997062.000000,0.000000
436000837.000000,7495.000000,282645.000000,308547.000000,24929.000000,145330538.000000,0.000000
437000959.000000,7512.000000,279531.000000,308579.000000,24795.000000,145663912.000000,0.000000
438000029.000000,7494.000000,281419.000000,308058.000000,24964.000000,145996934.000000,0.000000
439000153.000000,7473.000000,283420.000000,308429.000000,24948.000000,146330311.000000,0.000000
440000575.000000,7495.000000,281915.000000,308532.000000,24941.000000,146663784.000000,0.000000
441000121.000000,7488.000000,282444.000000,308185.000000,24997.000000,146996966.000000,0.000000
442000057.000000,7502.000000,281248.000000,308466.000000,24845.000000,147330277.000000,0.000000
443000003.000000,7494.000000,282910.000000,308353.000000,24964.000000,147663594.000000,0.000000
444000223.000000,7474.000000,283115.000000,308368.000000,25038.000000,147997000.000000,0.000000
445000357.000000,7510.000000,280156.000000,308570.000000,24808.000000,148330378.000000,0.000000
446000003.000000,7502.000000,281546.000000,308289.000000,24927.000000,148663594.000000,0.000000
447000025.000000,7493.000000,281857.000000,308445.000000,24895.000000,148996934.000000,0.000000
448000357.000000,7511.000000,280143.000000,308632.000000,24812.000000,149330378.000000,0.000000
449000869.000000,7499.000000,281969.000000,308493.000000,25011.000000,149663882.000000,0.000000
450000217.000000,7476.000000,282949.000000,308186.000000,24930.000000,149996998.000000,0.000000
451000153.000000,7485.000000,282444.000000,308361.000000,24952.000000,150330311.000000,0.000000
452000485.000000,7494.000000,282156.000000,308459.000000,24984.000000,150663754.000000,0.000000
453000313.000000,7505.000000,281055.000000,308452.000000,24824.000000,150997030.000000,0.000000
454000002.000000,7179.000000,270491.000000,303762.000000,24613.000000,151325405.000000,45.000000
455000373.000000,7523.000000,282574.000000,308708.000000,24754.000000,151658867.000000,0.000000
456000021.000000,7527.000000,281878.000000,308344.000000,24872.000000,151992083.000000,0.000000
457000245.000000,7605.000000,274234.000000,309303.000000,24105.000000,152325491.000000,0.000000
458000181.000000,7694.000000,269465.000000,310660.000000,22652.000000,152658803.000000,0.000000
459000117.000000,7812.000000,259749.000000,312480.000000,20832.000000,152992115.000000,0.000000
460000053.000000,7812.000000,259749.000000,312480.000000,20832.000000,153325427.000000,0.000000
461000073.000000,7814.000000,259843.000000,312501.000000,20838.000000,153658766.000000,0.000000
462000012.000000,7812.000000,259749.000000,312480.000000,20832.000000,153992078.000000,0.000000
463000233.000000,7815.000000,259852.000000,312569.000000,20840.000000,154325487.000000,0.000000
464000169.000000,7812.000000,259749.000000,312480.000000,20832.000000,154658799.000000,0.000000
465000105.000000,7812.000000,259749.000000,312480.000000,20832.000000,154992111.000000,0.000000
466000041.000000,7812.000000,259749.000000,312480.000000,20832.000000,155325423.000000,0.000000
467000034.000000,7815.000000,259823.000000,312487.000000,20839.000000,155658749.000000,0.000000
468000105.000000,7814.000000,259757.000000,312530.000000,20833.000000,155992112.000000,0.000000
469000041.000000,7812.000000,259749.000000,312480.000000,20832.000000,156325424.000000,0.000000
470000949.000000,7814.000000,259869.000000,312793.000000,20842.000000,156659059.000000,0.000000
471000885.000000,7812.000000,259749.000000,312480.000000,20832.000000,156992371.000000,0.000000
472000821.000000,7812.000000,259749.000000,312480.000000,20832.000000,157325683.000000,0.000000
473000757.000000,7812.000000,259749.000000,312480.000000,20832.000000,157658995.000000,0.000000
474000693.000000,7812.000000,259749.000000,312480.000000,20832.000000,157992307.000000,0.000000
475000629.000000,7812.000000,259749.000000,312480.000000,20832.000000,158325619.000000,0.000000
476000565.000000,7812.000000,259749.000000,312480.000000,20832.000000,158658931.000000,0.000000
477000501.000000,7812.000000,259749.000000,312480.000000,20832.000000,158992243.000000,0.000000
478000437.000000,7812.000000,259749.000000,312480.000000,20832.000000,159325555.000000,0.000000
479000373.000000,7812.000000,259749.000000,312480.000000,20832.000000,159658867.000000,0.000000
480000309.000000,7812.000000,259749.000000,312480.000000,20832.000000,159992179.000000,0.000000
481000245.000000,7812.000000,259749.000000,312480.000000,20832.000000,160325491.000000,0.000000
482000181.000000,7812.000000,259749.000000,312480.000000,20832.000000,160658803.000000,0.000000
483000117.000000,7812.000000,259749.000000,312480.000000,20832.000000,160992115.000000,0.000000
484000053.000000,7812.000000,259749.000000,312480.000000,20832.000000,161325427.000000,0.000000
485000073.000000,7814.000000,259843.000000,312501.000000,20838.000000,161658766.000000,0.000000
486000009.000000,7812.000000,259749.000000,312480.000000,20832.000000,161992078.000000,0.000000
487000233.000000,7815.000000,259852.000000,312569.000000,20840.000000,162325487.000000,0.000000
488000169.000000,7812.000000,259749.000000,312480.000000,20832.000000,162658799.000000,0.000000
489000105.000000,7812.000000,259749.000000,312480.000000,20832.000000,162992111.000000,0.000000
490000041.000000,7812.000000,259749.000000,312480.000000,20832.000000,163325423.000000,0.000000
491000034.000000,7815.000000,259823.000000,312487.000000,20839.000000,163658749.000000,0.000000
492000105.000000,7814.000000,259757.000000,312530.000000,20833.000000,163992112.000000,0.000000
493000041.000000,7812.000000,259749.000000,312480.000000,20832.000000,164325424.000000,0.000000
494000949.000000,7814.000000,259869.000000,312793.000000,20842.000000,164659059.000000,0.000000
495000885.000000,7812.000000,259749.000000,312480.000000,20832.000000,164992371.000000,0.000000
496000821.000000,7812.000000,259749.000000,312480.000000,20832.000000,165325683.000000,0.000000
497000757.000000,7812.000000,259749.000000,312480.000000,20832.000000,165658995.000000,0.000000
498000693.000000,7812.000000,259749.000000,312480.000000,20832.000000,165992307.000000,0.000000
499000629.000000,7812.000000,259749.000000,312480.000000,20832.000000,166325619.000000,0.000000
500000565.000000,7812.000000,259749.000000,312480.000000,20832.000000,166658931.000000,0.000000
501000501.000000,7812.000000,259749.000000,312480.000000,20832.000000,166992243.000000,0.000000
502000437.000000,7812.000000,259749.000000,312480.000000,20832.000000,167325555.000000,0.000000
503000373.000000,7812.000000,259749.000000,312480.000000,20832.000000,167658867.000000,0.000000
504000040.000000,7032.000000,240773.000000,301528.000000,21872.000000,167982267.000000,68.000000
505000201.000000,7645.000000,271209.000000,310269.000000,23124.000000,168315660.000000,0.000000
506000137.000000,7812.000000,259749.000000,312480.000000,20832.000000,168648972.000000,0.000000
507000073.000000,7812.000000,259749.000000,312480.000000,20832.000000,168982284.000000,0.000000
508000009.000000,7812.000000,259749.000000,312480.000000,20832.000000,169315596.000000,0.000000
509000002.000000,7815.000000,259823.000000,312487.000000,20839.000000,169648922.000000,0.000000
510000073.000000,7814.000000,259757.000000,312530.000000,20833.000000,169982285.000000,0.000000
511000009.000000,7812.000000,259749.000000,312480.000000,20832.000000,170315597.000000,0.000000
512000917.000000,7814.000000,259869.000000,312793.000000,20842.000000,170649232.000000,0.000000
513000853.000000,7812.000000,259749.000000,312480.000000,20832.000000,170982544.000000,0.000000
514000789.000000,7812.000000,259749.000000,312480.000000,20832.000000,171315856.000000,0.000000
515000725.000000,7812.000000,259749.000000,312480.000000,20832.000000,171649168.000000,0.000000
516000661.000000,7812.000000,259749.000000,312480.000000,20832.000000,171982480.000000,0.000000
517000597.000000,7812.000000,259749.000000,312480.000000,20832.000000,172315792.000000,0.000000
518000533.000000,7812.000000,259749.000000,312480.000000,20832.000000,172649104.000000,0.000000
519000469.000000,7812.000000,259749.000000,312480.000000,20832.000000,172982416.000000,0.000000
520000405.000000,7812.000000,259749.000000,312480.000000,20832.000000,173315728.000000,0.000000
521000341.000000,7812.000000,259749.000000,312480.000000,20832.000000,173649040.000000,0.000000
522000277.000000,7812.000000,259749.000000,312480.000000,20832.000000,173982352.000000,0.000000
523000213.000000,7812.000000,259749.000000,312480.000000,20832.000000,174315664.000000,0.000000
524000149.000000,7812.000000,259749.000000,312480.000000,20832.000000,174648976.000000,0.000000
525000085.000000,7812.000000,259749.000000,312480.000000,20832.000000,174982288.000000,0.000000
526000021.000000,7812.000000,259749.000000,312480.000000,20832.000000,175315600.000000,0.000000
527000045.000000,7814.000000,259851.000000,312501.000000,20839.000000,175648940.000000,0.000000
528000265.000000,7815.000000,259844.000000,312569.000000,20839.000000,175982348.000000,0.000000
529000201.000000,7812.000000,259749.000000,312480.000000,20832.000000,176315660.000000,0.000000
530000137.000000,7812.000000,259749.000000,312480.000000,20832.000000,176648972.000000,0.000000
531000073.000000,7812.000000,259749.000000,312480.000000,20832.000000,176982284.000000,0.000000
532000009.000000,7812.000000,259749.000000,312480.000000,20832.000000,177315596.000000,0.000000
533000002.000000,7815.000000,259823.000000,312487.000000,20839.000000,177648922.000000,0.000000
534000073.000000,7814.000000,259757.000000,312530.000000,20833.000000,177982285.000000,0.000000
535000009.000000,7812.000000,259749.000000,312480.000000,20832.000000,178315597.000000,0.000000
536000917.000000,7814.000000,259869.000000,312793.000000,20842.000000,178649232.000000,0.000000
537000853.000000,7812.000000,259749.000000,312480.000000,20832.000000,178982544.000000,0.000000
538000789.000000,7812.000000,259749.000000,312480.000000,20832.000000,179315856.000000,0.000000
539000725.000000,7812.000000,259749.000000,312480.000000,20832.000000,179649168.000000,0.000000
540000661.000000,7812.000000,259749.000000,312480.000000,20832.000000,179982480.000000,0.000000
541000597.000000,7812.000000,259749.000000,312480.000000,20832.000000,180315792.000000,0.000000
542000533.000000,7812.000000,259749.000000,312480.000000,20832.000000,180649104.000000,0.000000
543000469.000000,7812.000000,259749.000000,312480.000000,20832.000000,180982416.000000,0.000000
544000405.000000,7812.000000,259749.000000,312480.000000,20832.000000,181315728.000000,0.000000
545000341.000000,7812.000000,259749.000000,312480.000000,20832.000000,181649040.000000,0.000000
546000277.000000,7812.000000,259749.000000,312480.000000,20832.000000,181982352.000000,0.000000
547000213.000000,7812.000000,259749.000000,312480.000000,20832.000000,182315664.000000,0.000000
548000149.000000,7812.000000,259749.000000,312480.000000,20832.000000,182648976.000000,0.000000
549000085.000000,7812.000000,259749.000000,312480.000000,20832.000000,182982288.000000,0.000000
550000021.000000,7812.000000,259749.000000,312480.000000,20832.000000,183315600.000000,0.000000
551000044.000000,7814.000000,259843.000000,312501.000000,20838.000000,183648939.000000,0.000000
552000265.000000,7815.000000,259852.000000,312569.000000,20840.000000,183982348.000000,0.000000
553000201.000000,7812.000000,259749.000000,312480.000000,20832.000000,184315660.000000,0.000000
554000075.000000,7649.000000,242189.000000,308360.000000,21974.000000,184645994.000000,53.000000
555000213.000000,6683.000000,233658.000000,295107.000000,21485.000000,184962586.000000,94.000000
556000533.000000,7810.000000,259783.000000,312543.000000,20897.000000,185296026.000000,0.000000
557000469.000000,7812.000000,259749.000000,312480.000000,20832.000000,185629338.000000,0.000000
558000405.000000,7812.000000,259749.000000,312480.000000,20832.000000,185962650.000000,0.000000
559000341.000000,7812.000000,259749.000000,312480.000000,20832.000000,186295962.000000,0.000000
560000277.000000,7812.000000,259749.000000,312480.000000,20832.000000,186629274.000000,0.000000
561000213.000000,7812.000000,259749.000000,312480.000000,20832.000000,186962586.000000,0.000000
562000149.000000,7812.000000,259749.000000,312480.000000,20832.000000,187295898.000000,0.000000
563000085.000000,7812.000000,259749.000000,312480.000000,20832.000000,187629210.000000,0.000000
564000021.000000,7812.000000,259749.000000,312480.000000,20832.000000,187962522.000000,0.000000
565000041.000000,7814.000000,259843.000000,312501.000000,20838.000000,188295861.000000,0.000000
566000265.000000,7815.000000,259852.000000,312569.000000,20840.000000,188629270.000000,0.000000
567000201.000000,7812.000000,259749.000000,312480.000000,20832.000000,188962582.000000,0.000000
568000137.000000,7812.000000,259749.000000,312480.000000,20832.000000,189295894.000000,0.000000
569000073.000000,7812.000000,259749.000000,312480.000000,20832.000000,189629206.000000,0.000000
570000009.000000,7812.000000,259749.000000,312480.000000,20832.000000,189962518.000000,0.000000
571000002.000000,7815.000000,259823.000000,312487.000000,20839.000000,190295844.000000,0.000000
572000073.000000,7814.000000,259757.000000,312530.000000,20833.000000,190629207.000000,0.000000
573000009.000000,7812.000000,259749.000000,312480.000000,20832.000000,190962519.000000,0.000000
574000917.000000,7814.000000,259869.000000,312793.000000,20842.000000,191296154.000000,0.000000
575000853.000000,7812.000000,259749.000000,312480.000000,20832.000000,191629466.000000,0.000000
576000789.000000,7812.000000,259749.000000,312480.000000,20832.000000,191962778.000000,0.000000
577000725.000000,7812.000000,259749.000000,312480.000000,20832.000000,192296090.000000,0.000000
578000661.000000,7812.000000,259749.000000,312480.000000,20832.000000,192629402.000000,0.000000
579000597.000000,7812.000000,259749.000000,312480.000000,20832.000000,192962714.000000,0.000000
580000533.000000,7812.000000,259749.000000,312480.000000,20832.000000,193296026.000000,0.000000
581000469.000000,7812.000000,259749.000000,312480.000000,20832.000000,193629338.000000,0.000000
582000405.000000,7812.000000,259749.000000,312480.000000,20832.000000,193962650.000000,0.000000
583000341.000000,7812.000000,259749.000000,312480.000000,20832.000000,194295962.000000,0.000000
584000277.000000,7812.000000,259749.000000,312480.000000,20832.000000,194629274.000000,0.000000
585000213.000000,7812.000000,259749.000000,312480.000000,20832.000000,194962586.000000,0.000000
586000149.000000,7812.000000,259749.000000,312480.000000,20832.000000,195295898.000000,0.000000
587000085.000000,7812.000000,259749.000000,312480.000000,20832.000000,195629210.000000,0.000000
588000021.000000,7812.000000,259749.000000,312480.000000,20832.000000,195962522.000000,0.000000
589000041.000000,7814.000000,259843.000000,312501.000000,20838.000000,196295861.000000,0.000000
590000265.000000,7815.000000,259852.000000,312569.000000,20840.000000,196629270.000000,0.000000
591000201.000000,7812.000000,259749.000000,312480.000000,20832.000000,196962582.000000,0.000000
592000137.000000,7812.000000,259749.000000,312480.000000,20832.000000,197295894.000000,0.000000
593000073.000000,7812.000000,259749.000000,312480.000000,20832.000000,197629206.000000,0.000000
594000009.000000,7812.000000,259749.000000,312480.000000,20832.000000,197962518.000000,0.000000
595000002.000000,7815.000000,259823.000000,312487.000000,20839.000000,198295844.000000,0.000000
596000073.000000,7814.000000,259757.000000,312530.000000,20833.000000,198629207.000000,0.000000
597000009.000000,7812.000000,259749.000000,312480.000000,20832.000000,198962519.000000,0.000000
598000917.000000,7814.000000,259869.000000,312793.000000,20842.000000,199296154.000000,0.000000
599000853.000000,7812.000000,259749.000000,312480.000000,20832.000000,199629466.000000,0.000000
600000789.000000,7812.000000,259749.000000,312480.000000,20832.000000,199962778.000000,0.000000
601000725.000000,7812.000000,259749.000000,312480.000000,20832.000000,200296090.000000,0.000000
602000661.000000,7812.000000,259749.000000,312480.000000,20832.000000,200629402.000000,0.000000
603000597.000000,7812.000000,259749.000000,312480.000000,20832.000000,200962714.000000,0.000000
604000533.000000,7812.000000,259749.000000,312480.000000,20832.000000,201296026.000000,0.000000
605000721.000000,6713.000000,153319.000000,273547.000000,20301.000000,201589874.000000,234.000000
606000849.000000,7693.000000,266749.000000,311024.000000,22352.000000,201923250.000000,10.000000
607000785.000000,7812.000000,259749.000000,312480.000000,20832.000000,202256562.000000,0.000000
608000721.000000,7812.000000,259749.000000,312480.000000,20832.000000,202589874.000000,0.000000
609000657.000000,7812.000000,259749.000000,312480.000000,20832.000000,202923186.000000,0.000000
610000593.000000,7812.000000,259749.000000,312480.000000,20832.000000,203256498.000000,0.000000
611000529.000000,7812.000000,259749.000000,312480.000000,20832.000000,203589810.000000,0.000000
612000465.000000,7812.000000,259749.000000,312480.000000,20832.000000,203923122.000000,0.000000
613000401.000000,7812.000000,259749.000000,312480.000000,20832.000000,204256434.000000,0.000000
614000337.000000,7812.000000,259749.000000,312480.000000,20832.000000,204589746.000000,0.000000
615000273.000000,7812.000000,259749.000000,312480.000000,20832.000000,204923058.000000,0.000000
616000209.000000,7812.000000,259749.000000,312480.000000,20832.000000,205256370.000000,0.000000
617000145.000000,7812.000000,259749.000000,312480.000000,20832.000000,205589682.000000,0.000000
618000081.000000,7812.000000,259749.000000,312480.000000,20832.000000,205922994.000000,0.000000
619000017.000000,7812.000000,259749.000000,312480.000000,20832.000000,206256306.000000,0.000000
620000037.000000,7814.000000,259843.000000,312501.000000,20838.000000,206589645.000000,0.000000
621000261.000000,7815.000000,259852.000000,312569.000000,20840.000000,206923054.000000,0.000000
622000197.000000,7812.000000,259749.000000,312480.000000,20832.000000,207256366.000000,0.000000
623000133.000000,7812.000000,259749.000000,312480.000000,20832.000000,207589678.000000,0.000000
624000069.000000,7812.000000,259749.000000,312480.000000,20832.000000,207922990.000000,0.000000
625000005.000000,7812.000000,259749.000000,312480.000000,20832.000000,208256302.000000,0.000000
626000133.000000,7817.000000,259831.000000,312537.000000,20840.000000,208589679.000000,0.000000
627000069.000000,7812.000000,259749.000000,312480.000000,20832.000000,208922991.000000,0.000000
628000005.000000,7812.000000,259749.000000,312480.000000,20832.000000,209256303.000000,0.000000
629000913.000000,7814.000000,259869.000000,312793.000000,20842.000000,209589938.000000,0.000000
630000849.000000,7812.000000,259749.000000,312480.000000,20832.000000,209923250.000000,0.000000
631000785.000000,7812.000000,259749.000000,312480.000000,20832.000000,210256562.000000,0.000000
632000721.000000,7812.000000,259749.000000,312480.000000,20832.000000,210589874.000000,0.000000
633000657.000000,7812.000000,259749.000000,312480.000000,20832.000000,210923186.000000,0.000000
634000593.000000,7812.000000,259749.000000,312480.000000,20832.000000,211256498.000000,0.000000
635000529.000000,7812.000000,259749.000000,312480.000000,20832.000000,211589810.000000,0.000000
636000465.000000,7812.000000,259749.000000,312480.000000,20832.000000,211923122.000000,0.000000
637000401.000000,7812.000000,259749.000000,312480.000000,20832.000000,212256434.000000,0.000000
638000337.000000,7812.000000,259749.000000,312480.000000,20832.000000,212589746.000000,0.000000
639000273.000000,7812.000000,259749.000000,312480.000000,20832.000000,212923058.000000,0.000000
640000209.000000,7812.000000,259749.000000,312480.000000,20832.000000,213256370.000000,0.000000
641000145.000000,7812.000000,259749.000000,312480.000000,20832.000000,213589682.000000,0.000000
642000081.000000,7812.000000,259749.000000,312480.000000,20832.000000,213922994.000000,0.000000
643000017.000000,7812.000000,259749.000000,312480.000000,20832.000000,214256306.000000,0.000000
644000037.000000,7814.000000,259843.000000,312501.000000,20838.000000,214589645.000000,0.000000
645000261.000000,7815.000000,259852.000000,312569.000000,20840.000000,214923054.000000,0.000000
646000197.000000,7812.000000,259749.000000,312480.000000,20832.000000,215256366.000000,0.000000
647000133.000000,7812.000000,259749.000000,312480.000000,20832.000000,215589678.000000,0.000000
648000069.000000,7812.000000,259749.000000,312480.000000,20832.000000,215922990.000000,0.000000
649000005.000000,7812.000000,259749.000000,312480.000000,20832.000000,216256302.000000,0.000000
650000133.000000,7817.000000,259831.000000,312537.000000,20840.000000,216589679.000000,0.000000
651000069.000000,7812.000000,259749.000000,312480.000000,20832.000000,216922991.000000,0.000000
652000005.000000,7812.000000,259749.000000,312480.000000,20832.000000,217256303.000000,0.000000
653000913.000000,7814.000000,259869.000000,312793.000000,20842.000000,217589938.000000,0.000000
654000849.000000,7812.000000,259749.000000,312480.000000,20832.000000,217923250.000000,0.000000
655000785.000000,7812.000000,259749.000000,312480.000000,20832.000000,218256562.000000,0.000000
656000698.000000,6291.000000,102764.000000,270619.000000,21354.000000,218548535.000000,315.000000
657000717.000000,7624.000000,212577.000000,273006.000000,21531.000000,218843072.000000,163.000000
658000065.000000,7543.000000,280662.000000,308499.000000,24616.000000,219176187.000000,0.000000
659000097.000000,7478.000000,285405.000000,308392.000000,24953.000000,219509532.000000,0.000000
660000525.000000,7619.000000,271545.000000,310045.000000,23431.000000,219843008.000000,0.000000
661000161.000000,7526.000000,278799.000000,308609.000000,24603.000000,220176220.000000,0.000000
662000001.000000,7740.000000,264815.000000,311501.000000,21778.000000,220509499.000000,0.000000
663000225.000000,7815.000000,259852.000000,312569.000000,20840.000000,220842908.000000,0.000000
664000161.000000,7812.000000,259749.000000,312480.000000,20832.000000,221176220.000000,0.000000
665000097.000000,7812.000000,259749.000000,312480.000000,20832.000000,221509532.000000,0.000000
666000033.000000,7812.000000,259749.000000,312480.000000,20832.000000,221842844.000000,0.000000
667000026.000000,7815.000000,259823.000000,312487.000000,20839.000000,222176170.000000,0.000000
668000097.000000,7814.000000,259757.000000,312530.000000,20833.000000,222509533.000000,0.000000
669000033.000000,7812.000000,259749.000000,312480.000000,20832.000000,222842845.000000,0.000000
670000941.000000,7814.000000,259869.000000,312793.000000,20842.000000,223176480.000000,0.000000
671000877.000000,7812.000000,259749.000000,312480.000000,20832.000000,223509792.000000,0.000000
672000813.000000,7812.000000,259749.000000,312480.000000,20832.000000,223843104.000000,0.000000
673000749.000000,7812.000000,259749.000000,312480.000000,20832.000000,224176416.000000,0.000000
674000685.000000,7812.000000,259749.000000,312480.000000,20832.000000,224509728.000000,0.000000
675000621.000000,7812.000000,259749.000000,312480.000000,20832.000000,224843040.000000,0.000000
676000557.000000,7812.000000,259749.000000,312480.000000,20832.000000,225176352.000000,0.000000
677000493.000000,7812.000000,259749.000000,312480.000000,20832.000000,225509664.000000,0.000000
678000429.000000,7812.000000,259749.000000,312480.000000,20832.000000,225842976.000000,0.000000
679000365.000000,7812.000000,259749.000000,312480.000000,20832.000000,226176288.000000,0.000000
680000301.000000,7812.000000,259749.000000,312480.000000,20832.000000,226509600.000000,0.000000
681000237.000000,7812.000000,259749.000000,312480.000000,20832.000000,226842912.000000,0.000000
682000173.000000,7812.000000,259749.000000,312480.000000,20832.000000,227176224.000000,0.000000
683000109.000000,7812.000000,259749.000000,312480.000000,20832.000000,227509536.000000,0.000000
684000045.000000,7812.000000,259749.000000,312480.000000,20832.000000,227842848.000000,0.000000
685000065.000000,7814.000000,259843.000000,312501.000000,20838.000000,228176187.000000,0.000000
686000001.000000,7812.000000,259749.000000,312480.000000,20832.000000,228509499.000000,0.000000
687000225.000000,7815.000000,259852.000000,312569.000000,20840.000000,228842908.000000,0.000000
688000161.000000,7812.000000,259749.000000,312480.000000,20832.000000,229176220.000000,0.000000
689000097.000000,7812.000000,259749.000000,312480.000000,20832.000000,229509532.000000,0.000000
690000033.000000,7812.000000,259749.000000,312480.000000,20832.000000,229842844.000000,0.000000
691000026.000000,7815.000000,259823.000000,312487.000000,20839.000000,230176170.000000,0.000000
692000097.000000,7814.000000,259757.000000,312530.000000,20833.000000,230509533.000000,0.000000
693000033.000000,7812.000000,259749.000000,312480.000000,20832.000000,230842845.000000,0.000000
694000941.000000,7814.000000,259869.000000,312793.000000,20842.000000,231176480.000000,0.000000
695000877.000000,7812.000000,259749.000000,312480.000000,20832.000000,231509792.000000,0.000000
696000813.000000,7812.000000,259749.000000,312480.000000,20832.000000,231843104.000000,0.000000
697000749.000000,7812.000000,259749.000000,312480.000000,20832.000000,232176416.000000,0.000000
698000685.000000,7812.000000,259749.000000,312480.000000,20832.000000,232509728.000000,0.000000
699000621.000000,7812.000000,259749.000000,312480.000000,20832.000000,232843040.000000,0.000000
700000557.000000,7812.000000,259749.000000,312480.000000,20832.000000,233176352.000000,0.000000
701000493.000000,7812.000000,259749.000000,312480.000000,20832.000000,233509664.000000,0.000000
702000429.000000,7812.000000,259749.000000,312480.000000,20832.000000,233842976.000000,0.000000
703000365.000000,7812.000000,259749.000000,312480.000000,20832.000000,234176288.000000,0.000000
704000301.000000,7812.000000,259749.000000,312480.000000,20832.000000,234509600.000000,0.000000
705000237.000000,7812.000000,259749.000000,312480.000000,20832.000000,234842912.000000,0.000000
706000173.000000,7812.000000,259749.000000,312480.000000,20832.000000,235176224.000000,0.000000
707001372.000000,7370.000000,175982.000000,290446.000000,27242.000000,235493912.000000,227.000000
708000537.000000,5225.000000,29027.000000,250547.000000,15320.000000,235759779.000000,436.000000
709000064.000000,7648.000000,162453.000000,236651.000000,19063.000000,236015493.000000,279.000000
710000204.000000,7535.000000,280402.000000,308511.000000,24869.000000,236348873.000000,0.000000
711000032.000000,7602.000000,273981.000000,309221.000000,24054.000000,236682148.000000,0.000000
712000256.000000,7697.000000,269568.000000,310749.000000,22660.000000,237015557.000000,0.000000
713000192.000000,7812.000000,259749.000000,312480.000000,20832.000000,237348869.000000,0.000000
714000128.000000,7812.000000,259749.000000,312480.000000,20832.000000,237682181.000000,0.000000
715000064.000000,7812.000000,259749.000000,312480.000000,20832.000000,238015493.000000,0.000000
716000004.000000,7813.000000,259749.000000,312480.000000,20832.000000,238348805.000000,0.000000
717000128.000000,7816.000000,259831.000000,312537.000000,20840.000000,238682182.000000,0.000000
718000064.000000,7812.000000,259749.000000,312480.000000,20832.000000,239015494.000000,0.000000
719000005.000000,7813.000000,259749.000000,312480.000000,20832.000000,239348806.000000,0.000000
720000908.000000,7813.000000,259869.000000,312793.000000,20842.000000,239682441.000000,0.000000
721000844.000000,7812.000000,259749.000000,312480.000000,20832.000000,240015753.000000,0.000000
722000780.000000,7812.000000,259749.000000,312480.000000,20832.000000,240349065.000000,0.000000
723000716.000000,7812.000000,259749.000000,312480.000000,20832.000000,240682377.000000,0.000000
724000652.000000,7812.000000,259749.000000,312480.000000,20832.000000,241015689.000000,0.000000
725000588.000000,7812.000000,259749.000000,312480.000000,20832.000000,241349001.000000,0.000000
726000524.000000,7812.000000,259749.000000,312480.000000,20832.000000,241682313.000000,0.000000
727000460.000000,7812.000000,259749.000000,312480.000000,20832.000000,242015625.000000,0.000000
728000396.000000,7812.000000,259749.000000,312480.000000,20832.000000,242348937.000000,0.000000
729000332.000000,7812.000000,259749.000000,312480.000000,20832.000000,242682249.000000,0.000000
730000268.000000,7812.000000,259749.000000,312480.000000,20832.000000,243015561.000000,0.000000
731000204.000000,7812.000000,259749.000000,312480.000000,20832.000000,243348873.000000,0.000000
732000140.000000,7812.000000,259749.000000,312480.000000,20832.000000,243682185.000000,0.000000
733000076.000000,7812.000000,259749.000000,312480.000000,20832.000000,244015497.000000,0.000000
734000012.000000,7812.000000,259749.000000,312480.000000,20832.000000,244348809.000000,0.000000
735000032.000000,7814.000000,259843.000000,312501.000000,20838.000000,244682148.000000,0.000000
736000256.000000,7815.000000,259852.000000,312569.000000,20840.000000,245015557.000000,0.000000
737000192.000000,7812.000000,259749.000000,312480.000000,20832.000000,245348869.000000,0.000000
738000128.000000,7812.000000,259749.000000,312480.000000,20832.000000,245682181.000000,0.000000
739000064.000000,7812.000000,259749.000000,312480.000000,20832.000000,246015493.000000,0.000000
740000004.000000,7813.000000,259749.000000,312480.000000,20832.000000,246348805.000000,0.000000
741000128.000000,7816.000000,259831.000000,312537.000000,20840.000000,246682182.000000,0.000000
742000064.000000,7812.000000,259749.000000,312480.000000,20832.000000,247015494.000000,0.000000
743000005.000000,7813.000000,259749.000000,312480.000000,20832.000000,247348806.000000,0.000000
744000908.000000,7813.000000,259869.000000,312793.000000,20842.000000,247682441.000000,0.000000
745000844.000000,7812.000000,259749.000000,312480.000000,20832.000000,248015753.000000,0.000000
746000780.000000,7812.000000,259749.000000,312480.000000,20832.000000,248349065.000000,0.000000
747000716.000000,7812.000000,259749.000000,312480.000000,20832.000000,248682377.000000,0.000000
748000652.000000,7812.000000,259749.000000,312480.000000,20832.000000,249015689.000000,0.000000
749000588.000000,7812.000000,259749.000000,312480.000000,20832.000000,249349001.000000,0.000000
750000524.000000,7812.000000,259749.000000,312480.000000,20832.000000,249682313.000000,0.000000
751000460.000000,7812.000000,259749.000000,312480.000000,20832.000000,250015625.000000,0.000000
752000396.000000,7812.000000,259749.000000,312480.000000,20832.000000,250348937.000000,0.000000
753000332.000000,7812.000000,259749.000000,312480.000000,20832.000000,250682249.000000,0.000000
754000268.000000,7812.000000,259749.000000,312480.000000,20832.000000,251015561.000000,0.000000
755000204.000000,7812.000000,259749.000000,312480.000000,20832.000000,251348873.000000,0.000000
756000140.000000,7812.000000,259749.000000,312480.000000,20832.000000,251682185.000000,0.000000
757000076.000000,7812.000000,259749.000000,312480.000000,20832.000000,252015497.000000,0.000000
758000012.000000,7812.000000,259749.000000,312480.000000,20832.000000,252348809.000000,0.000000
759000659.000000,7924.000000,243617.000000,308698.000000,23637.000000,252681144.000000,47.000000
760005607.000000,5475.000000,23385.000000,249575.000000,31017.000000,252961736.000000,531.000000
761000769.000000,12125.000000,68907.000000,298571.000000,30783.000000,253291090.000000,479.000000
762000705.000000,3580.000000,3559.000000,241121.000000,8868.000000,253541079.000000,609.000000
763000144.000000,8908.000000,93868.000000,183079.000000,16522.000000,253740680.000000,302.000000
764000188.000000,7520.000000,284752.000000,308516.000000,24831.000000,254074027.000000,0.000000
765000304.000000,7657.000000,271593.000000,310480.000000,22891.000000,254407398.000000,0.000000
766000444.000000,7512.000000,279753.000000,308650.000000,24731.000000,254740779.000000,0.000000
767000080.000000,7578.000000,276176.000000,308776.000000,24436.000000,255073991.000000,0.000000
768000310.000000,7594.000000,272941.000000,309328.000000,24082.000000,255407401.000000,0.000000
769000048.000000,7468.000000,288321.000000,308079.000000,25168.000000,255740648.000000,0.000000
770000374.000000,7573.000000,275121.000000,308976.000000,24465.000000,256074089.000000,0.000000
771000124.000000,7485.000000,283140.000000,308278.000000,24972.000000,256407339.000000,0.000000
772000060.000000,7464.000000,285226.000000,308282.000000,25030.000000,256740651.000000,0.000000
773000080.000000,7473.000000,284611.000000,308326.000000,25014.000000,257073991.000000,0.000000
774000316.000000,7465.000000,285096.000000,308395.000000,25017.000000,257407403.000000,0.000000
775000630.000000,7465.000000,285732.000000,308368.000000,25070.000000,257740841.000000,0.000000
776000668.000000,7467.000000,284939.000000,308338.000000,25008.000000,258074187.000000,0.000000
777000112.000000,7467.000000,284701.000000,308141.000000,25007.000000,258407335.000000,0.000000
778000051.000000,7465.000000,284943.000000,308298.000000,25013.000000,258740646.000000,0.000000
779000092.000000,7469.000000,284825.000000,308330.000000,25019.000000,259073995.000000,0.000000
780000700.000000,7465.000000,285808.000000,308465.000000,25071.000000,259407531.000000,0.000000
781000144.000000,7461.000000,285038.000000,308127.000000,25021.000000,259740679.000000,0.000000
782000041.000000,7471.000000,285106.000000,308273.000000,25021.000000,260073973.000000,0.000000
783000124.000000,7466.000000,284385.000000,308377.000000,24989.000000,260407339.000000,0.000000
784000156.000000,7467.000000,285151.000000,308316.000000,25028.000000,260740683.000000,0.000000
785000092.000000,7469.000000,284804.000000,308294.000000,25018.000000,261073995.000000,0.000000
786000124.000000,7458.000000,286030.000000,308265.000000,25079.000000,261407339.000000,0.000000
787000009.000000,7472.000000,284827.000000,308278.000000,25012.000000,261740629.000000,0.000000
788000176.000000,7469.000000,284982.000000,308381.000000,25013.000000,262074023.000000,0.000000
789000016.000000,7465.000000,284656.000000,308269.000000,25011.000000,262407303.000000,0.000000
790000240.000000,7467.000000,285211.000000,308374.000000,25034.000000,262740711.000000,0.000000
791000080.000000,7473.000000,284503.000000,308292.000000,24988.000000,263073991.000000,0.000000
792000220.000000,7455.000000,285893.000000,308298.000000,25082.000000,263407371.000000,0.000000
793000148.000000,7470.000000,285103.000000,308289.000000,25019.000000,263740679.000000,0.000000
794000041.000000,7468.000000,284790.000000,308281.000000,25013.000000,264073973.000000,0.000000
795000019.000000,7465.000000,285022.000000,308317.000000,25012.000000,264407302.000000,0.000000
796000924.000000,7478.000000,284966.000000,308603.000000,25034.000000,264740939.000000,0.000000
797000084.000000,7462.000000,284505.000000,308063.000000,24989.000000,265073991.000000,0.000000
798000604.000000,7462.000000,285952.000000,308420.000000,25088.000000,265407499.000000,0.000000
799000144.000000,7469.000000,284814.000000,308183.000000,24997.000000,265740679.000000,0.000000
800000080.000000,7464.000000,284815.000000,308303.000000,25009.000000,266073991.000000,0.000000
801000112.000000,7465.000000,285219.000000,308314.000000,25030.000000,266407335.000000,0.000000
802000048.000000,7473.000000,284650.000000,308296.000000,25016.000000,266740647.000000,0.000000
803000080.000000,7464.000000,285031.000000,308328.000000,25015.000000,267073990.000000,0.000000
804000310.000000,7464.000000,285670.000000,308347.000000,25064.000000,267407401.000000,0.000000
805000348.000000,7467.000000,284938.000000,308338.000000,25008.000000,267740747.000000,0.000000
806000572.000000,7470.000000,284818.000000,308391.000000,25017.000000,268074155.000000,0.000000
807000688.000000,7467.000000,285094.000000,308345.000000,25027.000000,268407527.000000,0.000000
808000336.000000,7472.000000,284811.000000,308199.000000,25017.000000,268740743.000000,0.000000
809000380.000000,7457.000000,285562.000000,308299.000000,25049.000000,269074091.000000,0.000000
810000208.000000,7463.000000,285156.000000,308247.000000,25029.000000,269407367.000000,0.000000
811000432.000000,7470.000000,285070.000000,308386.000000,25022.000000,269740775.000000,0.000000
812000041.000000,7472.000000,284519.000000,308197.000000,25001.000000,270073973.000000,0.000000
813000112.000000,7465.000000,285109.000000,308342.000000,25021.000000,270407336.000000,0.000000
814000986.000000,8622.000000,112938.000000,273737.000000,46838.000000,270727911.000000,480.000000
815001202.000000,4003.000000,8948.000000,243020.000000,21188.000000,270992119.000000,466.000000
816000335.000000,10974.000000,110267.000000,287782.000000,32934.000000,271312835.000000,387.000000
817003751.000000,3605.000000,3197.000000,242009.000000,8849.000000,271563693.000000,607.000000
818003687.000000,3717.000000,3556.000000,241125.000000,8863.000000,271813681.000000,648.000000
819001679.000000,3602.000000,3259.000000,240664.000000,8830.000000,272063175.000000,622.000000
820002127.000000,3693.000000,3579.000000,241238.000000,8874.000000,272313287.000000,658.000000
821000290.000000,12493.000000,129576.000000,126313.000000,20232.000000,272459832.000000,101.000000
822000194.000000,8141.000000,270536.000000,288823.000000,24621.000000,272773276.000000,10.000000
823000130.000000,7546.000000,277442.000000,308681.000000,24631.000000,273106588.000000,0.000000
824000546.000000,7629.000000,274072.000000,310454.000000,23018.000000,273440060.000000,0.000000
825000482.000000,7812.000000,259749.000000,312480.000000,20832.000000,273773372.000000,0.000000
826000418.000000,7812.000000,259749.000000,312480.000000,20832.000000,274106684.000000,0.000000
827000354.000000,7812.000000,259749.000000,312480.000000,20832.000000,274439996.000000,0.000000
828000290.000000,7812.000000,259749.000000,312480.000000,20832.000000,274773308.000000,0.000000
829000226.000000,7812.000000,259749.000000,312480.000000,20832.000000,275106620.000000,0.000000
830000162.000000,7812.000000,259749.000000,312480.000000,20832.000000,275439932.000000,0.000000
831000098.000000,7812.000000,259749.000000,312480.000000,20832.000000,275773244.000000,0.000000
832000034.000000,7812.000000,259749.000000,312480.000000,20832.000000,276106556.000000,0.000000
833000054.000000,7814.000000,259843.000000,312501.000000,20838.000000,276439895.000000,0.000000
834000001.000000,7813.000000,259765.000000,312483.000000,20834.000000,276773212.000000,0.000000
835000214.000000,7814.000000,259836.000000,312566.000000,20838.000000,277106616.000000,0.000000
836000150.000000,7812.000000,259749.000000,312480.000000,20832.000000,277439928.000000,0.000000
837000086.000000,7812.000000,259749.000000,312480.000000,20832.000000,277773240.000000,0.000000
838000022.000000,7812.000000,259749.000000,312480.000000,20832.000000,278106552.000000,0.000000
839000015.000000,7815.000000,259823.000000,312487.000000,20839.000000,278439878.000000,0.000000
840000086.000000,7814.000000,259757.000000,312530.000000,20833.000000,278773241.000000,0.000000
841000022.000000,7812.000000,259749.000000,312480.000000,20832.000000,279106553.000000,0.000000
842000930.000000,7814.000000,259869.000000,312793.000000,20842.000000,279440188.000000,0.000000
843000866.000000,7812.000000,259749.000000,312480.000000,20832.000000,279773500.000000,0.000000
844000802.000000,7812.000000,259749.000000,312480.000000,20832.000000,280106812.000000,0.000000
845000738.000000,7812.000000,259749.000000,312480.000000,20832.000000,280440124.000000,0.000000
846000674.000000,7812.000000,259749.000000,312480.000000,20832.000000,280773436.000000,0.000000
847000610.000000,7812.000000,259749.000000,312480.000000,20832.000000,281106748.000000,0.000000
848000546.000000,7812.000000,259749.000000,312480.000000,20832.000000,281440060.000000,0.000000
849000482.000000,7812.000000,259749.000000,312480.000000,20832.000000,281773372.000000,0.000000
850000418.000000,7812.000000,259749.000000,312480.000000,20832.000000,282106684.000000,0.000000
851000354.000000,7812.000000,259749.000000,312480.000000,20832.000000,282439996.000000,0.000000
852000290.000000,7812.000000,259749.000000,312480.000000,20832.000000,282773308.000000,0.000000
853000226.000000,7812.000000,259749.000000,312480.000000,20832.000000,283106620.000000,0.000000
854000162.000000,7812.000000,259749.000000,312480.000000,20832.000000,283439932.000000,0.000000
855000098.000000,7812.000000,259749.000000,312480.000000,20832.000000,283773244.000000,0.000000
856000034.000000,7812.000000,259749.000000,312480.000000,20832.000000,284106556.000000,0.000000
857000054.000000,7814.000000,259843.000000,312501.000000,20838.000000,284439895.000000,0.000000
858000001.000000,7813.000000,259765.000000,312483.000000,20834.000000,284773212.000000,0.000000
859000214.000000,7814.000000,259836.000000,312566.000000,20838.000000,285106616.000000,0.000000
860000150.000000,7812.000000,259749.000000,312480.000000,20832.000000,285439928.000000,0.000000
861000086.000000,7812.000000,259749.000000,312480.000000,20832.000000,285773240.000000,0.000000
862000022.000000,7812.000000,259749.000000,312480.000000,20832.000000,286106552.000000,0.000000
863000015.000000,7815.000000,259823.000000,312487.000000,20839.000000,286439878.000000,0.000000
864000086.000000,7814.000000,259757.000000,312530.000000,20833.000000,286773241.000000,0.000000
865000022.000000,7812.000000,259749.000000,312480.000000,20832.000000,287106553.000000,0.000000
866000930.000000,7814.000000,259869.000000,312793.000000,20842.000000,287440188.000000,0.000000
867000866.000000,7812.000000,259749.000000,312480.000000,20832.000000,287773500.000000,0.000000
868000802.000000,7812.000000,259749.000000,312480.000000,20832.000000,288106812.000000,0.000000
869000738.000000,7812.000000,259749.000000,312480.000000,20832.000000,288440124.000000,0.000000
870000674.000000,7812.000000,259749.000000,312480.000000,20832.000000,288773436.000000,0.000000
871000610.000000,7812.000000,259749.000000,312480.000000,20832.000000,289106748.000000,0.000000
872000571.000000,8605.000000,145086.000000,284197.000000,40519.000000,289431464.000000,377.000000
873000784.000000,8528.000000,53498.000000,260106.000000,51302.000000,289742872.000000,650.000000
874000152.000000,3964.000000,9411.000000,242812.000000,21172.000000,290006856.000000,439.000000
875004184.000000,4038.000000,9237.000000,243968.000000,21248.000000,290272072.000000,454.000000
876000160.000000,4034.000000,9333.000000,241986.000000,21102.000000,290535160.000000,460.000000
877007501.000000,17760.000000,215706.000000,334345.000000,44285.000000,290913790.000000,286.000000
878003341.000000,3620.000000,3494.000000,240129.000000,8834.000000,291162753.000000,558.000000
879000821.000000,3533.000000,3354.000000,240508.000000,8859.000000,291412120.000000,561.000000
880000245.000000,3645.000000,3365.000000,241006.000000,8849.000000,291661975.000000,594.000000
881005197.000000,3535.000000,3302.000000,242358.000000,8884.000000,291913217.000000,552.000000
882001653.000000,3617.000000,3407.000000,240264.000000,8846.000000,292162327.000000,585.000000
883004045.000000,3584.000000,3572.000000,241717.000000,8889.000000,292412933.000000,598.000000
884000397.000000,3682.000000,3715.000000,240236.000000,8852.000000,292662021.000000,656.000000
885002893.000000,3672.000000,3464.000000,241752.000000,8872.000000,292912645.000000,687.000000
886000392.000000,11990.000000,124219.000000,132440.000000,19759.000000,293064844.000000,132.000000
887000532.000000,13725.000000,146985.000000,111469.000000,21883.000000,293198196.000000,0.000000
888000028.000000,8294.000000,267979.000000,282199.000000,24544.000000,293504939.000000,10.000000
889000648.000000,7498.000000,283965.000000,308535.000000,25006.000000,293838480.000000,0.000000
890000188.000000,7560.000000,278015.000000,309277.000000,23903.000000,294171660.000000,0.000000
891000124.000000,7812.000000,259749.000000,312480.000000,20832.000000,294504972.000000,0.000000
892000060.000000,7812.000000,259749.000000,312480.000000,20832.000000,294838284.000000,0.000000
893000006.000000,7814.000000,259755.000000,312481.000000,20833.000000,295171598.000000,0.000000
894000124.000000,7815.000000,259825.000000,312536.000000,20839.000000,295504973.000000,0.000000
895000060.000000,7812.000000,259749.000000,312480.000000,20832.000000,295838285.000000,0.000000
896000001.000000,7813.000000,259749.000000,312480.000000,20832.000000,296171597.000000,0.000000
897000904.000000,7813.000000,259869.000000,312793.000000,20842.000000,296505232.000000,0.000000
898000840.000000,7812.000000,259749.000000,312480.000000,20832.000000,296838544.000000,0.000000
899000776.000000,7812.000000,259749.000000,312480.000000,20832.000000,297171856.000000,0.000000
900000712.000000,7812.000000,259749.000000,312480.000000,20832.000000,297505168.000000,0.000000
901000648.000000,7812.000000,259749.000000,312480.000000,20832.000000,297838480.000000,0.000000
902000584.000000,7812.000000,259749.000000,312480.000000,20832.000000,298171792.000000,0.000000
903000520.000000,7812.000000,259749.000000,312480.000000,20832.000000,298505104.000000,0.000000
904000456.000000,7812.000000,259749.000000,312480.000000,20832.000000,298838416.000000,0.000000
905000392.000000,7812.000000,259749.000000,312480.000000,20832.000000,299171728.000000,0.000000
906000328.000000,7812.000000,259749.000000,312480.000000,20832.000000,299505040.000000,0.000000
907000264.000000,7812.000000,259749.000000,312480.000000,20832.000000,299838352.000000,0.000000
908000200.000000,7812.000000,259749.000000,312480.000000,20832.000000,300171664.000000,0.000000
909000136.000000,7812.000000,259749.000000,312480.000000,20832.000000,300504976.000000,0.000000
910000072.000000,7812.000000,259749.000000,312480.000000,20832.000000,300838288.000000,0.000000
911000008.000000,7812.000000,259749.000000,312480.000000,20832.000000,301171600.000000,0.000000
912000028.000000,7814.000000,259843.000000,312501.000000,20838.000000,301504939.000000,0.000000
913000252.000000,7815.000000,259852.000000,312569.000000,20840.000000,301838348.000000,0.000000
914000188.000000,7812.000000,259749.000000,312480.000000,20832.000000,302171660.000000,0.000000
915000124.000000,7812.000000,259749.000000,312480.000000,20832.000000,302504972.000000,0.000000
916000060.000000,7812.000000,259749.000000,312480.000000,20832.000000,302838284.000000,0.000000
917000007.000000,7814.000000,259755.000000,312481.000000,20833.000000,303171598.000000,0.000000
918000124.000000,7815.000000,259825.000000,312536.000000,20839.000000,303504973.000000,0.000000
919000060.000000,7812.000000,259749.000000,312480.000000,20832.000000,303838285.000000,0.000000
920000001.000000,7813.000000,259749.000000,312480.000000,20832.000000,304171597.000000,0.000000
921000904.000000,7813.000000,259869.000000,312793.000000,20842.000000,304505232.000000,0.000000
922000840.000000,7812.000000,259749.000000,312480.000000,20832.000000,304838544.000000,0.000000
923000776.000000,7812.000000,259749.000000,312480.000000,20832.000000,305171856.000000,0.000000
924000712.000000,7812.000000,259749.000000,312480.000000,20832.000000,305505168.000000,0.000000
925000648.000000,7812.000000,259749.000000,312480.000000,20832.000000,305838480.000000,0.000000
926000584.000000,7812.000000,259749.000000,312480.000000,20832.000000,306171792.000000,0.000000
927000520.000000,7812.000000,259749.000000,312480.000000,20832.000000,306505104.000000,0.000000
928000456.000000,7812.000000,259749.000000,312480.000000,20832.000000,306838416.000000,0.000000
929000392.000000,7812.000000,259749.000000,312480.000000,20832.000000,307171728.000000,0.000000
930000328.000000,7812.000000,259749.000000,312480.000000,20832.000000,307505040.000000,0.000000
931000264.000000,7812.000000,259749.000000,312480.000000,20832.000000,307838352.000000,0.000000
932000200.000000,7812.000000,259749.000000,312480.000000,20832.000000,308171664.000000,0.000000
933000136.000000,7812.000000,259749.000000,312480.000000,20832.000000,308504976.000000,0.000000
934000072.000000,7812.000000,259749.000000,312480.000000,20832.000000,308838288.000000,0.000000
935000008.000000,7812.000000,259749.000000,312480.000000,20832.000000,309171600.000000,0.000000
936000028.000000,7814.000000,259843.000000,312501.000000,20838.000000,309504939.000000,0.000000
937000252.000000,7815.000000,259852.000000,312569.000000,20840.000000,309838348.000000,0.000000
938000281.000000,8478.000000,152553.000000,285693.000000,39552.000000,310163593.000000,320.000000
939000401.000000,9257.000000,57779.000000,262867.000000,55352.000000,310481812.000000,706.000000
940000015.000000,9218.000000,57477.000000,262489.000000,55573.000000,310799874.000000,657.000000
941000126.000000,5749.000000,24858.000000,249781.000000,33253.000000,311082908.000000,494.000000
942004158.000000,4009.000000,9297.000000,243926.000000,21290.000000,311348124.000000,446.000000
943002678.000000,4009.000000,9858.000000,242554.000000,21206.000000,311611884.000000,468.000000
944000986.000000,3989.000000,9400.000000,242508.000000,21196.000000,311875588.000000,452.000000
945002686.000000,3988.000000,9587.000000,243374.000000,21226.000000,312140188.000000,448.000000
946000994.000000,3994.000000,9182.000000,242536.000000,21168.000000,312403892.000000,432.000000
947005238.000000,4042.000000,9554.000000,243992.000000,21280.000000,312669164.000000,475.000000
948000706.000000,25975.000000,333458.000000,368598.000000,60594.000000,313098356.000000,137.000000
949000278.000000,6222.000000,41399.000000,255760.000000,14573.000000,313368689.000000,536.000000
950006462.000000,3619.000000,3408.000000,242623.000000,8920.000000,313620232.000000,550.000000
951000036.000000,3614.000000,3274.000000,239612.000000,8790.000000,313868634.000000,585.000000
952000086.000000,3592.000000,3608.000000,241155.000000,8856.000000,314118645.000000,597.000000
953000126.000000,3590.000000,3608.000000,241129.000000,8877.000000,314368651.000000,589.000000
954004054.000000,3629.000000,3630.000000,242076.000000,8910.000000,314619637.000000,616.000000
955001534.000000,3659.000000,3569.000000,240522.000000,8844.000000,314869003.000000,622.000000
956000342.000000,3616.000000,3448.000000,240858.000000,8851.000000,315118712.000000,645.000000
957000382.000000,3609.000000,3304.000000,241143.000000,8863.000000,315368718.000000,559.000000
958003902.000000,3572.000000,3417.000000,241987.000000,8893.000000,315619598.000000,597.000000
959000150.000000,3676.000000,3588.000000,240253.000000,8813.000000,315868664.000000,620.000000
960005310.000000,3625.000000,3478.000000,242389.000000,8897.000000,316119950.000000,633.000000
961000126.000000,3604.000000,3393.000000,239870.000000,8837.000000,316368657.000000,564.000000
962000982.000000,3701.000000,3398.000000,241370.000000,8848.000000,316618875.000000,691.000000
963000406.000000,3731.000000,3473.000000,241004.000000,8851.000000,316868730.000000,664.000000
964008022.000000,3622.000000,3716.000000,242958.000000,8947.000000,317120635.000000,666.000000
965000252.000000,5040.000000,24089.000000,221085.000000,10657.000000,317352377.000000,565.000000
966000680.000000,13671.000000,145487.000000,111429.000000,21959.000000,317485765.000000,0.000000
967000052.000000,13691.000000,146953.000000,111392.000000,21861.000000,317619018.000000,0.000000
968000182.000000,13646.000000,147523.000000,111318.000000,22031.000000,317752367.000000,0.000000
969000164.000000,12448.000000,168282.000000,153338.000000,21665.000000,317927370.000000,1.000000
970000106.000000,7812.000000,260155.000000,312481.000000,20833.000000,318260684.000000,0.000000
971000042.000000,7812.000000,260139.000000,312480.000000,20832.000000,318593996.000000,0.000000
972000062.000000,7814.000000,260220.000000,312501.000000,20838.000000,318927335.000000,0.000000
973000001.000000,7812.000000,260139.000000,312480.000000,20832.000000,319260647.000000,0.000000
974000222.000000,7815.000000,260258.000000,312569.000000,20840.000000,319594056.000000,0.000000
975000158.000000,7812.000000,260139.000000,312480.000000,20832.000000,319927368.000000,0.000000
976000094.000000,7812.000000,260139.000000,312480.000000,20832.000000,320260680.000000,0.000000
977000030.000000,7812.000000,260126.000000,312480.000000,20832.000000,320593992.000000,0.000000
978000023.000000,7815.000000,260213.000000,312487.000000,20839.000000,320927318.000000,0.000000
979000094.000000,7814.000000,260163.000000,312530.000000,20833.000000,321260681.000000,0.000000
980000030.000000,7812.000000,260139.000000,312480.000000,20832.000000,321593993.000000,0.000000
981000938.000000,7814.000000,260259.000000,312793.000000,20842.000000,321927628.000000,0.000000
982000874.000000,7812.000000,260126.000000,312480.000000,20832.000000,322260940.000000,0.000000
983000804.000000,7812.000000,260139.000000,312479.000000,20831.000000,322594250.000000,0.000000
984000746.000000,7812.000000,260155.000000,312481.000000,20833.000000,322927564.000000,0.000000
985000682.000000,7812.000000,260139.000000,312480.000000,20832.000000,323260876.000000,0.000000
986000618.000000,7812.000000,260139.000000,312480.000000,20832.000000,323594188.000000,0.000000
987000554.000000,7812.000000,260126.000000,312480.000000,20832.000000,323927500.000000,0.000000
988000484.000000,7812.000000,260139.000000,312479.000000,20831.000000,324260810.000000,0.000000
989000426.000000,7812.000000,260155.000000,312481.000000,20833.000000,324594124.000000,0.000000
990000362.000000,7812.000000,260139.000000,312480.000000,20832.000000,324927436.000000,0.000000
991000298.000000,7812.000000,260139.000000,312480.000000,20832.000000,325260748.000000,0.000000
992000234.000000,7812.000000,260126.000000,312480.000000,20832.000000,325594060.000000,0.000000
993000164.000000,7812.000000,260139.000000,312479.000000,20831.000000,325927370.000000,0.000000
994000106.000000,7812.000000,260155.000000,312481.000000,20833.000000,326260684.000000,0.000000
995000042.000000,7812.000000,260139.000000,312480.000000,20832.000000,326593996.000000,0.000000
996000062.000000,7814.000000,260220.000000,312501.000000,20838.000000,326927335.000000,0.000000
997000009.000000,7813.000000,260155.000000,312483.000000,20834.000000,327260652.000000,0.000000
998000222.000000,7814.000000,260242.000000,312566.000000,20838.000000,327594056.000000,0.000000
999000158.000000,7812.000000,260139.000000,312480.000000,20832.000000,327927368.000000,0.000000
