Instruction,pfIssued,pfInCache,overallMisses,overallHits,overallAccesses,unusedPrefetches
1001262.000000,1628.000000,5736.000000,367907.000000,2171.000000,370078.000000,65.000000
2001306.000000,1638.000000,3300.000000,366965.000000,1713.000000,738756.000000,117.000000
3008017.000000,1625.000000,3367.000000,369319.000000,1728.000000,1109803.000000,108.000000
4004640.000000,1641.000000,3419.000000,365640.000000,1727.000000,1477170.000000,108.000000
5001052.000000,1614.000000,3611.000000,365556.000000,1707.000000,1844433.000000,118.000000
6007898.000000,1598.000000,3710.000000,369369.000000,1782.000000,2215584.000000,67.000000
7004372.000000,1622.000000,3447.000000,366099.000000,1714.000000,2583397.000000,89.000000
8001989.000000,1568.000000,3203.000000,361990.000000,1639.000000,2947026.000000,76.000000
9001294.000000,1534.000000,3333.000000,361449.000000,1659.000000,3310134.000000,107.000000
10003982.000000,1539.000000,3480.000000,362655.000000,1626.000000,3674415.000000,107.000000
11006557.000000,890.000000,1988.000000,358118.000000,998.000000,4033531.000000,60.000000
12008914.000000,283.000000,564.000000,354880.000000,369.000000,4388780.000000,14.000000
13006073.000000,239.000000,554.000000,353461.000000,204.000000,4742445.000000,36.000000
14002917.000000,266.000000,594.000000,353314.000000,191.000000,5095950.000000,37.000000
15002903.000000,195.000000,314.000000,354761.000000,188.000000,5450899.000000,20.000000
16006359.000000,264.000000,409.000000,360005.000000,230.000000,5811134.000000,18.000000
17014687.000000,286.000000,499.000000,357373.000000,180.000000,6168687.000000,47.000000
18011525.000000,192.000000,308.000000,353371.000000,171.000000,6522229.000000,38.000000
19009101.000000,249.000000,447.000000,353596.000000,212.000000,6876037.000000,29.000000
20029043.000000,212.000000,465.000000,366067.000000,229.000000,7242333.000000,12.000000
21008174.000000,229.000000,471.000000,345584.000000,289.000000,7588206.000000,21.000000
22013443.000000,238.000000,492.000000,355511.000000,283.000000,7944000.000000,17.000000
23003420.000000,231.000000,423.000000,349058.000000,220.000000,8293278.000000,12.000000
24023935.000000,205.000000,420.000000,359867.000000,315.000000,8653460.000000,3.000000
25016840.000000,215.000000,508.000000,349659.000000,290.000000,9003409.000000,17.000000
26071990.000000,247.000000,394.000000,371976.000000,309.000000,9375694.000000,9.000000
27008031.000000,225.000000,388.000000,330034.000000,235.000000,9705963.000000,4.000000
28014846.000000,207.000000,333.000000,355449.000000,221.000000,10061633.000000,9.000000
29034561.000000,232.000000,475.000000,360004.000000,246.000000,10421883.000000,7.000000
30079600.000000,243.000000,691.000000,369431.000000,264.000000,10791578.000000,5.000000
31000441.000000,226.000000,366.000000,323493.000000,350.000000,11115421.000000,10.000000
32007975.000000,256.000000,384.000000,356086.000000,367.000000,11471874.000000,20.000000
33019235.000000,210.000000,424.000000,356600.000000,393.000000,11828867.000000,3.000000
34094820.000000,267.000000,368.000000,380428.000000,344.000000,12209639.000000,7.000000
35000100.000000,247.000000,421.000000,320913.000000,171.000000,12530723.000000,30.000000
36013360.000000,244.000000,492.000000,358708.000000,194.000000,12889625.000000,37.000000
37003230.000000,210.000000,462.000000,351641.000000,185.000000,13241451.000000,14.000000
38004594.000000,252.000000,465.000000,353063.000000,232.000000,13594746.000000,22.000000
39009094.000000,285.000000,348.000000,355931.000000,166.000000,13950843.000000,40.000000
40003896.000000,223.000000,391.000000,352527.000000,181.000000,14303551.000000,42.000000
41027190.000000,230.000000,452.000000,362847.000000,203.000000,14666601.000000,24.000000
42154730.000000,226.000000,496.000000,393568.000000,243.000000,15060412.000000,12.000000
43035584.000000,194.000000,371.000000,311730.000000,203.000000,15372345.000000,12.000000
44025607.000000,247.000000,392.000000,350499.000000,284.000000,15723128.000000,9.000000
45013241.000000,197.000000,454.000000,349921.000000,274.000000,16073323.000000,2.000000
46003334.000000,213.000000,346.000000,349529.000000,249.000000,16423101.000000,3.000000
47006352.000000,230.000000,413.000000,353937.000000,256.000000,16777294.000000,3.000000
48028833.000000,212.000000,474.000000,362951.000000,326.000000,17140571.000000,10.000000
49013249.000000,267.000000,414.000000,350885.000000,259.000000,17491715.000000,5.000000
50002637.000000,186.000000,406.000000,351415.000000,229.000000,17843359.000000,3.000000
51017194.000000,231.000000,366.000000,360512.000000,307.000000,18204178.000000,6.000000
52009299.000000,228.000000,340.000000,352834.000000,272.000000,18557284.000000,7.000000
53007379.000000,239.000000,441.000000,354188.000000,286.000000,18911758.000000,6.000000
54002440.000000,238.000000,437.000000,353647.000000,271.000000,19265676.000000,6.000000
55018837.000000,206.000000,454.000000,361259.000000,219.000000,19627154.000000,5.000000
56023326.000000,230.000000,475.000000,357690.000000,295.000000,19985139.000000,9.000000
57018380.000000,227.000000,452.000000,353410.000000,260.000000,20338809.000000,10.000000
58022051.000000,266.000000,328.000000,350806.000000,353.000000,20689968.000000,30.000000
59011014.000000,229.000000,400.000000,347002.000000,333.000000,21037303.000000,12.000000
60011794.000000,212.000000,597.000000,353527.000000,371.000000,21391201.000000,11.000000
61009956.000000,250.000000,453.000000,350795.000000,332.000000,21742328.000000,5.000000
62038150.000000,242.000000,496.000000,362355.000000,409.000000,22105092.000000,9.000000
63004727.000000,198.000000,286.000000,336815.000000,339.000000,22442246.000000,3.000000
64025917.000000,236.000000,243.000000,359888.000000,262.000000,22802396.000000,3.000000
65005206.000000,228.000000,426.000000,346573.000000,292.000000,23149261.000000,2.000000
66030786.000000,233.000000,289.000000,361930.000000,314.000000,23511505.000000,1.000000
67004644.000000,231.000000,488.000000,346244.000000,280.000000,23858029.000000,4.000000
68031284.000000,219.000000,340.000000,364034.000000,311.000000,24222374.000000,8.000000
69001352.000000,279.000000,409.000000,343769.000000,206.000000,24566349.000000,9.000000
70002899.000000,220.000000,382.000000,354958.000000,189.000000,24921496.000000,34.000000
71080472.000000,243.000000,530.000000,381856.000000,197.000000,25303549.000000,28.000000
72062792.000000,213.000000,362.000000,352114.000000,177.000000,25655840.000000,19.000000
73007746.000000,289.000000,628.000000,335631.000000,249.000000,25991720.000000,30.000000
74022894.000000,241.000000,302.000000,359758.000000,155.000000,26351633.000000,40.000000
75004253.000000,221.000000,375.000000,347791.000000,201.000000,26699625.000000,27.000000
76060514.000000,230.000000,505.000000,377050.000000,189.000000,27076864.000000,18.000000
77007196.000000,210.000000,268.000000,337441.000000,258.000000,27414563.000000,14.000000
78039884.000000,235.000000,306.000000,367146.000000,300.000000,27782009.000000,15.000000
79012595.000000,220.000000,421.000000,346473.000000,239.000000,28128721.000000,10.000000
80015969.000000,263.000000,523.000000,356207.000000,276.000000,28485204.000000,9.000000
81014746.000000,203.000000,336.000000,355285.000000,286.000000,28840775.000000,6.000000
82016929.000000,238.000000,422.000000,355622.000000,326.000000,29196723.000000,4.000000
83023985.000000,240.000000,333.000000,358048.000000,270.000000,29555041.000000,13.000000
84001827.000000,197.000000,320.000000,347610.000000,200.000000,29902851.000000,3.000000
85001266.000000,251.000000,471.000000,354831.000000,255.000000,30257937.000000,4.000000
86027709.000000,217.000000,459.000000,365697.000000,250.000000,30623884.000000,9.000000
87001362.000000,234.000000,287.000000,344871.000000,377.000000,30969132.000000,3.000000
88004149.000000,237.000000,330.000000,352692.000000,355.000000,31322179.000000,12.000000
89002913.000000,214.000000,317.000000,352313.000000,238.000000,31674730.000000,4.000000
90008955.000000,207.000000,388.000000,351838.000000,213.000000,32026781.000000,2.000000
91059491.000000,218.000000,379.000000,370507.000000,311.000000,32397599.000000,2.000000
92003709.000000,235.000000,343.000000,330297.000000,218.000000,32728114.000000,4.000000
93036009.000000,224.000000,575.000000,363673.000000,296.000000,33092083.000000,4.000000
94029916.000000,196.000000,306.000000,351169.000000,216.000000,33443468.000000,3.000000
95005155.000000,253.000000,459.000000,342828.000000,234.000000,33786530.000000,5.000000
96000812.000000,204.000000,442.000000,349931.000000,264.000000,34136725.000000,5.000000
97009608.000000,212.000000,298.000000,353832.000000,344.000000,34490901.000000,8.000000
98003588.000000,258.000000,387.000000,349795.000000,321.000000,34841017.000000,8.000000
99083365.000000,206.000000,371.000000,379499.000000,355.000000,35220871.000000,9.000000
100002990.000000,242.000000,741.000000,325715.000000,319.000000,35546905.000000,4.000000
101064216.000000,233.000000,471.000000,375824.000000,342.000000,35923071.000000,11.000000
102024531.000000,205.000000,414.000000,338068.000000,305.000000,36261444.000000,12.000000
103021980.000000,258.000000,466.000000,345379.000000,293.000000,36607116.000000,0.000000
104004701.000000,191.000000,455.000000,345938.000000,297.000000,36953351.000000,6.000000
105005133.000000,247.000000,501.000000,353324.000000,441.000000,37307116.000000,10.000000
106016518.000000,246.000000,477.000000,356088.000000,360.000000,37663564.000000,3.000000
107010257.000000,199.000000,374.000000,348923.000000,314.000000,38012801.000000,7.000000
108073627.000000,233.000000,559.000000,373632.000000,301.000000,38386734.000000,2.000000
109095367.000000,223.000000,419.000000,359575.000000,369.000000,38746678.000000,8.000000
110058118.000000,219.000000,422.000000,337730.000000,296.000000,39084704.000000,1.000000
111002880.000000,220.000000,419.000000,330651.000000,351.000000,39415706.000000,4.000000
112018483.000000,206.000000,350.000000,357405.000000,204.000000,39773315.000000,5.000000
113037218.000000,210.000000,328.000000,357603.000000,213.000000,40131131.000000,2.000000
114008016.000000,234.000000,337.000000,342187.000000,306.000000,40473624.000000,3.000000
115015035.000000,216.000000,331.000000,356709.000000,256.000000,40830589.000000,2.000000
116008060.000000,211.000000,360.000000,346166.000000,354.000000,41177109.000000,9.000000
117033181.000000,266.000000,484.000000,360974.000000,373.000000,41538456.000000,5.000000
118015783.000000,195.000000,413.000000,346743.000000,391.000000,41885590.000000,8.000000
119038641.000000,252.000000,382.000000,361073.000000,398.000000,42247061.000000,8.000000
120003794.000000,247.000000,524.000000,340251.000000,427.000000,42587739.000000,7.000000
121023178.000000,216.000000,366.000000,357494.000000,482.000000,42945715.000000,16.000000
122034900.000000,241.000000,446.000000,354023.000000,277.000000,43300015.000000,4.000000
123000888.000000,217.000000,351.000000,340475.000000,206.000000,43640696.000000,0.000000
124001258.000000,200.000000,459.000000,350182.000000,282.000000,43991160.000000,4.000000
125001199.000000,259.000000,677.000000,350503.000000,283.000000,44341946.000000,7.000000
126034457.000000,198.000000,381.000000,363851.000000,254.000000,44706051.000000,0.000000
127001463.000000,233.000000,492.000000,339789.000000,353.000000,45046193.000000,9.000000
128036464.000000,226.000000,445.000000,363141.000000,285.000000,45409619.000000,5.000000
129080412.000000,206.000000,548.000000,364762.000000,234.000000,45774615.000000,10.000000
130002174.000000,235.000000,308.000000,322144.000000,252.000000,46097011.000000,1.000000
131016580.000000,205.000000,459.000000,358885.000000,334.000000,46456230.000000,2.000000
132029056.000000,216.000000,525.000000,352920.000000,358.000000,46809508.000000,3.000000
133063670.000000,243.000000,507.000000,364716.000000,293.000000,47174517.000000,6.000000
134011393.000000,208.000000,308.000000,335407.000000,261.000000,47510185.000000,10.000000
135009038.000000,251.000000,470.000000,352935.000000,375.000000,47863495.000000,18.000000
136049853.000000,236.000000,565.000000,362794.000000,313.000000,48226602.000000,20.000000
137003787.000000,226.000000,532.000000,333687.000000,228.000000,48560517.000000,6.000000
138031649.000000,220.000000,478.000000,362046.000000,235.000000,48922798.000000,10.000000
139005725.000000,226.000000,444.000000,341023.000000,214.000000,49264035.000000,15.000000
140046675.000000,208.000000,339.000000,368004.000000,219.000000,49632258.000000,4.000000
141048592.000000,220.000000,389.000000,347392.000000,238.000000,49979888.000000,8.000000
142000295.000000,222.000000,462.000000,334867.000000,254.000000,50315009.000000,11.000000
143053739.000000,210.000000,333.000000,370095.000000,400.000000,50685504.000000,7.000000
144002466.000000,230.000000,292.000000,334594.000000,295.000000,51020393.000000,0.000000
145027877.000000,237.000000,492.000000,361563.000000,351.000000,51382307.000000,8.000000
146001309.000000,207.000000,377.000000,342143.000000,272.000000,51724722.000000,7.000000
147005925.000000,231.000000,366.000000,351336.000000,306.000000,52076364.000000,3.000000
148003182.000000,208.000000,433.000000,348238.000000,239.000000,52424841.000000,6.000000
149007140.000000,208.000000,393.000000,351164.000000,256.000000,52776261.000000,5.000000
150010701.000000,242.000000,354.000000,352193.000000,233.000000,53128687.000000,4.000000
151000991.000000,181.000000,348.000000,348244.000000,213.000000,53477144.000000,4.000000
152022230.000000,255.000000,465.000000,361534.000000,332.000000,53839010.000000,3.000000
153037674.000000,222.000000,459.000000,358060.000000,326.000000,54197396.000000,6.000000
154001397.000000,194.000000,279.000000,340944.000000,247.000000,54538587.000000,1.000000
155029100.000000,262.000000,449.000000,360857.000000,362.000000,54899806.000000,4.000000
156010039.000000,216.000000,361.000000,346940.000000,275.000000,55247021.000000,5.000000
157003417.000000,230.000000,371.000000,347945.000000,294.000000,55595260.000000,3.000000
158061111.000000,240.000000,388.000000,371515.000000,550.000000,55967325.000000,8.000000
159056768.000000,230.000000,309.000000,349473.000000,414.000000,56317212.000000,19.000000
160025237.000000,250.000000,557.000000,340798.000000,285.000000,56658295.000000,7.000000
161024222.000000,205.000000,453.000000,351927.000000,335.000000,57010557.000000,10.000000
162024037.000000,202.000000,353.000000,351770.000000,232.000000,57362559.000000,4.000000
163021556.000000,220.000000,440.000000,346427.000000,208.000000,57709194.000000,1.000000
164005800.000000,204.000000,331.000000,337479.000000,216.000000,58046889.000000,4.000000
165028413.000000,203.000000,386.000000,353704.000000,264.000000,58400857.000000,8.000000
166002844.000000,202.000000,416.000000,341970.000000,240.000000,58743067.000000,11.000000
167020907.000000,266.000000,389.000000,354154.000000,327.000000,59097548.000000,14.000000
168060062.000000,197.000000,504.000000,362229.000000,214.000000,59459991.000000,13.000000
169005699.000000,197.000000,415.000000,330889.000000,248.000000,59791128.000000,4.000000
170006693.000000,217.000000,479.000000,341977.000000,186.000000,60133291.000000,2.000000
171008147.000000,204.000000,417.000000,349990.000000,288.000000,60483569.000000,3.000000
172008910.000000,215.000000,425.000000,351562.000000,301.000000,60835432.000000,17.000000
173002063.000000,221.000000,345.000000,350538.000000,206.000000,61186176.000000,5.000000
174009869.000000,201.000000,482.000000,351110.000000,262.000000,61537548.000000,11.000000
175032694.000000,216.000000,454.000000,360325.000000,298.000000,61898171.000000,9.000000
176011255.000000,254.000000,496.000000,345328.000000,359.000000,62243858.000000,11.000000
177008835.000000,220.000000,330.000000,349846.000000,310.000000,62594014.000000,13.000000
178013572.000000,217.000000,322.000000,350978.000000,271.000000,62945263.000000,10.000000
179004614.000000,251.000000,732.000000,347136.000000,315.000000,63292714.000000,11.000000
180002067.000000,198.000000,342.000000,348503.000000,186.000000,63641403.000000,3.000000
181003547.000000,204.000000,378.000000,351309.000000,223.000000,63992935.000000,2.000000
182026331.000000,234.000000,417.000000,362323.000000,231.000000,64355489.000000,4.000000
183012102.000000,189.000000,373.000000,349413.000000,202.000000,64705104.000000,4.000000
184005973.000000,261.000000,415.000000,347541.000000,288.000000,65052933.000000,7.000000
185000018.000000,195.000000,437.000000,345960.000000,247.000000,65399140.000000,2.000000
186018450.000000,216.000000,526.000000,354793.000000,292.000000,65754225.000000,3.000000
187004487.000000,236.000000,535.000000,346496.000000,272.000000,66100993.000000,7.000000
188079894.000000,216.000000,508.000000,379722.000000,249.000000,66480964.000000,6.000000
189009230.000000,187.000000,416.000000,326899.000000,313.000000,66808176.000000,2.000000
190003160.000000,248.000000,383.000000,351757.000000,241.000000,67160174.000000,8.000000
191050225.000000,227.000000,433.000000,367768.000000,257.000000,67528199.000000,0.000000
192007017.000000,221.000000,358.000000,336757.000000,228.000000,67865184.000000,1.000000
193082165.000000,214.000000,393.000000,378888.000000,302.000000,68244374.000000,2.000000
194063454.000000,208.000000,462.000000,344532.000000,290.000000,68589196.000000,6.000000
195014635.000000,210.000000,461.000000,331906.000000,245.000000,68921347.000000,0.000000
196155496.000000,237.000000,570.000000,401837.000000,235.000000,69323419.000000,7.000000
197050158.000000,180.000000,236.000000,314383.000000,185.000000,69637987.000000,1.000000
198004897.000000,206.000000,345.000000,334861.000000,191.000000,69973039.000000,3.000000
199007723.000000,224.000000,296.000000,351536.000000,313.000000,70324888.000000,1.000000
200033492.000000,213.000000,328.000000,361003.000000,212.000000,70686103.000000,5.000000
201005169.000000,251.000000,683.000000,343682.000000,215.000000,71030000.000000,5.000000
202059861.000000,187.000000,290.000000,373006.000000,273.000000,71403279.000000,5.000000
203002162.000000,224.000000,457.000000,330718.000000,265.000000,71734262.000000,2.000000
204040600.000000,243.000000,389.000000,363783.000000,335.000000,72098380.000000,2.000000
205018649.000000,206.000000,440.000000,346501.000000,303.000000,72445184.000000,12.000000
206000020.000000,14925.000000,101414.000000,293366.000000,32804.000000,72771354.000000,32.000000
207002145.000000,48720.000000,288005.000000,322404.000000,80298.000000,73174056.000000,345.000000
208000137.000000,2014.000000,17830.000000,183041.000000,182122.000000,73539219.000000,935.000000
209000873.000000,1992.000000,17947.000000,187944.000000,181542.000000,73908705.000000,931.000000
210001346.000000,14875.000000,51424.000000,227496.000000,144113.000000,74280314.000000,971.000000
211000087.000000,1928.000000,18693.000000,193423.000000,180879.000000,74654616.000000,915.000000
212000036.000000,14914.000000,51023.000000,235828.000000,143042.000000,75033486.000000,1204.000000
213000747.000000,2132.000000,25307.000000,209038.000000,179444.000000,75421968.000000,1117.000000
214001942.000000,1905.000000,21344.000000,213287.000000,168221.000000,75803476.000000,911.000000
215003976.000000,14898.000000,55940.000000,258016.000000,133814.000000,76195306.000000,1391.000000
216007784.000000,1985.000000,24952.000000,235862.000000,168178.000000,76599346.000000,1036.000000
217000569.000000,1980.000000,24405.000000,230536.000000,169524.000000,76999406.000000,977.000000
218002065.000000,14831.000000,57827.000000,260980.000000,138551.000000,77398937.000000,1605.000000
219000412.000000,2036.000000,25879.000000,230148.000000,173540.000000,77802625.000000,1051.000000
220000103.000000,10669.000000,49228.000000,258511.000000,150549.000000,78211685.000000,1579.000000
221000973.000000,6172.000000,35472.000000,253568.000000,160289.000000,78625542.000000,1201.000000
222000317.000000,2059.000000,26183.000000,246273.000000,168062.000000,79039877.000000,1064.000000
223001155.000000,14940.000000,61307.000000,268758.000000,142589.000000,79451224.000000,1921.000000
224004459.000000,2145.000000,29733.000000,249851.000000,173238.000000,79874313.000000,1197.000000
225002188.000000,2104.000000,30136.000000,251475.000000,174994.000000,80300782.000000,1127.000000
226001728.000000,14829.000000,59336.000000,268952.000000,145619.000000,80715353.000000,1950.000000
227001996.000000,2011.000000,25744.000000,253977.000000,173609.000000,81142939.000000,1035.000000
228000104.000000,2182.000000,29723.000000,261243.000000,173810.000000,81577992.000000,1291.000000
229000023.000000,14780.000000,61251.000000,275718.000000,143678.000000,81997388.000000,2075.000000
230000003.000000,2533.000000,31122.000000,269925.000000,166345.000000,82433658.000000,1575.000000
231000477.000000,2471.000000,30446.000000,264385.000000,167906.000000,82865949.000000,1431.000000
232000362.000000,15128.000000,63363.000000,275034.000000,142553.000000,83283536.000000,2321.000000
233000188.000000,2576.000000,31147.000000,262763.000000,170067.000000,83716366.000000,1678.000000
234001323.000000,2292.000000,27404.000000,264705.000000,167903.000000,84148974.000000,1362.000000
235000074.000000,14852.000000,58421.000000,280009.000000,143469.000000,84572452.000000,2283.000000
236002330.000000,2112.000000,27105.000000,265916.000000,169155.000000,85007523.000000,1164.000000
237002490.000000,2056.000000,25500.000000,263770.000000,168704.000000,85439997.000000,1172.000000
238003054.000000,14666.000000,57472.000000,277145.000000,144233.000000,85861375.000000,2166.000000
239002757.000000,1977.000000,26616.000000,260593.000000,172354.000000,86294322.000000,1086.000000
240000029.000000,6689.000000,39939.000000,266582.000000,161398.000000,86722302.000000,1766.000000
241003535.000000,10419.000000,48052.000000,275449.000000,150169.000000,87147920.000000,1963.000000
242000607.000000,2271.000000,31940.000000,267907.000000,167182.000000,87583009.000000,1318.000000
243000001.000000,13776.000000,59417.000000,277357.000000,146985.000000,88007351.000000,2553.000000
244002116.000000,3581.000000,33051.000000,265776.000000,170765.000000,88443892.000000,1473.000000
245000387.000000,2170.000000,27020.000000,262676.000000,173017.000000,88879585.000000,1247.000000
246002895.000000,14898.000000,56486.000000,274966.000000,150137.000000,89304688.000000,2724.000000
247000623.000000,2150.000000,26253.000000,270582.000000,171823.000000,89747093.000000,1304.000000
248001022.000000,2495.000000,30317.000000,270420.000000,173774.000000,90191287.000000,1583.000000
249000361.000000,14708.000000,57023.000000,287749.000000,148557.000000,90627593.000000,2771.000000
250000308.000000,2165.000000,27802.000000,271898.000000,172712.000000,91072203.000000,1288.000000
251000575.000000,2111.000000,25956.000000,283421.000000,167824.000000,91523448.000000,1273.000000
252000267.000000,14527.000000,58573.000000,287209.000000,149462.000000,91960119.000000,2824.000000
253006088.000000,2153.000000,27032.000000,280192.000000,171455.000000,92411766.000000,1348.000000
254001402.000000,2074.000000,27009.000000,273357.000000,173112.000000,92858235.000000,1207.000000
255001051.000000,14488.000000,57891.000000,282049.000000,153171.000000,93293455.000000,2977.000000
256000832.000000,2232.000000,27589.000000,272454.000000,173162.000000,93739071.000000,1361.000000
257000301.000000,2382.000000,27595.000000,279893.000000,172584.000000,94191548.000000,1489.000000
258000390.000000,14684.000000,57179.000000,284533.000000,154300.000000,94630381.000000,3322.000000
259007808.000000,2247.000000,29104.000000,282023.000000,175729.000000,95088133.000000,1394.000000
260005526.000000,1941.000000,26897.000000,283822.000000,173069.000000,95545024.000000,1128.000000
261006946.000000,13567.000000,55364.000000,279291.000000,159240.000000,95983555.000000,3185.000000
262002541.000000,3224.000000,32998.000000,279745.000000,172449.000000,96435749.000000,1562.000000
263001304.000000,2588.000000,33589.000000,290704.000000,170101.000000,96896554.000000,1695.000000
264000038.000000,10060.000000,55149.000000,289238.000000,157001.000000,97342793.000000,3089.000000
265000388.000000,8478.000000,45818.000000,288742.000000,167997.000000,97799532.000000,3301.000000
266000935.000000,3495.000000,33103.000000,282263.000000,174044.000000,98255839.000000,2478.000000
267000011.000000,4354.000000,33308.000000,286790.000000,169797.000000,98712426.000000,1941.000000
268005003.000000,12399.000000,47160.000000,293899.000000,155512.000000,99161837.000000,3052.000000
269000395.000000,2323.000000,28214.000000,286955.000000,170844.000000,99619636.000000,1433.000000
270001863.000000,3021.000000,31136.000000,296069.000000,169256.000000,100084961.000000,2092.000000
271000877.000000,14532.000000,55499.000000,286593.000000,157333.000000,100528887.000000,4033.000000
272000005.000000,2150.000000,27708.000000,288232.000000,170585.000000,100987704.000000,1247.000000
273007185.000000,1913.000000,24487.000000,300313.000000,167396.000000,101455413.000000,1091.000000
274000013.000000,14156.000000,50586.000000,282980.000000,160386.000000,101898779.000000,3890.000000
275000310.000000,1890.000000,25377.000000,292370.000000,170898.000000,102362047.000000,1064.000000
276000088.000000,2029.000000,28038.000000,294871.000000,170345.000000,102827263.000000,1211.000000
277000064.000000,14132.000000,57015.000000,284827.000000,160708.000000,103272798.000000,4121.000000
278005252.000000,2143.000000,27869.000000,298222.000000,168051.000000,103739071.000000,1252.000000
279001481.000000,2094.000000,27971.000000,298147.000000,166751.000000,104203969.000000,1303.000000
280000490.000000,14063.000000,56955.000000,286429.000000,160581.000000,104650979.000000,4405.000000
281000108.000000,2508.000000,31696.000000,297821.000000,169469.000000,105118269.000000,1621.000000
282001624.000000,1961.000000,25362.000000,295059.000000,168833.000000,105582161.000000,1063.000000
283000032.000000,13435.000000,48527.000000,288994.000000,161536.000000,106032691.000000,4409.000000
284002411.000000,2458.000000,24763.000000,299213.000000,167465.000000,106499369.000000,1198.000000
285002981.000000,2103.000000,27911.000000,291164.000000,175957.000000,106966490.000000,1269.000000
286000002.000000,8725.000000,42140.000000,296345.000000,160036.000000,107422871.000000,3212.000000
287000810.000000,7645.000000,34810.000000,288803.000000,171556.000000,107883230.000000,3373.000000
288004229.000000,2444.000000,29255.000000,295165.000000,171386.000000,108349781.000000,1573.000000
289002100.000000,2828.000000,29475.000000,298980.000000,165618.000000,108814379.000000,1918.000000
290000594.000000,14020.000000,51235.000000,287262.000000,162372.000000,109264013.000000,5259.000000
291000158.000000,2472.000000,28493.000000,296402.000000,168456.000000,109728871.000000,1622.000000
292000243.000000,2085.000000,26910.000000,296797.000000,170962.000000,110196630.000000,1277.000000
293000441.000000,13094.000000,48625.000000,277565.000000,172070.000000,110646265.000000,4683.000000
294005432.000000,1894.000000,24488.000000,296661.000000,172897.000000,111115823.000000,1037.000000
295000272.000000,2109.000000,28406.000000,294710.000000,170129.000000,111580662.000000,1200.000000
296001681.000000,13120.000000,47150.000000,285904.000000,167244.000000,112033810.000000,4938.000000
297002525.000000,1916.000000,25191.000000,297406.000000,172093.000000,112503309.000000,1058.000000
298000599.000000,1937.000000,23560.000000,285298.000000,172014.000000,112960621.000000,1171.000000
299000034.000000,12755.000000,43101.000000,280099.000000,164719.000000,113405439.000000,4732.000000
300000117.000000,2158.000000,26349.000000,295477.000000,169678.000000,113870594.000000,1255.000000
301000125.000000,2257.000000,30274.000000,294089.000000,170279.000000,114334962.000000,1347.000000
302001579.000000,12546.000000,44225.000000,283999.000000,169898.000000,114788859.000000,4670.000000
303001335.000000,1945.000000,25201.000000,294254.000000,171007.000000,115254120.000000,1137.000000
304000452.000000,2187.000000,29009.000000,287771.000000,172223.000000,115714114.000000,1307.000000
305004922.000000,12502.000000,48159.000000,287256.000000,169335.000000,116170705.000000,4847.000000
306000908.000000,2261.000000,28113.000000,296141.000000,169535.000000,116636381.000000,1397.000000
307002933.000000,2168.000000,25760.000000,295376.000000,173015.000000,117104772.000000,1289.000000
308014899.000000,11298.000000,43297.000000,293813.000000,173034.000000,117571619.000000,4489.000000
309000154.000000,2835.000000,27999.000000,286762.000000,172412.000000,118030793.000000,1196.000000
310000026.000000,2264.000000,25720.000000,302753.000000,168639.000000,118502185.000000,1394.000000
311000325.000000,2292.000000,29780.000000,305803.000000,167890.000000,118975878.000000,1432.000000
312000108.000000,11904.000000,43031.000000,291708.000000,166262.000000,119433848.000000,4289.000000
313000025.000000,2136.000000,25920.000000,304970.000000,168197.000000,119907015.000000,1277.000000
314000428.000000,1937.000000,21314.000000,297912.000000,167791.000000,120372718.000000,1173.000000
315002106.000000,11602.000000,40596.000000,284865.000000,170818.000000,120828401.000000,4188.000000
316000379.000000,2071.000000,24553.000000,299240.000000,170864.000000,121298505.000000,1200.000000
317003627.000000,1858.000000,23900.000000,299955.000000,170766.000000,121769226.000000,1002.000000
318000070.000000,11459.000000,43969.000000,282070.000000,171971.000000,122223267.000000,4128.000000
319000650.000000,1909.000000,28313.000000,300517.000000,172438.000000,122696222.000000,1059.000000
320000874.000000,1921.000000,25762.000000,297073.000000,173762.000000,123167057.000000,1081.000000
321005452.000000,11173.000000,41052.000000,291488.000000,171861.000000,123630406.000000,4026.000000
322004900.000000,1786.000000,23830.000000,298767.000000,168299.000000,124097472.000000,991.000000
323000443.000000,2053.000000,26948.000000,300424.000000,168985.000000,124566881.000000,1205.000000
324008422.000000,10052.000000,42662.000000,294190.000000,169788.000000,125030859.000000,3893.000000
325001800.000000,2665.000000,26536.000000,294601.000000,169328.000000,125494788.000000,1069.000000
326000505.000000,1954.000000,25257.000000,299296.000000,167474.000000,125961558.000000,1095.000000
327000010.000000,5052.000000,32541.000000,303573.000000,167032.000000,126432163.000000,2439.000000
328005435.000000,7768.000000,36457.000000,293197.000000,173693.000000,126899053.000000,2794.000000
329000112.000000,1729.000000,25149.000000,304281.000000,167896.000000,127371230.000000,972.000000
330000846.000000,1970.000000,28608.000000,308769.000000,169616.000000,127849615.000000,1121.000000
331002353.000000,10902.000000,41409.000000,286921.000000,175331.000000,128311867.000000,4386.000000
332002494.000000,1868.000000,26178.000000,302791.000000,174757.000000,128789415.000000,1078.000000
333001350.000000,1952.000000,26260.000000,307647.000000,173485.000000,129270547.000000,1151.000000
334001674.000000,10567.000000,41813.000000,293059.000000,175267.000000,129738873.000000,4339.000000
335001800.000000,2372.000000,29708.000000,313079.000000,168671.000000,130220623.000000,1571.000000
336002476.000000,2184.000000,30883.000000,311008.000000,168978.000000,130700609.000000,1329.000000
337000607.000000,11152.000000,44616.000000,292038.000000,172303.000000,131164950.000000,5047.000000
338000288.000000,3205.000000,33965.000000,317639.000000,165585.000000,131648174.000000,2166.000000
339002256.000000,2251.000000,26988.000000,321176.000000,163572.000000,132132922.000000,1353.000000
340000946.000000,10274.000000,34667.000000,292491.000000,166321.000000,132591734.000000,4539.000000
341000243.000000,1891.000000,26011.000000,320997.000000,161953.000000,133074684.000000,1075.000000
342000234.000000,2282.000000,27390.000000,315512.000000,165121.000000,133555317.000000,1464.000000
343000120.000000,9407.000000,42021.000000,312289.000000,161899.000000,134029505.000000,4822.000000
344004847.000000,3116.000000,22120.000000,305177.000000,171041.000000,134505723.000000,1230.000000
345004482.000000,2074.000000,27966.000000,321164.000000,160954.000000,134987841.000000,1264.000000
346000509.000000,2044.000000,25575.000000,318772.000000,164518.000000,135471131.000000,1260.000000
347000323.000000,10390.000000,38992.000000,299155.000000,170642.000000,135940928.000000,4871.000000
348001208.000000,2643.000000,35760.000000,317797.000000,164574.000000,136423299.000000,1749.000000
349008904.000000,2287.000000,27665.000000,326154.000000,161299.000000,136910752.000000,1425.000000
350000882.000000,10024.000000,35222.000000,290472.000000,168110.000000,137369334.000000,4673.000000
351000588.000000,1838.000000,26782.000000,318989.000000,157826.000000,137846149.000000,1053.000000
352001501.000000,1841.000000,27224.000000,319673.000000,162951.000000,138328773.000000,1047.000000
353003543.000000,9625.000000,38376.000000,299778.000000,173060.000000,138801611.000000,5033.000000
354001001.000000,2984.000000,31655.000000,312782.000000,165406.000000,139279799.000000,1422.000000
355000062.000000,1664.000000,24001.000000,315954.000000,156942.000000,139752695.000000,962.000000
356000588.000000,1820.000000,24447.000000,321096.000000,162156.000000,140235947.000000,1023.000000
357001684.000000,10005.000000,37315.000000,299278.000000,171786.000000,140707011.000000,4795.000000
358006017.000000,2016.000000,25677.000000,320666.000000,166503.000000,141194180.000000,1220.000000
359000651.000000,1784.000000,24563.000000,313776.000000,169005.000000,141676961.000000,987.000000
360000123.000000,9860.000000,38004.000000,297862.000000,175968.000000,142150791.000000,4858.000000
361000650.000000,1815.000000,25014.000000,325367.000000,158023.000000,142634181.000000,1095.000000
362003904.000000,2281.000000,29683.000000,325466.000000,162107.000000,143121754.000000,1405.000000
363034946.000000,9186.000000,39084.000000,317429.000000,175949.000000,143615132.000000,5033.000000
364000124.000000,2805.000000,26770.000000,303943.000000,163357.000000,144082432.000000,1244.000000
365001102.000000,1846.000000,29716.000000,319846.000000,164118.000000,144566396.000000,1107.000000
366003017.000000,1745.000000,23136.000000,325625.000000,160112.000000,145052133.000000,1003.000000
367005703.000000,9190.000000,34664.000000,301976.000000,173718.000000,145527827.000000,4511.000000
368000703.000000,1698.000000,24676.000000,322086.000000,161388.000000,146011301.000000,907.000000
369002013.000000,1887.000000,26173.000000,323582.000000,166880.000000,146501763.000000,1100.000000
370000177.000000,9204.000000,34337.000000,295738.000000,179219.000000,146976720.000000,4533.000000
371001838.000000,1647.000000,22116.000000,321032.000000,164170.000000,147461922.000000,932.000000
372001506.000000,1814.000000,22829.000000,326919.000000,161249.000000,147950090.000000,1086.000000
373039793.000000,8347.000000,34475.000000,314633.000000,175172.000000,148439895.000000,4465.000000
374003720.000000,2421.000000,23850.000000,295227.000000,154830.000000,148889952.000000,916.000000
375008722.000000,1556.000000,22661.000000,310910.000000,158232.000000,149359094.000000,844.000000
376009041.000000,1619.000000,24188.000000,311241.000000,162921.000000,149833256.000000,838.000000
377000084.000000,8738.000000,30932.000000,287876.000000,170892.000000,150292024.000000,4308.000000
378001842.000000,1550.000000,21766.000000,317714.000000,160641.000000,150770379.000000,899.000000
379002884.000000,1922.000000,24819.000000,335307.000000,155950.000000,151261636.000000,1106.000000
380000670.000000,8833.000000,34011.000000,306648.000000,168944.000000,151737228.000000,4592.000000
381000004.000000,1698.000000,21884.000000,318628.000000,165098.000000,152220954.000000,944.000000
382001102.000000,1576.000000,22674.000000,315388.000000,164691.000000,152701033.000000,838.000000
383003199.000000,4662.000000,25088.000000,302914.000000,171657.000000,153175604.000000,2622.000000
384007544.000000,5614.000000,26775.000000,313655.000000,167680.000000,153656939.000000,2778.000000
385000981.000000,1632.000000,23190.000000,315425.000000,163469.000000,154135833.000000,905.000000
386008112.000000,1859.000000,25724.000000,320934.000000,166780.000000,154623547.000000,959.000000
387000183.000000,8658.000000,33314.000000,291189.000000,183172.000000,155097908.000000,4642.000000
388007336.000000,1496.000000,20162.000000,308320.000000,171620.000000,155577848.000000,826.000000
389070380.000000,1730.000000,22533.000000,334911.000000,174560.000000,156087319.000000,982.000000
390000043.000000,1660.000000,21686.000000,299911.000000,147031.000000,156534261.000000,864.000000
391000358.000000,8501.000000,32271.000000,303386.000000,173990.000000,157011637.000000,4765.000000
392000283.000000,1865.000000,26224.000000,327176.000000,163134.000000,157501947.000000,938.000000
393000522.000000,1943.000000,26539.000000,330486.000000,163357.000000,157995790.000000,1058.000000
394002303.000000,8273.000000,33918.000000,297662.000000,182736.000000,158476188.000000,4674.000000
395001904.000000,1893.000000,28133.000000,323871.000000,165948.000000,158966007.000000,1048.000000
396026154.000000,1581.000000,20128.000000,317388.000000,169912.000000,159453307.000000,855.000000
397001293.000000,1564.000000,20610.000000,317169.000000,154075.000000,159924551.000000,813.000000
398000053.000000,7846.000000,28976.000000,296440.000000,181930.000000,160402921.000000,4401.000000
399000145.000000,1731.000000,22126.000000,325340.000000,164075.000000,160892336.000000,859.000000
400002097.000000,1564.000000,23387.000000,322792.000000,169313.000000,161384441.000000,749.000000
401000738.000000,7228.000000,25493.000000,290814.000000,185601.000000,161860856.000000,4103.000000
402003508.000000,1684.000000,23646.000000,325475.000000,158928.000000,162345259.000000,955.000000
403001063.000000,1633.000000,23207.000000,328661.000000,159464.000000,162833384.000000,860.000000
404016963.000000,6322.000000,27205.000000,307517.000000,186659.000000,163327560.000000,3846.000000
405000893.000000,2455.000000,23843.000000,315158.000000,166500.000000,163809218.000000,1001.000000
406002624.000000,1719.000000,23437.000000,329832.000000,163250.000000,164302300.000000,894.000000
407000508.000000,1718.000000,22566.000000,326279.000000,164850.000000,164793429.000000,899.000000
408000009.000000,6777.000000,26743.000000,300593.000000,178091.000000,165272113.000000,3826.000000
409000031.000000,1888.000000,23893.000000,322469.000000,161370.000000,165755952.000000,1159.000000
410007699.000000,1596.000000,22320.000000,322360.000000,164388.000000,166242700.000000,890.000000
411002074.000000,6517.000000,28278.000000,301952.000000,179074.000000,166723726.000000,3756.000000
412000311.000000,1636.000000,22059.000000,324948.000000,162166.000000,167210840.000000,908.000000
413001761.000000,1475.000000,21668.000000,324466.000000,166305.000000,167701611.000000,760.000000
414001113.000000,1609.000000,24980.000000,333158.000000,159992.000000,168194761.000000,882.000000
415000154.000000,6134.000000,28217.000000,308078.000000,177235.000000,168680074.000000,3499.000000
416001663.000000,1972.000000,26249.000000,320248.000000,169686.000000,169170008.000000,1216.000000
417001268.000000,1999.000000,26514.000000,338243.000000,160131.000000,169668382.000000,1156.000000
418015770.000000,5268.000000,23515.000000,303362.000000,182272.000000,170154016.000000,3238.000000
419005670.000000,2665.000000,25671.000000,315530.000000,166274.000000,170635820.000000,1182.000000
420005095.000000,1778.000000,21340.000000,340127.000000,152862.000000,171128809.000000,998.000000
421000312.000000,1339.000000,17661.000000,315088.000000,165937.000000,171609834.000000,735.000000
422004942.000000,6219.000000,24485.000000,313637.000000,175543.000000,172099014.000000,3549.000000
423001066.000000,1575.000000,18897.000000,318738.000000,163433.000000,172581185.000000,811.000000
424000098.000000,1769.000000,22646.000000,329296.000000,163042.000000,173073523.000000,943.000000
425001510.000000,1671.000000,22611.000000,335026.000000,161664.000000,173570213.000000,849.000000
426000429.000000,5795.000000,21884.000000,293164.000000,182666.000000,174046043.000000,3280.000000
427004007.000000,1555.000000,21249.000000,325068.000000,159834.000000,174530945.000000,879.000000
428001336.000000,1932.000000,26258.000000,330259.000000,160413.000000,175021617.000000,1132.000000
429007993.000000,2760.000000,20383.000000,308181.000000,185834.000000,175515632.000000,1809.000000
430001778.000000,4662.000000,28756.000000,323389.000000,164716.000000,176003737.000000,2347.000000
431006000.000000,1586.000000,23508.000000,335231.000000,160161.000000,176499129.000000,787.000000
432002245.000000,1532.000000,20567.000000,323045.000000,160257.000000,176982431.000000,865.000000
433005561.000000,5363.000000,24463.000000,297916.000000,183493.000000,177463840.000000,3054.000000
434001023.000000,1547.000000,24095.000000,325488.000000,160892.000000,177950220.000000,879.000000
435002016.000000,1424.000000,19181.000000,314677.000000,164815.000000,178429712.000000,753.000000
436000103.000000,2079.000000,25633.000000,338370.000000,156406.000000,178924488.000000,1248.000000
437003587.000000,5579.000000,26176.000000,315533.000000,178205.000000,179418226.000000,3215.000000
438000797.000000,1740.000000,24458.000000,324584.000000,161713.000000,179904523.000000,1056.000000
439001407.000000,1514.000000,21145.000000,324811.000000,161997.000000,180391331.000000,815.000000
440000637.000000,1698.000000,21292.000000,329328.000000,162408.000000,180883067.000000,992.000000
441000093.000000,5279.000000,22355.000000,294143.000000,181283.000000,181358493.000000,3056.000000
442000463.000000,1711.000000,21659.000000,339862.000000,159571.000000,181857926.000000,921.000000
443000628.000000,1613.000000,20377.000000,325425.000000,159958.000000,182343309.000000,914.000000
444000323.000000,5154.000000,25899.000000,316220.000000,160324.000000,182819853.000000,2853.000000
445005127.000000,1283.000000,16978.000000,300514.000000,183388.000000,183303755.000000,687.000000
446002240.000000,1406.000000,19840.000000,326390.000000,155660.000000,183785805.000000,746.000000
447002995.000000,1453.000000,20983.000000,326143.000000,158196.000000,184270144.000000,730.000000
448001256.000000,4833.000000,21111.000000,298464.000000,181678.000000,184750286.000000,2869.000000
449001385.000000,1450.000000,20536.000000,323322.000000,163768.000000,185237376.000000,759.000000
450000312.000000,1616.000000,23317.000000,327794.000000,163074.000000,185728244.000000,844.000000
451006010.000000,1528.000000,23108.000000,328629.000000,163152.000000,186220025.000000,830.000000
452001554.000000,4603.000000,20170.000000,302561.000000,181022.000000,186703608.000000,2836.000000
453000316.000000,1550.000000,21783.000000,331620.000000,159111.000000,187194339.000000,800.000000
454001085.000000,1614.000000,22353.000000,332912.000000,162196.000000,187689447.000000,858.000000
455002287.000000,4167.000000,19393.000000,302646.000000,188753.000000,188180846.000000,2573.000000
456000007.000000,1528.000000,22288.000000,330505.000000,162815.000000,188674166.000000,838.000000
457001527.000000,1362.000000,22027.000000,330210.000000,158921.000000,189163297.000000,702.000000
458000942.000000,1432.000000,21395.000000,331070.000000,154846.000000,189649213.000000,762.000000
459001133.000000,3547.000000,19586.000000,302749.000000,185038.000000,190137000.000000,2220.000000
460002025.000000,1486.000000,20463.000000,329607.000000,161240.000000,190627847.000000,773.000000
461003031.000000,1482.000000,19901.000000,325983.000000,162744.000000,191116574.000000,794.000000
462002597.000000,2893.000000,16735.000000,290129.000000,188339.000000,191595042.000000,1816.000000
463000626.000000,1567.000000,20811.000000,323082.000000,157478.000000,192075602.000000,877.000000
464000794.000000,1577.000000,22017.000000,334577.000000,151121.000000,192561300.000000,876.000000
465004251.000000,1253.000000,16891.000000,312434.000000,164317.000000,193038051.000000,710.000000
466000989.000000,3038.000000,18571.000000,305178.000000,182766.000000,193525995.000000,1964.000000
467007140.000000,1400.000000,17727.000000,314679.000000,165602.000000,194006276.000000,743.000000
468000013.000000,1510.000000,20583.000000,302262.000000,170486.000000,194479024.000000,935.000000
469001688.000000,1798.000000,23362.000000,346974.000000,153801.000000,194979799.000000,1052.000000
470000327.000000,2802.000000,20947.000000,309677.000000,178839.000000,195468315.000000,1824.000000
471004552.000000,1904.000000,23874.000000,347573.000000,150029.000000,195965917.000000,1106.000000
472000893.000000,1783.000000,21590.000000,340505.000000,156644.000000,196463066.000000,971.000000
473009052.000000,1630.000000,22617.000000,337452.000000,160123.000000,196960641.000000,898.000000
474000334.000000,2867.000000,19542.000000,307850.000000,181330.000000,197449821.000000,1811.000000
475001724.000000,1848.000000,24123.000000,342188.000000,158267.000000,197950276.000000,1044.000000
476002254.000000,1739.000000,23184.000000,340589.000000,153100.000000,198443965.000000,997.000000
477000691.000000,1288.000000,16863.000000,310636.000000,165518.000000,198920119.000000,676.000000
478002317.000000,2986.000000,23330.000000,315312.000000,176605.000000,199412036.000000,1950.000000
479000143.000000,1401.000000,17960.000000,321531.000000,162341.000000,199895908.000000,750.000000
480003542.000000,1651.000000,21380.000000,336954.000000,160989.000000,200393851.000000,856.000000
481000033.000000,2910.000000,21409.000000,311583.000000,185709.000000,200891143.000000,1874.000000
482000754.000000,1788.000000,23071.000000,339421.000000,154519.000000,201385083.000000,935.000000
483000158.000000,1882.000000,25193.000000,341187.000000,156779.000000,201883049.000000,1044.000000
484000262.000000,1496.000000,19431.000000,324743.000000,164271.000000,202372063.000000,776.000000
485001681.000000,2592.000000,19207.000000,297585.000000,188792.000000,202858440.000000,1553.000000
486002225.000000,1518.000000,18404.000000,315044.000000,169218.000000,203342702.000000,830.000000
487000002.000000,1444.000000,17946.000000,322400.000000,164451.000000,203829553.000000,706.000000
488000481.000000,1743.000000,20024.000000,337723.000000,160079.000000,204327355.000000,902.000000
489000464.000000,1710.000000,15500.000000,308486.000000,182858.000000,204818699.000000,978.000000
490000687.000000,2368.000000,22982.000000,334975.000000,160334.000000,205314008.000000,1305.000000
491001276.000000,1670.000000,25164.000000,343023.000000,155529.000000,205812560.000000,877.000000
492003942.000000,1581.000000,22188.000000,329434.000000,165758.000000,206307752.000000,841.000000
493001139.000000,2528.000000,18031.000000,305478.000000,189142.000000,206802372.000000,1566.000000
494000212.000000,1370.000000,18880.000000,322632.000000,168479.000000,207293483.000000,720.000000
495004029.000000,1545.000000,19537.000000,333307.000000,161020.000000,207787810.000000,858.000000
496001008.000000,1716.000000,21956.000000,341150.000000,156056.000000,208285016.000000,929.000000
497000059.000000,2324.000000,16191.000000,297171.000000,188311.000000,208770498.000000,1404.000000
498001065.000000,1693.000000,22417.000000,344028.000000,152828.000000,209267354.000000,881.000000
499000835.000000,1438.000000,17802.000000,308374.000000,173657.000000,209749385.000000,816.000000
500001705.000000,1499.000000,17484.000000,322877.000000,170123.000000,210242385.000000,804.000000
501000415.000000,2264.000000,15230.000000,292536.000000,195263.000000,210730184.000000,1364.000000
502000722.000000,2074.000000,24349.000000,341442.000000,164232.000000,211235858.000000,1214.000000
503000682.000000,1712.000000,20237.000000,324154.000000,167023.000000,211727035.000000,966.000000
504000141.000000,1780.000000,23060.000000,343889.000000,157371.000000,212228295.000000,1050.000000
505002235.000000,2304.000000,19514.000000,314420.000000,185491.000000,212728206.000000,1356.000000
506005336.000000,1718.000000,20699.000000,340055.000000,163498.000000,213231759.000000,955.000000
507001586.000000,1762.000000,21631.000000,332089.000000,165078.000000,213728926.000000,935.000000
508045909.000000,1869.000000,22529.000000,338782.000000,188648.000000,214256356.000000,1219.000000
509005558.000000,2281.000000,20901.000000,318497.000000,155683.000000,214730536.000000,1266.000000
510000348.000000,1676.000000,22816.000000,340356.000000,158728.000000,215229620.000000,892.000000
511000273.000000,1640.000000,21335.000000,337530.000000,159892.000000,215727042.000000,846.000000
512087465.000000,2077.000000,16709.000000,327516.000000,202349.000000,216256907.000000,1226.000000
513000590.000000,1676.000000,21793.000000,306183.000000,150486.000000,216713576.000000,922.000000
514000476.000000,1657.000000,21186.000000,338563.000000,163791.000000,217215930.000000,813.000000
515001684.000000,1539.000000,23093.000000,329749.000000,162243.000000,217707922.000000,867.000000
516001758.000000,2084.000000,17582.000000,298831.000000,188227.000000,218194980.000000,1248.000000
517000185.000000,2027.000000,27601.000000,343021.000000,156602.000000,218694603.000000,1235.000000
518000189.000000,1846.000000,24858.000000,341766.000000,156182.000000,219192551.000000,1055.000000
519045988.000000,1497.000000,18533.000000,336731.000000,188979.000000,219718261.000000,811.000000
520001615.000000,2364.000000,22629.000000,322810.000000,161445.000000,220202516.000000,1336.000000
521000255.000000,1638.000000,23145.000000,343848.000000,156977.000000,220703341.000000,869.000000
522000875.000000,1838.000000,24993.000000,338568.000000,160392.000000,221202301.000000,1076.000000
523000022.000000,2115.000000,20129.000000,312400.000000,185622.000000,221700323.000000,1286.000000
524000326.000000,1583.000000,18805.000000,328598.000000,161268.000000,222190189.000000,852.000000
525000366.000000,1151.000000,14776.000000,309053.000000,170327.000000,222669569.000000,585.000000
526004665.000000,1902.000000,27541.000000,344056.000000,162797.000000,223176422.000000,1001.000000
527001509.000000,2093.000000,18467.000000,297159.000000,189253.000000,223662834.000000,1290.000000
528001368.000000,1497.000000,20071.000000,329590.000000,163561.000000,224155985.000000,796.000000
529000368.000000,1297.000000,18272.000000,318138.000000,167924.000000,224642047.000000,676.000000
530001585.000000,2034.000000,25143.000000,346701.000000,156680.000000,225145428.000000,1214.000000
531000042.000000,2212.000000,18820.000000,317444.000000,183753.000000,225646625.000000,1307.000000
532001286.000000,1807.000000,22507.000000,342047.000000,162030.000000,226150702.000000,1004.000000
533000868.000000,2050.000000,27012.000000,348029.000000,155646.000000,226654377.000000,1253.000000
534004224.000000,2673.000000,26217.000000,316361.000000,185906.000000,227156644.000000,1694.000000
535000068.000000,1971.000000,27066.000000,343026.000000,155451.000000,227655121.000000,1186.000000
536004375.000000,1653.000000,21692.000000,333495.000000,159962.000000,228148578.000000,962.000000
537065845.000000,2072.000000,24579.000000,351751.000000,180108.000000,228680437.000000,1221.000000
538002650.000000,1813.000000,18621.000000,295111.000000,171331.000000,229146879.000000,973.000000
539001145.000000,1786.000000,25564.000000,324631.000000,168337.000000,229639847.000000,1032.000000
540000344.000000,1918.000000,25547.000000,343413.000000,159724.000000,230142984.000000,1157.000000
541001677.000000,2008.000000,17397.000000,310608.000000,185716.000000,230639308.000000,1159.000000
542000019.000000,1546.000000,20698.000000,341275.000000,161401.000000,231141984.000000,774.000000
543005166.000000,2089.000000,27803.000000,349665.000000,158331.000000,231649980.000000,1143.000000
544039858.000000,2092.000000,26399.000000,349543.000000,171318.000000,232170841.000000,1238.000000
545004764.000000,1929.000000,18817.000000,311291.000000,170067.000000,232652199.000000,1073.000000
546000557.000000,2065.000000,27191.000000,344777.000000,155415.000000,233152391.000000,1229.000000
547001168.000000,1918.000000,25134.000000,348613.000000,158390.000000,233659394.000000,1157.000000
548006344.000000,2411.000000,21513.000000,315950.000000,187582.000000,234162926.000000,1538.000000
549001125.000000,2074.000000,25883.000000,337623.000000,162541.000000,234663090.000000,1185.000000
550008220.000000,1933.000000,23173.000000,342700.000000,162220.000000,235168010.000000,1067.000000
551003930.000000,2349.000000,28644.000000,341158.000000,161552.000000,235670720.000000,1413.000000
552000937.000000,2155.000000,20677.000000,318499.000000,182797.000000,236172016.000000,1280.000000
553000916.000000,1807.000000,27560.000000,343165.000000,161149.000000,236676330.000000,985.000000
554001995.000000,1811.000000,25859.000000,337735.000000,167746.000000,237181811.000000,1044.000000
555001366.000000,2341.000000,20851.000000,312896.000000,187119.000000,237681826.000000,1411.000000
556000750.000000,1926.000000,25686.000000,340448.000000,166630.000000,238188904.000000,1075.000000
557008803.000000,1819.000000,23600.000000,340915.000000,169644.000000,238699463.000000,976.000000
558000319.000000,2105.000000,26855.000000,338642.000000,166555.000000,239204660.000000,1215.000000
559003799.000000,2219.000000,20306.000000,319049.000000,188619.000000,239712328.000000,1329.000000
560021475.000000,1462.000000,21149.000000,339208.000000,166300.000000,240217836.000000,823.000000
561057379.000000,1709.000000,26525.000000,343340.000000,167516.000000,240728692.000000,962.000000
562001560.000000,1964.000000,18234.000000,288939.000000,181753.000000,241199384.000000,1203.000000
563001030.000000,1828.000000,25222.000000,346084.000000,153972.000000,241699440.000000,1061.000000
564004308.000000,1733.000000,25777.000000,347526.000000,157191.000000,242204157.000000,966.000000
565007336.000000,2313.000000,24588.000000,336806.000000,169820.000000,242710783.000000,1387.000000
566001069.000000,1493.000000,21741.000000,329670.000000,172682.000000,243213135.000000,789.000000
567000040.000000,1894.000000,25438.000000,340334.000000,165167.000000,243718636.000000,1091.000000
568000149.000000,1719.000000,22263.000000,344572.000000,161285.000000,244224493.000000,924.000000
569007336.000000,1986.000000,18341.000000,323012.000000,187137.000000,244734642.000000,1162.000000
570006444.000000,1675.000000,22353.000000,348420.000000,160017.000000,245243079.000000,891.000000
571000532.000000,1823.000000,23483.000000,337735.000000,161184.000000,245741998.000000,1063.000000
572000556.000000,2115.000000,20165.000000,320105.000000,185134.000000,246247237.000000,1331.000000
573000429.000000,1875.000000,23304.000000,344424.000000,161617.000000,246753278.000000,1111.000000
574000557.000000,1739.000000,24166.000000,344815.000000,164686.000000,247262779.000000,927.000000
575001138.000000,1848.000000,23898.000000,343887.000000,159229.000000,247765895.000000,1022.000000
576001081.000000,1967.000000,19500.000000,318243.000000,181983.000000,248266121.000000,1160.000000
577003388.000000,1730.000000,24378.000000,348219.000000,159131.000000,248773471.000000,909.000000
578000282.000000,1762.000000,25474.000000,345335.000000,159907.000000,249278713.000000,1009.000000
579000059.000000,2276.000000,19395.000000,321210.000000,187401.000000,249787324.000000,1420.000000
580000459.000000,1952.000000,24454.000000,344289.000000,163348.000000,250294961.000000,1120.000000
581000361.000000,2139.000000,25593.000000,347583.000000,159659.000000,250802203.000000,1296.000000
582000099.000000,1684.000000,22740.000000,343947.000000,163836.000000,251309986.000000,881.000000
583000163.000000,1996.000000,19164.000000,316685.000000,191649.000000,251818320.000000,1214.000000
584000066.000000,1554.000000,23453.000000,347825.000000,165277.000000,252331422.000000,809.000000
585000135.000000,1738.000000,24122.000000,346591.000000,164249.000000,252842262.000000,894.000000
586001363.000000,2056.000000,19174.000000,318892.000000,192212.000000,253353366.000000,1228.000000
587000355.000000,1866.000000,23227.000000,345077.000000,162792.000000,253861235.000000,1042.000000
588001714.000000,1966.000000,26603.000000,343428.000000,163689.000000,254368352.000000,1157.000000
589003680.000000,1907.000000,17226.000000,318532.000000,187874.000000,254874758.000000,1123.000000
590000018.000000,2047.000000,26159.000000,341937.000000,158775.000000,255375470.000000,1228.000000
591000005.000000,1738.000000,23540.000000,334176.000000,163342.000000,255872988.000000,942.000000
592000094.000000,1801.000000,24319.000000,345510.000000,161347.000000,256379845.000000,1010.000000
593001549.000000,2030.000000,21398.000000,320741.000000,182261.000000,256882847.000000,1183.000000
594003301.000000,2034.000000,23670.000000,345132.000000,161569.000000,257389548.000000,1195.000000
595006262.000000,1881.000000,26065.000000,347707.000000,162321.000000,257899576.000000,1005.000000
596000587.000000,2068.000000,18076.000000,314813.000000,184537.000000,258398926.000000,1233.000000
597004064.000000,1716.000000,21811.000000,332747.000000,165823.000000,258897496.000000,901.000000
598009116.000000,1698.000000,23719.000000,347261.000000,168154.000000,259412911.000000,880.000000
599000964.000000,1690.000000,24885.000000,342575.000000,158852.000000,259914338.000000,891.000000
600000078.000000,2141.000000,20542.000000,320204.000000,184526.000000,260419068.000000,1319.000000
601004985.000000,1852.000000,24859.000000,347674.000000,166317.000000,260933059.000000,1026.000000
602000068.000000,2132.000000,27461.000000,342073.000000,164149.000000,261439281.000000,1308.000000
603000202.000000,2116.000000,21561.000000,318915.000000,188842.000000,261947038.000000,1280.000000
604000172.000000,1676.000000,23350.000000,342756.000000,166869.000000,262456663.000000,835.000000
605003722.000000,1621.000000,24969.000000,348630.000000,161904.000000,262967197.000000,848.000000
606000446.000000,1978.000000,21384.000000,320561.000000,185080.000000,263472838.000000,1197.000000
607002329.000000,1866.000000,26130.000000,343398.000000,166450.000000,263982686.000000,1063.000000
608001219.000000,1888.000000,27085.000000,344888.000000,162880.000000,264490454.000000,1053.000000
609002955.000000,2033.000000,25787.000000,345635.000000,165199.000000,265001288.000000,1156.000000
610002083.000000,1785.000000,18885.000000,301506.000000,192951.000000,265495745.000000,1076.000000
611001403.000000,1700.000000,25444.000000,342478.000000,156665.000000,265994888.000000,934.000000
612000847.000000,1899.000000,26325.000000,341673.000000,166988.000000,266503549.000000,1155.000000
613000290.000000,1865.000000,18389.000000,315866.000000,185703.000000,267005118.000000,1064.000000
614028916.000000,1539.000000,21554.000000,336948.000000,175020.000000,267517086.000000,832.000000
615000285.000000,1851.000000,26497.000000,336615.000000,156415.000000,268010116.000000,1069.000000
616004894.000000,1920.000000,20624.000000,320106.000000,176544.000000,268506766.000000,1202.000000
617003840.000000,1565.000000,20736.000000,327483.000000,173741.000000,269007990.000000,897.000000
618002427.000000,2059.000000,22963.000000,334033.000000,162812.000000,269504835.000000,1274.000000
619004123.000000,2023.000000,24266.000000,329633.000000,166154.000000,270000622.000000,1230.000000
620002096.000000,1715.000000,16573.000000,302515.000000,191793.000000,270494930.000000,1069.000000
621000364.000000,1822.000000,23996.000000,346367.000000,161104.000000,271002401.000000,981.000000
622000448.000000,1819.000000,25197.000000,345579.000000,164913.000000,271512893.000000,971.000000
623006681.000000,1652.000000,21750.000000,333361.000000,176360.000000,272022614.000000,939.000000
624000156.000000,2416.000000,27154.000000,333899.000000,169984.000000,272526497.000000,1499.000000
625000291.000000,2088.000000,27678.000000,342802.000000,168624.000000,273037923.000000,1226.000000
626001140.000000,1743.000000,22663.000000,342113.000000,164726.000000,273544762.000000,882.000000
627000200.000000,1962.000000,20480.000000,318427.000000,185236.000000,274048425.000000,1205.000000
628001044.000000,2426.000000,32130.000000,349146.000000,164094.000000,274561665.000000,1491.000000
629003187.000000,2378.000000,30589.000000,349287.000000,161255.000000,275072207.000000,1463.000000
630000324.000000,2243.000000,26102.000000,314382.000000,192602.000000,275579191.000000,1475.000000
631000343.000000,2077.000000,24487.000000,338839.000000,165792.000000,276083822.000000,1219.000000
632000219.000000,2358.000000,27863.000000,344415.000000,164126.000000,276592363.000000,1499.000000
633017250.000000,1872.000000,24039.000000,328702.000000,186513.000000,277107578.000000,1174.000000
634002641.000000,2175.000000,22983.000000,333456.000000,163728.000000,277604762.000000,1248.000000
635001156.000000,2266.000000,27149.000000,341247.000000,158674.000000,278104683.000000,1368.000000
636000276.000000,2210.000000,26983.000000,343878.000000,162704.000000,278611265.000000,1326.000000
637007928.000000,2281.000000,23781.000000,325190.000000,185331.000000,279121786.000000,1471.000000
638000309.000000,1901.000000,25206.000000,343244.000000,162888.000000,279627918.000000,1043.000000
639000007.000000,1980.000000,25747.000000,344132.000000,163864.000000,280135914.000000,1101.000000
640000126.000000,1880.000000,21527.000000,322220.000000,189359.000000,280647493.000000,1093.000000
641002623.000000,1840.000000,25892.000000,348061.000000,159979.000000,281155533.000000,1033.000000
642004686.000000,2069.000000,29353.000000,343297.000000,164587.000000,281663417.000000,1196.000000
643002840.000000,2129.000000,23884.000000,319675.000000,186566.000000,282169658.000000,1340.000000
644001255.000000,2005.000000,27570.000000,343803.000000,167177.000000,282680638.000000,1128.000000
645002172.000000,1792.000000,26549.000000,344426.000000,167137.000000,283192201.000000,970.000000
646002214.000000,1538.000000,21382.000000,325972.000000,185517.000000,283703690.000000,884.000000
647000112.000000,2097.000000,24984.000000,345222.000000,167352.000000,284216264.000000,1167.000000
648000616.000000,1965.000000,25530.000000,343461.000000,165303.000000,284725028.000000,1107.000000
649000588.000000,1825.000000,26306.000000,353626.000000,156657.000000,285235311.000000,966.000000
650000458.000000,1907.000000,20923.000000,320855.000000,190260.000000,285746426.000000,1153.000000
651001191.000000,1768.000000,25001.000000,342604.000000,163687.000000,286252717.000000,941.000000
652001332.000000,2133.000000,32388.000000,346966.000000,163443.000000,286763126.000000,1308.000000
653000396.000000,1800.000000,19949.000000,318270.000000,189637.000000,287271033.000000,1070.000000
654000711.000000,1929.000000,24385.000000,342474.000000,161067.000000,287774574.000000,1125.000000
655000976.000000,1943.000000,27233.000000,344013.000000,165315.000000,288283902.000000,1115.000000
656000596.000000,1800.000000,21514.000000,320195.000000,188097.000000,288792194.000000,1062.000000
657006845.000000,1706.000000,24435.000000,352450.000000,160353.000000,289304997.000000,892.000000
658000529.000000,1729.000000,22487.000000,344541.000000,161121.000000,289810659.000000,864.000000
659011312.000000,1496.000000,20126.000000,336639.000000,175512.000000,290322810.000000,851.000000
660005390.000000,1854.000000,23254.000000,333167.000000,170735.000000,290826712.000000,1095.000000
661003313.000000,1640.000000,24374.000000,344561.000000,161702.000000,291332975.000000,838.000000
662000367.000000,1800.000000,24134.000000,345330.000000,163065.000000,291841370.000000,948.000000
663006286.000000,1857.000000,18417.000000,325834.000000,188690.000000,292355894.000000,1089.000000
664004658.000000,1808.000000,22118.000000,344610.000000,164875.000000,292865379.000000,964.000000
665000005.000000,1631.000000,22191.000000,340025.000000,164123.000000,293369527.000000,846.000000
666003296.000000,2045.000000,24023.000000,323993.000000,186141.000000,293879661.000000,1262.000000
667000767.000000,1822.000000,25569.000000,341843.000000,166914.000000,294388418.000000,969.000000
668005929.000000,1996.000000,30210.000000,346574.000000,165814.000000,294900806.000000,1144.000000
669000107.000000,1741.000000,19108.000000,320541.000000,188792.000000,295410139.000000,990.000000
670000020.000000,1661.000000,23178.000000,346402.000000,162745.000000,295919286.000000,878.000000
671004709.000000,1855.000000,27887.000000,346330.000000,166408.000000,296432024.000000,1031.000000
672002979.000000,1655.000000,22446.000000,326534.000000,180942.000000,296939500.000000,934.000000
673006448.000000,1979.000000,23572.000000,340376.000000,170287.000000,297450163.000000,1071.000000
674005382.000000,1859.000000,23206.000000,341333.000000,170448.000000,297961944.000000,1015.000000
675000155.000000,1908.000000,27111.000000,340788.000000,166421.000000,298469153.000000,1062.000000
676000314.000000,1788.000000,19093.000000,315612.000000,187725.000000,298972490.000000,1058.000000
677002721.000000,1763.000000,23057.000000,341878.000000,166745.000000,299481113.000000,948.000000
678003663.000000,2041.000000,27085.000000,344931.000000,167766.000000,299993810.000000,1170.000000
679000704.000000,1944.000000,21709.000000,321503.000000,190022.000000,300505335.000000,1202.000000
680000028.000000,1898.000000,25044.000000,345460.000000,164438.000000,301015233.000000,1063.000000
681012385.000000,2104.000000,27131.000000,351912.000000,165064.000000,301532209.000000,1291.000000
682000074.000000,1978.000000,23840.000000,320784.000000,185008.000000,302038001.000000,1198.000000
683001967.000000,1874.000000,26067.000000,344426.000000,164164.000000,302546591.000000,988.000000
684008854.000000,1791.000000,24295.000000,343871.000000,163167.000000,303053629.000000,923.000000
685006614.000000,2107.000000,20997.000000,317715.000000,188936.000000,303560280.000000,1332.000000
686000461.000000,1923.000000,26310.000000,345461.000000,164157.000000,304069898.000000,1071.000000
687001245.000000,1929.000000,26145.000000,343011.000000,164066.000000,304576975.000000,1061.000000
688002050.000000,1742.000000,21891.000000,334419.000000,177445.000000,305088839.000000,921.000000
689001815.000000,2085.000000,23335.000000,330071.000000,176090.000000,305595000.000000,1205.000000
690001166.000000,1985.000000,27577.000000,341156.000000,168427.000000,306104583.000000,1110.000000
691000430.000000,1880.000000,26710.000000,342998.000000,168766.000000,306616347.000000,1049.000000
692000257.000000,1803.000000,19005.000000,319003.000000,191058.000000,307126408.000000,1053.000000
693000145.000000,2070.000000,27827.000000,339464.000000,166392.000000,307632264.000000,1187.000000
694001231.000000,2236.000000,30066.000000,344870.000000,163328.000000,308140462.000000,1345.000000
695000768.000000,1953.000000,19347.000000,316610.000000,189440.000000,308646512.000000,1171.000000
696000207.000000,1832.000000,22472.000000,339755.000000,167315.000000,309153582.000000,995.000000
697003702.000000,2169.000000,25890.000000,341430.000000,170948.000000,309665960.000000,1345.000000
698000192.000000,1781.000000,19690.000000,313123.000000,188337.000000,310167420.000000,1042.000000
699005237.000000,1956.000000,25761.000000,342435.000000,167363.000000,310677218.000000,1027.000000
700006097.000000,1622.000000,24137.000000,344082.000000,167431.000000,311188731.000000,819.000000
701000672.000000,1789.000000,22134.000000,320180.000000,189360.000000,311698271.000000,1085.000000
702000962.000000,2273.000000,28560.000000,342195.000000,168210.000000,312208676.000000,1370.000000
703000177.000000,2155.000000,27798.000000,342891.000000,171091.000000,312722658.000000,1246.000000
704000126.000000,2113.000000,23806.000000,317954.000000,192224.000000,313232836.000000,1263.000000
705004795.000000,1805.000000,23396.000000,336787.000000,168798.000000,313738421.000000,926.000000
706001372.000000,2089.000000,27361.000000,341695.000000,168094.000000,314248210.000000,1187.000000
707002116.000000,1559.000000,19830.000000,319121.000000,184183.000000,314751514.000000,867.000000
708000113.000000,2094.000000,23532.000000,324179.000000,182485.000000,315258178.000000,1220.000000
709003482.000000,1805.000000,24651.000000,335423.000000,167151.000000,315760752.000000,972.000000
710007870.000000,1839.000000,26491.000000,334225.000000,168087.000000,316263064.000000,970.000000
711000471.000000,1795.000000,20629.000000,315441.000000,187522.000000,316766027.000000,1114.000000
712000227.000000,2031.000000,29512.000000,343157.000000,168861.000000,317278045.000000,1170.000000
713001531.000000,1824.000000,26179.000000,327488.000000,173993.000000,317779526.000000,1087.000000
714000336.000000,1896.000000,22489.000000,321580.000000,188424.000000,318289530.000000,1110.000000
715000082.000000,2398.000000,30557.000000,343324.000000,167204.000000,318800058.000000,1485.000000
716000252.000000,2158.000000,27349.000000,335992.000000,170391.000000,319306441.000000,1330.000000
717000051.000000,1825.000000,22383.000000,315892.000000,192302.000000,319814635.000000,1090.000000
718007054.000000,2149.000000,31483.000000,344744.000000,173841.000000,320333220.000000,1279.000000
719000237.000000,1492.000000,21858.000000,321678.000000,172141.000000,320827039.000000,780.000000
720000491.000000,1689.000000,22598.000000,321297.000000,183147.000000,321331483.000000,977.000000
721000542.000000,1935.000000,22760.000000,329303.000000,178637.000000,321839423.000000,1112.000000
722002159.000000,1814.000000,26666.000000,339135.000000,172237.000000,322350795.000000,979.000000
723001067.000000,2133.000000,29083.000000,342690.000000,170954.000000,322864439.000000,1204.000000
724000483.000000,1921.000000,20898.000000,303970.000000,193433.000000,323361842.000000,1221.000000
725000589.000000,1935.000000,25288.000000,343361.000000,168304.000000,323873507.000000,1068.000000
726003294.000000,1988.000000,26755.000000,348017.000000,165598.000000,324387122.000000,1053.000000
727002858.000000,2047.000000,26002.000000,317173.000000,191930.000000,324896225.000000,1197.000000
728000248.000000,1891.000000,25001.000000,341156.000000,169851.000000,325407232.000000,1032.000000
729000274.000000,1812.000000,27123.000000,344877.000000,171257.000000,325923366.000000,933.000000
730003612.000000,2025.000000,21294.000000,320514.000000,191892.000000,326435772.000000,1293.000000
731001707.000000,1986.000000,27224.000000,342902.000000,172144.000000,326950818.000000,1138.000000
732001927.000000,2037.000000,28231.000000,340441.000000,166792.000000,327458051.000000,1066.000000
733000327.000000,1967.000000,22199.000000,319606.000000,191261.000000,327968918.000000,1210.000000
734000296.000000,1746.000000,26362.000000,340231.000000,175373.000000,328484522.000000,885.000000
735002325.000000,1763.000000,23538.000000,327613.000000,175834.000000,328987969.000000,952.000000
736001309.000000,1565.000000,16787.000000,303622.000000,194319.000000,329485910.000000,948.000000
737000040.000000,1672.000000,24507.000000,330383.000000,169304.000000,329985597.000000,908.000000
738000025.000000,2355.000000,29661.000000,346367.000000,164282.000000,330496246.000000,1472.000000
739002515.000000,1894.000000,21825.000000,324521.000000,186986.000000,331007753.000000,1149.000000
740001174.000000,2258.000000,31769.000000,344477.000000,168487.000000,331520717.000000,1310.000000
741000435.000000,1894.000000,25307.000000,343610.000000,167138.000000,332031465.000000,1054.000000
742001275.000000,1941.000000,24714.000000,327732.000000,181033.000000,332540230.000000,1093.000000
743002200.000000,1828.000000,21870.000000,327003.000000,182943.000000,333050176.000000,1019.000000
744000651.000000,2105.000000,31583.000000,330066.000000,171700.000000,333551942.000000,1158.000000
745000333.000000,2100.000000,27795.000000,338104.000000,170709.000000,334060755.000000,1182.000000
746000292.000000,1905.000000,21591.000000,317569.000000,192187.000000,334570511.000000,1178.000000
747000013.000000,1713.000000,23961.000000,338580.000000,168635.000000,335077726.000000,908.000000
748000598.000000,1690.000000,24253.000000,341092.000000,172370.000000,335591188.000000,852.000000
749000503.000000,1694.000000,20681.000000,313723.000000,195244.000000,336100155.000000,986.000000
750001693.000000,1877.000000,26398.000000,339384.000000,170352.000000,336609891.000000,998.000000
751000400.000000,1996.000000,24362.000000,335176.000000,168640.000000,337113707.000000,1150.000000
752000420.000000,1721.000000,19075.000000,307670.000000,193898.000000,337615275.000000,1020.000000
753005038.000000,1855.000000,25390.000000,340799.000000,172217.000000,338128291.000000,970.000000
754001005.000000,1982.000000,26740.000000,340123.000000,168594.000000,338637008.000000,1086.000000
755000313.000000,1959.000000,21293.000000,318563.000000,193145.000000,339148716.000000,1156.000000
756002187.000000,1732.000000,23984.000000,340744.000000,169471.000000,339658931.000000,879.000000
757001673.000000,1844.000000,24012.000000,337295.000000,164159.000000,340160385.000000,1003.000000
758000165.000000,2004.000000,20517.000000,315779.000000,189928.000000,340666092.000000,1213.000000
759006712.000000,1969.000000,27345.000000,339831.000000,170432.000000,341176355.000000,1051.000000
760001253.000000,2743.000000,33383.000000,334173.000000,167555.000000,341678083.000000,1732.000000
761003752.000000,2421.000000,23828.000000,321645.000000,185699.000000,342185427.000000,1574.000000
762004999.000000,2065.000000,28993.000000,340229.000000,171529.000000,342697185.000000,1204.000000
763002049.000000,2445.000000,32569.000000,340948.000000,165435.000000,343203568.000000,1532.000000
764002550.000000,2103.000000,25778.000000,322811.000000,184476.000000,343710855.000000,1240.000000
765000678.000000,1954.000000,23600.000000,332156.000000,173153.000000,344216164.000000,1108.000000
766002613.000000,2068.000000,27401.000000,343625.000000,165707.000000,344725496.000000,1185.000000
767000747.000000,1984.000000,28009.000000,339407.000000,170408.000000,345235311.000000,1126.000000
768000175.000000,1969.000000,23367.000000,315996.000000,191335.000000,345742642.000000,1174.000000
769000348.000000,2457.000000,34314.000000,338183.000000,173014.000000,346253839.000000,1554.000000
770003596.000000,2076.000000,31664.000000,344740.000000,168399.000000,346766978.000000,1183.000000
771002323.000000,2154.000000,27907.000000,315510.000000,195115.000000,347277603.000000,1321.000000
772005302.000000,2146.000000,30765.000000,341010.000000,171578.000000,347790191.000000,1195.000000
773000078.000000,2103.000000,29176.000000,336616.000000,171232.000000,348298039.000000,1269.000000
774001807.000000,2124.000000,25456.000000,314502.000000,192030.000000,348804571.000000,1313.000000
775000727.000000,2150.000000,27908.000000,339438.000000,166510.000000,349310519.000000,1231.000000
776000149.000000,1886.000000,26458.000000,342670.000000,171992.000000,349825181.000000,1047.000000
777001088.000000,1732.000000,20023.000000,318209.000000,194485.000000,350337875.000000,967.000000
778000034.000000,1741.000000,24612.000000,341575.000000,169549.000000,350848999.000000,905.000000
779000156.000000,2212.000000,25885.000000,336365.000000,171930.000000,351357294.000000,1273.000000
780000014.000000,1801.000000,20774.000000,320361.000000,186839.000000,351864494.000000,1028.000000
781000004.000000,1779.000000,24382.000000,343538.000000,170172.000000,352378204.000000,903.000000
782002289.000000,1997.000000,23476.000000,331939.000000,182161.000000,352892304.000000,1117.000000
783000569.000000,1726.000000,20965.000000,324174.000000,183445.000000,353399923.000000,948.000000
784000735.000000,1715.000000,24045.000000,338666.000000,168589.000000,353907178.000000,908.000000
785001507.000000,2355.000000,27795.000000,331381.000000,174868.000000,354413427.000000,1412.000000
786000026.000000,2020.000000,23372.000000,313148.000000,191472.000000,354918047.000000,1272.000000
787000952.000000,2019.000000,27228.000000,341733.000000,169620.000000,355429400.000000,1105.000000
788000287.000000,1836.000000,24234.000000,336672.000000,169231.000000,355935303.000000,1018.000000
789002967.000000,1962.000000,19074.000000,307662.000000,194285.000000,356437250.000000,1183.000000
790001373.000000,1803.000000,23138.000000,330658.000000,171407.000000,356939315.000000,936.000000
791000402.000000,1990.000000,25413.000000,330593.000000,173389.000000,357443297.000000,1058.000000
792000011.000000,2242.000000,25350.000000,311428.000000,196199.000000,357950924.000000,1454.000000
793000813.000000,1895.000000,26050.000000,333318.000000,175730.000000,358459972.000000,978.000000
794001417.000000,1663.000000,22468.000000,329045.000000,177116.000000,358966133.000000,815.000000
795000648.000000,1914.000000,19826.000000,303770.000000,196037.000000,359465940.000000,1122.000000
796000125.000000,1981.000000,26101.000000,329985.000000,179048.000000,359974973.000000,1042.000000
797002120.000000,2248.000000,32119.000000,334667.000000,176499.000000,360486139.000000,1355.000000
798001711.000000,2019.000000,22087.000000,304183.000000,199964.000000,360990286.000000,1221.000000
799000615.000000,1900.000000,23447.000000,327398.000000,175476.000000,361493160.000000,1014.000000
800000723.000000,2031.000000,27279.000000,329622.000000,174789.000000,361997571.000000,1106.000000
801003091.000000,2474.000000,23605.000000,309181.000000,196541.000000,362503293.000000,1575.000000
802000261.000000,2236.000000,30626.000000,333493.000000,175245.000000,363012031.000000,1365.000000
803000292.000000,1642.000000,24500.000000,318473.000000,182601.000000,363513105.000000,922.000000
804041390.000000,1973.000000,21634.000000,316305.000000,208194.000000,364037604.000000,1159.000000
805000240.000000,1624.000000,23510.000000,312555.000000,167769.000000,364517928.000000,866.000000
806000051.000000,2020.000000,25301.000000,331771.000000,175391.000000,365025090.000000,1112.000000
807001848.000000,2353.000000,22671.000000,309365.000000,191235.000000,365525690.000000,1486.000000
808000251.000000,1685.000000,24190.000000,318589.000000,176658.000000,366020937.000000,884.000000
809001371.000000,2198.000000,30459.000000,322192.000000,179244.000000,366522373.000000,1339.000000
810000751.000000,1796.000000,21292.000000,305027.000000,176898.000000,367004298.000000,1048.000000
811000035.000000,2072.000000,23198.000000,306856.000000,193885.000000,367505039.000000,1285.000000
812000224.000000,2110.000000,26171.000000,328646.000000,175642.000000,368009327.000000,1174.000000
813000114.000000,1925.000000,25706.000000,329357.000000,175533.000000,368514217.000000,981.000000
814000011.000000,2119.000000,22406.000000,306173.000000,200301.000000,369020691.000000,1304.000000
815000215.000000,1978.000000,27587.000000,328325.000000,179386.000000,369528402.000000,1066.000000
816001565.000000,1856.000000,26882.000000,326059.000000,175353.000000,370029814.000000,959.000000
817001321.000000,2290.000000,22286.000000,309842.000000,191562.000000,370531218.000000,1396.000000
818000060.000000,2210.000000,27891.000000,330968.000000,177928.000000,371040114.000000,1265.000000
819000165.000000,2443.000000,33125.000000,329244.000000,176946.000000,371546304.000000,1372.000000
820000730.000000,2249.000000,23179.000000,301822.000000,199280.000000,372047406.000000,1393.000000
821002058.000000,1828.000000,24608.000000,318372.000000,179828.000000,372545606.000000,960.000000
822000321.000000,1856.000000,23959.000000,323695.000000,173271.000000,373042572.000000,965.000000
823004762.000000,1997.000000,20354.000000,304684.000000,198518.000000,373545774.000000,1188.000000
824000561.000000,1878.000000,24325.000000,328234.000000,174242.000000,374048250.000000,1004.000000
825000055.000000,2027.000000,26459.000000,331260.000000,180849.000000,374560359.000000,1087.000000
826002267.000000,2088.000000,22322.000000,308064.000000,197927.000000,375066350.000000,1253.000000
827002114.000000,1796.000000,25605.000000,333584.000000,173429.000000,375573363.000000,895.000000
828000532.000000,1825.000000,25084.000000,329080.000000,178143.000000,376080586.000000,854.000000
829006255.000000,2053.000000,21299.000000,308142.000000,200278.000000,376589006.000000,1237.000000
830005167.000000,1795.000000,25909.000000,330892.000000,178674.000000,377098572.000000,913.000000
831000082.000000,1832.000000,24535.000000,333077.000000,176517.000000,377608166.000000,937.000000
832007479.000000,2089.000000,21752.000000,309908.000000,199862.000000,378117936.000000,1229.000000
833007223.000000,1644.000000,21321.000000,320684.000000,179117.000000,378617737.000000,848.000000
834001991.000000,1901.000000,24928.000000,336417.000000,175213.000000,379129367.000000,902.000000
835000001.000000,1875.000000,20494.000000,307338.000000,202561.000000,379639266.000000,1089.000000
836000062.000000,1814.000000,23527.000000,337376.000000,176123.000000,380152765.000000,895.000000
837000529.000000,1626.000000,21293.000000,320026.000000,180384.000000,380653175.000000,746.000000
838002970.000000,2102.000000,19057.000000,305950.000000,200249.000000,381159374.000000,1237.000000
839003014.000000,1829.000000,26496.000000,334834.000000,177410.000000,381671618.000000,917.000000
840000135.000000,1877.000000,24378.000000,331545.000000,182946.000000,382186109.000000,925.000000
841004373.000000,2216.000000,23598.000000,310252.000000,196902.000000,382693263.000000,1362.000000
842000410.000000,2236.000000,26696.000000,331899.000000,173078.000000,383198240.000000,1295.000000
843001300.000000,2092.000000,25439.000000,321605.000000,181126.000000,383700971.000000,1245.000000
844001323.000000,2646.000000,30886.000000,315638.000000,192514.000000,384209123.000000,1769.000000
845000270.000000,2212.000000,28764.000000,325473.000000,176944.000000,384711540.000000,1216.000000
846000256.000000,2027.000000,23768.000000,322480.000000,180094.000000,385214114.000000,1108.000000
847003301.000000,2095.000000,21258.000000,304179.000000,193904.000000,385712197.000000,1208.000000
848000761.000000,2340.000000,27738.000000,327749.000000,175103.000000,386215049.000000,1362.000000
849000545.000000,2034.000000,27118.000000,328725.000000,179952.000000,386723726.000000,1105.000000
850001930.000000,2233.000000,21241.000000,299816.000000,200411.000000,387223953.000000,1379.000000
851001863.000000,1961.000000,23323.000000,327646.000000,177427.000000,387729026.000000,998.000000
852006143.000000,2122.000000,27260.000000,320733.000000,180977.000000,388230736.000000,1196.000000
853000283.000000,2367.000000,22716.000000,296512.000000,197175.000000,388724423.000000,1485.000000
854000475.000000,2193.000000,30441.000000,322554.000000,180603.000000,389227580.000000,1195.000000
855000227.000000,2195.000000,25761.000000,323725.000000,179331.000000,389730636.000000,1217.000000
856000424.000000,2316.000000,22713.000000,297495.000000,198320.000000,390226451.000000,1417.000000
857000155.000000,2213.000000,26933.000000,319912.000000,178587.000000,390724950.000000,1251.000000
858000823.000000,2520.000000,27956.000000,321460.000000,177325.000000,391223735.000000,1532.000000
859000276.000000,2190.000000,22841.000000,289428.000000,201387.000000,391714550.000000,1299.000000
860000579.000000,2128.000000,25718.000000,322805.000000,179197.000000,392216552.000000,1200.000000
861001530.000000,1889.000000,26730.000000,325661.000000,178908.000000,392721121.000000,1010.000000
862000219.000000,2226.000000,21973.000000,292898.000000,198533.000000,393212552.000000,1402.000000
863002292.000000,2025.000000,23381.000000,319249.000000,177420.000000,393709221.000000,1049.000000
864000017.000000,2003.000000,24462.000000,318214.000000,178436.000000,394205871.000000,1064.000000
865001963.000000,2087.000000,21336.000000,301676.000000,199564.000000,394707111.000000,1264.000000
866003119.000000,2020.000000,26942.000000,323439.000000,180935.000000,395211485.000000,1055.000000
867000893.000000,1838.000000,22482.000000,317101.000000,184850.000000,395713436.000000,911.000000
868000895.000000,2139.000000,20663.000000,298812.000000,197760.000000,396210008.000000,1296.000000
869000222.000000,1969.000000,23588.000000,318933.000000,181131.000000,396710072.000000,1002.000000
870002103.000000,2055.000000,25903.000000,324511.000000,179510.000000,397214093.000000,1114.000000
871000120.000000,2356.000000,20975.000000,292066.000000,200081.000000,397706240.000000,1466.000000
872003263.000000,2142.000000,26510.000000,324146.000000,177082.000000,398207468.000000,1212.000000
873001966.000000,2476.000000,26445.000000,318173.000000,177682.000000,398703323.000000,1480.000000
874000400.000000,2268.000000,20566.000000,293287.000000,201119.000000,399197729.000000,1385.000000
875000195.000000,1948.000000,25616.000000,321594.000000,178253.000000,399697576.000000,990.000000
876001163.000000,2224.000000,26855.000000,320591.000000,186193.000000,400204360.000000,1207.000000
877000377.000000,2076.000000,19689.000000,295513.000000,203720.000000,400703593.000000,1260.000000
878001001.000000,2220.000000,27148.000000,316352.000000,187153.000000,401207098.000000,1286.000000
879000288.000000,1988.000000,24987.000000,318199.000000,178928.000000,401704225.000000,1053.000000
880000391.000000,2326.000000,22223.000000,290645.000000,199297.000000,402194167.000000,1424.000000
881000286.000000,2505.000000,27796.000000,316748.000000,183979.000000,402694894.000000,1493.000000
882000191.000000,1743.000000,21482.000000,313214.000000,182038.000000,403190146.000000,863.000000
883001172.000000,2057.000000,20531.000000,292085.000000,201015.000000,403683246.000000,1249.000000
884000160.000000,1928.000000,21787.000000,306598.000000,183499.000000,404173343.000000,986.000000
885003320.000000,1853.000000,23002.000000,316407.000000,179756.000000,404669506.000000,974.000000
886003208.000000,2218.000000,23413.000000,312062.000000,190308.000000,405171876.000000,1284.000000
887004015.000000,2140.000000,24357.000000,311461.000000,189968.000000,405673305.000000,1158.000000
888000695.000000,2080.000000,24796.000000,316609.000000,181340.000000,406171254.000000,1087.000000
889000133.000000,2171.000000,22739.000000,300569.000000,192427.000000,406664250.000000,1215.000000
890005754.000000,2258.000000,23178.000000,306172.000000,191202.000000,407161624.000000,1354.000000
891000130.000000,1987.000000,26327.000000,316945.000000,183974.000000,407662543.000000,1061.000000
892000338.000000,2212.000000,24046.000000,307055.000000,188913.000000,408158511.000000,1293.000000
893000181.000000,2350.000000,25388.000000,300392.000000,199787.000000,408658690.000000,1470.000000
894020938.000000,2111.000000,28026.000000,321600.000000,185593.000000,409165883.000000,1167.000000
895005844.000000,2077.000000,24022.000000,308278.000000,178784.000000,409652945.000000,1126.000000
896002336.000000,2168.000000,20895.000000,296797.000000,197164.000000,410146906.000000,1287.000000
897004007.000000,2310.000000,26741.000000,319448.000000,182487.000000,410648841.000000,1316.000000
898000162.000000,2484.000000,26426.000000,313312.000000,182705.000000,411144858.000000,1427.000000
899002292.000000,2509.000000,21520.000000,291846.000000,202023.000000,411638727.000000,1597.000000
900002178.000000,2208.000000,27350.000000,317772.000000,183241.000000,412139740.000000,1229.000000
901005103.000000,2201.000000,29025.000000,321722.000000,182142.000000,412643604.000000,1263.000000
902000159.000000,2315.000000,20209.000000,288416.000000,202115.000000,413134135.000000,1466.000000
903001692.000000,2021.000000,24626.000000,316607.000000,184105.000000,413634847.000000,998.000000
904004219.000000,1940.000000,23866.000000,311414.000000,189319.000000,414135580.000000,951.000000
905003822.000000,2492.000000,25034.000000,293581.000000,199384.000000,414628545.000000,1510.000000
906001944.000000,1998.000000,25589.000000,325613.000000,177632.000000,415131790.000000,1083.000000
907007926.000000,1947.000000,23964.000000,322366.000000,180587.000000,415634743.000000,1057.000000
908002402.000000,2191.000000,20055.000000,288989.000000,200253.000000,416123985.000000,1313.000000
909000405.000000,2031.000000,23592.000000,314935.000000,183485.000000,416622405.000000,1051.000000
910003796.000000,2169.000000,25715.000000,316947.000000,185017.000000,417124369.000000,1185.000000
911000657.000000,2282.000000,21761.000000,288705.000000,204976.000000,417618050.000000,1372.000000
912000687.000000,1927.000000,23897.000000,309656.000000,183209.000000,418110915.000000,999.000000
913002517.000000,2232.000000,25869.000000,315426.000000,182650.000000,418608991.000000,1205.000000
914002661.000000,2165.000000,20171.000000,286796.000000,206314.000000,419102101.000000,1277.000000
915000372.000000,2297.000000,25748.000000,316642.000000,176836.000000,419595579.000000,1285.000000
916001623.000000,1926.000000,24929.000000,324885.000000,181362.000000,420101826.000000,972.000000
917002582.000000,2212.000000,20332.000000,296796.000000,206490.000000,420605112.000000,1282.000000
918006022.000000,2063.000000,25234.000000,319498.000000,182604.000000,421107214.000000,1140.000000
919000885.000000,1981.000000,23417.000000,306772.000000,189879.000000,421603865.000000,1093.000000
920000223.000000,2146.000000,20450.000000,293857.000000,199585.000000,422097307.000000,1217.000000
921000840.000000,2036.000000,24710.000000,315697.000000,186515.000000,422599519.000000,1040.000000
922000780.000000,2218.000000,24112.000000,304291.000000,194083.000000,423097893.000000,1210.000000
923000055.000000,2436.000000,21950.000000,301551.000000,197405.000000,423596849.000000,1378.000000
924001831.000000,1895.000000,22948.000000,312579.000000,191295.000000,424100723.000000,931.000000
925004287.000000,2255.000000,22197.000000,302927.000000,192913.000000,424596563.000000,1230.000000
926000230.000000,2204.000000,24109.000000,309618.000000,190889.000000,425097070.000000,1246.000000
927000070.000000,2019.000000,27249.000000,325834.000000,187200.000000,425610104.000000,1022.000000
928002034.000000,2389.000000,21800.000000,301746.000000,195781.000000,426107631.000000,1424.000000
929002440.000000,2548.000000,28581.000000,314039.000000,185417.000000,426607087.000000,1455.000000
930001414.000000,2397.000000,28388.000000,313748.000000,183413.000000,427104248.000000,1345.000000
931001206.000000,2048.000000,22424.000000,314567.000000,181426.000000,427600241.000000,1102.000000
932005472.000000,2521.000000,24800.000000,299896.000000,201400.000000,428101537.000000,1542.000000
933000410.000000,2016.000000,23974.000000,319038.000000,182953.000000,428603528.000000,1015.000000
934001771.000000,2390.000000,26444.000000,315230.000000,181874.000000,429100632.000000,1317.000000
935002197.000000,2237.000000,20040.000000,295005.000000,199970.000000,429595607.000000,1300.000000
936000467.000000,2002.000000,23499.000000,321724.000000,180420.000000,430097751.000000,1021.000000
937000633.000000,1862.000000,23997.000000,317590.000000,185841.000000,430601182.000000,919.000000
938002563.000000,2255.000000,18678.000000,292673.000000,205505.000000,431099360.000000,1308.000000
939000757.000000,2039.000000,23045.000000,315949.000000,189538.000000,431604847.000000,1056.000000
940009561.000000,2154.000000,21416.000000,302880.000000,195573.000000,432103300.000000,1197.000000
941000252.000000,2150.000000,20958.000000,295748.000000,192570.000000,432591618.000000,1111.000000
942000972.000000,2173.000000,26994.000000,313530.000000,180606.000000,433085754.000000,1182.000000
943000135.000000,2284.000000,22043.000000,297798.000000,198528.000000,433582080.000000,1281.000000
944000019.000000,2095.000000,24083.000000,298567.000000,198497.000000,434079144.000000,1117.000000
945000949.000000,2093.000000,25695.000000,306280.000000,190565.000000,434575989.000000,1049.000000
946000150.000000,2533.000000,22520.000000,286631.000000,204114.000000,435066734.000000,1492.000000
947003319.000000,2379.000000,26303.000000,304909.000000,191570.000000,435563213.000000,1313.000000
948000707.000000,2083.000000,25381.000000,307928.000000,187110.000000,436058251.000000,1125.000000
949000350.000000,2335.000000,24086.000000,299313.000000,191355.000000,436548919.000000,1281.000000
950006918.000000,2296.000000,23054.000000,291650.000000,205646.000000,437046215.000000,1277.000000
951000065.000000,2080.000000,25697.000000,300358.000000,187408.000000,437533981.000000,1045.000000
952004867.000000,1968.000000,24364.000000,313634.000000,183668.000000,438031283.000000,1032.000000
953002796.000000,2475.000000,23069.000000,293274.000000,204371.000000,438528928.000000,1438.000000
954000812.000000,2121.000000,25248.000000,308380.000000,191262.000000,439028570.000000,1103.000000
955001059.000000,2485.000000,27844.000000,302402.000000,196624.000000,439527596.000000,1452.000000
956000714.000000,2550.000000,23958.000000,291945.000000,203201.000000,440022742.000000,1561.000000
957007699.000000,1912.000000,22617.000000,314314.000000,188796.000000,440525852.000000,994.000000
958000900.000000,2131.000000,21203.000000,299281.000000,197776.000000,441022909.000000,1183.000000
959002953.000000,2273.000000,21033.000000,291710.000000,198929.000000,441513548.000000,1290.000000
960003825.000000,2098.000000,24887.000000,304543.000000,189654.000000,442007745.000000,1144.000000
961001741.000000,2016.000000,23578.000000,304086.000000,191292.000000,442503123.000000,967.000000
962000055.000000,2286.000000,20267.000000,283056.000000,208203.000000,442994382.000000,1306.000000
963003028.000000,2381.000000,28553.000000,307725.000000,189402.000000,443491509.000000,1301.000000
964000538.000000,2478.000000,26091.000000,307495.000000,186903.000000,443985907.000000,1414.000000
965002931.000000,2421.000000,21063.000000,287908.000000,205334.000000,444479149.000000,1447.000000
966001784.000000,1755.000000,20957.000000,305806.000000,187280.000000,444972235.000000,843.000000
967000083.000000,1898.000000,20266.000000,306087.000000,182892.000000,445461214.000000,973.000000
968000149.000000,2354.000000,20017.000000,283950.000000,204331.000000,445949495.000000,1380.000000
969001780.000000,1844.000000,22612.000000,305538.000000,188590.000000,446443623.000000,933.000000
970020172.000000,1985.000000,23011.000000,311429.000000,190584.000000,446945636.000000,1064.000000
971003678.000000,2232.000000,18793.000000,281519.000000,199093.000000,447426248.000000,1322.000000
972001936.000000,1991.000000,22049.000000,309304.000000,186983.000000,447922535.000000,1003.000000
973007664.000000,1932.000000,21833.000000,314094.000000,186476.000000,448423105.000000,971.000000
974003159.000000,2360.000000,20015.000000,287220.000000,204335.000000,448914660.000000,1442.000000
975000304.000000,1854.000000,22090.000000,310092.000000,184383.000000,449409135.000000,900.000000
976000669.000000,1879.000000,21124.000000,309401.000000,186290.000000,449904826.000000,929.000000
977002729.000000,2426.000000,22533.000000,292069.000000,199014.000000,450395909.000000,1384.000000
978000158.000000,2135.000000,24846.000000,304103.000000,190325.000000,450890337.000000,1168.000000
979003795.000000,1897.000000,25750.000000,312922.000000,183150.000000,451386409.000000,1024.000000
980046176.000000,2016.000000,23756.000000,316763.000000,196206.000000,451899378.000000,1076.000000
981006888.000000,2311.000000,20803.000000,274704.000000,197807.000000,452371889.000000,1428.000000
982000910.000000,1990.000000,23795.000000,312384.000000,181781.000000,452866054.000000,1049.000000
983001546.000000,2062.000000,24693.000000,312673.000000,186011.000000,453364738.000000,1074.000000
984003450.000000,2456.000000,22288.000000,291107.000000,204650.000000,453860495.000000,1494.000000
985000249.000000,1975.000000,24200.000000,314571.000000,184875.000000,454359941.000000,1019.000000
986000079.000000,2024.000000,23143.000000,311106.000000,189507.000000,454860554.000000,1022.000000
987002906.000000,2382.000000,21407.000000,285935.000000,207656.000000,455354145.000000,1429.000000
988000077.000000,1966.000000,22907.000000,313117.000000,185570.000000,455852832.000000,938.000000
989000442.000000,2126.000000,27147.000000,317067.000000,181267.000000,456351166.000000,1167.000000
990004833.000000,2577.000000,24966.000000,291151.000000,204716.000000,456847033.000000,1598.000000
991000408.000000,2025.000000,25531.000000,312803.000000,183154.000000,457342990.000000,1088.000000
992000231.000000,2001.000000,22458.000000,316243.000000,182838.000000,457842071.000000,1036.000000
993000094.000000,2555.000000,20196.000000,292214.000000,198821.000000,458333106.000000,1576.000000
994000728.000000,2150.000000,25781.000000,316204.000000,186342.000000,458835652.000000,1212.000000
995002433.000000,2006.000000,23464.000000,307653.000000,190134.000000,459333439.000000,982.000000
996002425.000000,2331.000000,20658.000000,281210.000000,208422.000000,459823071.000000,1434.000000
997000255.000000,2018.000000,23528.000000,302446.000000,192489.000000,460318006.000000,1014.000000
998001158.000000,2394.000000,23806.000000,298563.000000,194693.000000,460811262.000000,1320.000000
999001793.000000,2232.000000,21349.000000,290662.000000,198966.000000,461300890.000000,1310.000000
