Instruction,pfIssued,pfInCache,overallMisses,overallHits,overallAccesses,unusedPrefetches
1000268.000000,6482.000000,117027.000000,302798.000000,31335.000000,334133.000000,3.000000
2000204.000000,6510.000000,117667.000000,302064.000000,31248.000000,667445.000000,0.000000
3000140.000000,6509.000000,117667.000000,302064.000000,31248.000000,1000757.000000,0.000000
4000076.000000,6511.000000,117672.000000,302064.000000,31248.000000,1334069.000000,0.000000
5000012.000000,6510.000000,117667.000000,302064.000000,31248.000000,1667381.000000,0.000000
6000332.000000,6513.000000,117696.000000,302184.000000,31256.000000,2000821.000000,0.000000
7000268.000000,6510.000000,117667.000000,302064.000000,31248.000000,2334133.000000,0.000000
8000204.000000,6510.000000,117672.000000,302064.000000,31248.000000,2667445.000000,0.000000
9000140.000000,6510.000000,117667.000000,302064.000000,31248.000000,3000757.000000,0.000000
10000076.000000,6510.000000,117667.000000,302064.000000,31248.000000,3334069.000000,0.000000
11000012.000000,6510.000000,117667.000000,302064.000000,31248.000000,3667381.000000,0.000000
12000716.000000,6511.000000,117761.000000,302296.000000,31272.000000,4000949.000000,0.000000
13000268.000000,6512.000000,117608.000000,301952.000000,31232.000000,4334133.000000,0.000000
14000204.000000,6510.000000,117667.000000,302064.000000,31248.000000,4667445.000000,0.000000
15000140.000000,6510.000000,117667.000000,302064.000000,31248.000000,5000757.000000,0.000000
16000460.000000,6508.000000,117731.000000,302176.000000,31264.000000,5334197.000000,0.000000
17000012.000000,6512.000000,117608.000000,301952.000000,31232.000000,5667381.000000,0.000000
18000332.000000,6512.000000,117729.000000,302176.000000,31264.000000,6000821.000000,0.000000
19000268.000000,6510.000000,117667.000000,302064.000000,31248.000000,6334133.000000,0.000000
20000204.000000,6506.000000,117669.000000,302064.000000,31248.000000,6667445.000000,0.000000
21000140.000000,6514.000000,117670.000000,302064.000000,31248.000000,7000757.000000,0.000000
22000076.000000,6510.000000,117667.000000,302064.000000,31248.000000,7334069.000000,0.000000
23000012.000000,6510.000000,117667.000000,302064.000000,31248.000000,7667381.000000,0.000000
24000005.000000,6509.000000,117697.000000,302071.000000,31255.000000,8000707.000000,0.000000
25000268.000000,6513.000000,117703.000000,302169.000000,31257.000000,8334133.000000,0.000000
26000204.000000,6510.000000,117667.000000,302064.000000,31248.000000,8667445.000000,0.000000
27000140.000000,6510.000000,117667.000000,302064.000000,31248.000000,9000757.000000,0.000000
28000076.000000,6509.000000,117667.000000,302064.000000,31248.000000,9334069.000000,0.000000
29000012.000000,6511.000000,117672.000000,302064.000000,31248.000000,9667381.000000,0.000000
30000332.000000,6513.000000,117696.000000,302184.000000,31256.000000,10000821.000000,0.000000
31000268.000000,6510.000000,117667.000000,302064.000000,31248.000000,10334133.000000,0.000000
32000204.000000,6510.000000,117667.000000,302064.000000,31248.000000,10667445.000000,0.000000
33000140.000000,6510.000000,117672.000000,302064.000000,31248.000000,11000757.000000,0.000000
34000076.000000,6510.000000,117667.000000,302064.000000,31248.000000,11334069.000000,0.000000
35000012.000000,6510.000000,117667.000000,302064.000000,31248.000000,11667381.000000,0.000000
36000332.000000,6513.000000,117697.000000,302184.000000,31256.000000,12000821.000000,0.000000
37000652.000000,6508.000000,117731.000000,302176.000000,31264.000000,12334261.000000,0.000000
38000204.000000,6512.000000,117608.000000,301952.000000,31232.000000,12667445.000000,0.000000
39000140.000000,6510.000000,117667.000000,302064.000000,31248.000000,13000757.000000,0.000000
40000076.000000,6510.000000,117667.000000,302064.000000,31248.000000,13334069.000000,0.000000
41000396.000000,6508.000000,117731.000000,302176.000000,31264.000000,13667509.000000,0.000000
42000332.000000,6514.000000,117670.000000,302064.000000,31248.000000,14000821.000000,0.000000
43000268.000000,6510.000000,117667.000000,302064.000000,31248.000000,14334133.000000,0.000000
44000204.000000,6510.000000,117667.000000,302064.000000,31248.000000,14667445.000000,0.000000
45000140.000000,6506.000000,117669.000000,302064.000000,31248.000000,15000757.000000,0.000000
46000076.000000,6514.000000,117670.000000,302064.000000,31248.000000,15334069.000000,0.000000
47000012.000000,6510.000000,117667.000000,302064.000000,31248.000000,15667381.000000,0.000000
48000332.000000,6512.000000,117728.000000,302176.000000,31264.000000,16000821.000000,0.000000
49000268.000000,6509.000000,117667.000000,302064.000000,31248.000000,16334133.000000,0.000000
50000204.000000,6511.000000,117672.000000,302064.000000,31248.000000,16667445.000000,0.000000
51000272.000000,6504.000000,117475.000000,302235.000000,31252.000000,17000932.000000,4.000000
52000208.000000,6509.000000,117667.000000,302064.000000,31248.000000,17334244.000000,0.000000
53000144.000000,6511.000000,117672.000000,302064.000000,31248.000000,17667556.000000,0.000000
54000080.000000,6510.000000,117667.000000,302064.000000,31248.000000,18000868.000000,0.000000
55000016.000000,6510.000000,117667.000000,302064.000000,31248.000000,18334180.000000,0.000000
56000009.000000,6512.000000,117695.000000,302071.000000,31255.000000,18667506.000000,0.000000
57000272.000000,6511.000000,117673.000000,302177.000000,31249.000000,19000932.000000,0.000000
58000208.000000,6510.000000,117667.000000,302064.000000,31248.000000,19334244.000000,0.000000
59000144.000000,6510.000000,117667.000000,302064.000000,31248.000000,19667556.000000,0.000000
60000080.000000,6510.000000,117667.000000,302064.000000,31248.000000,20000868.000000,0.000000
61000016.000000,6510.000000,117672.000000,302064.000000,31248.000000,20334180.000000,0.000000
62000336.000000,6513.000000,117697.000000,302184.000000,31256.000000,20667620.000000,0.000000
63000272.000000,6510.000000,117667.000000,302064.000000,31248.000000,21000932.000000,0.000000
64000208.000000,6510.000000,117667.000000,302064.000000,31248.000000,21334244.000000,0.000000
65000528.000000,6508.000000,117731.000000,302176.000000,31264.000000,21667684.000000,0.000000
66000080.000000,6512.000000,117608.000000,301952.000000,31232.000000,22000868.000000,0.000000
67000016.000000,6510.000000,117667.000000,302064.000000,31248.000000,22334180.000000,0.000000
68000336.000000,6512.000000,117729.000000,302176.000000,31264.000000,22667620.000000,0.000000
69000272.000000,6506.000000,117669.000000,302064.000000,31248.000000,23000932.000000,0.000000
70000208.000000,6514.000000,117670.000000,302064.000000,31248.000000,23334244.000000,0.000000
71000144.000000,6510.000000,117667.000000,302064.000000,31248.000000,23667556.000000,0.000000
72000080.000000,6510.000000,117667.000000,302064.000000,31248.000000,24000868.000000,0.000000
73000016.000000,6506.000000,117669.000000,302064.000000,31248.000000,24334180.000000,0.000000
74000336.000000,6516.000000,117731.000000,302176.000000,31264.000000,24667620.000000,0.000000
75000272.000000,6510.000000,117667.000000,302064.000000,31248.000000,25000932.000000,0.000000
76000208.000000,6510.000000,117667.000000,302064.000000,31248.000000,25334244.000000,0.000000
77000144.000000,6509.000000,117667.000000,302064.000000,31248.000000,25667556.000000,0.000000
78000080.000000,6511.000000,117672.000000,302064.000000,31248.000000,26000868.000000,0.000000
79000016.000000,6510.000000,117667.000000,302064.000000,31248.000000,26334180.000000,0.000000
80000336.000000,6513.000000,117696.000000,302184.000000,31256.000000,26667620.000000,0.000000
81000272.000000,6510.000000,117667.000000,302064.000000,31248.000000,27000932.000000,0.000000
82000208.000000,6510.000000,117672.000000,302064.000000,31248.000000,27334244.000000,0.000000
83000144.000000,6510.000000,117667.000000,302064.000000,31248.000000,27667556.000000,0.000000
84000080.000000,6510.000000,117667.000000,302064.000000,31248.000000,28000868.000000,0.000000
85000016.000000,6510.000000,117667.000000,302064.000000,31248.000000,28334180.000000,0.000000
86000720.000000,6511.000000,117761.000000,302296.000000,31272.000000,28667748.000000,0.000000
87000272.000000,6512.000000,117608.000000,301952.000000,31232.000000,29000932.000000,0.000000
88000208.000000,6510.000000,117667.000000,302064.000000,31248.000000,29334244.000000,0.000000
89000144.000000,6510.000000,117667.000000,302064.000000,31248.000000,29667556.000000,0.000000
90000464.000000,6508.000000,117731.000000,302176.000000,31264.000000,30000996.000000,0.000000
91000016.000000,6512.000000,117608.000000,301952.000000,31232.000000,30334180.000000,0.000000
92000336.000000,6512.000000,117729.000000,302176.000000,31264.000000,30667620.000000,0.000000
93000272.000000,6510.000000,117667.000000,302064.000000,31248.000000,31000932.000000,0.000000
94000208.000000,6506.000000,117669.000000,302064.000000,31248.000000,31334244.000000,0.000000
95000144.000000,6514.000000,117670.000000,302064.000000,31248.000000,31667556.000000,0.000000
96000080.000000,6510.000000,117667.000000,302064.000000,31248.000000,32000868.000000,0.000000
97000016.000000,6510.000000,117667.000000,302064.000000,31248.000000,32334180.000000,0.000000
98000009.000000,6509.000000,117697.000000,302071.000000,31255.000000,32667506.000000,0.000000
99000272.000000,6513.000000,117703.000000,302169.000000,31257.000000,33000932.000000,0.000000
100000208.000000,6510.000000,117667.000000,302064.000000,31248.000000,33334244.000000,0.000000
101000010.000000,6498.000000,117416.000000,302158.000000,31239.000000,33667641.000000,4.000000
102000330.000000,6516.000000,117731.000000,302176.000000,31264.000000,34001081.000000,0.000000
103000266.000000,6510.000000,117667.000000,302064.000000,31248.000000,34334393.000000,0.000000
104000202.000000,6510.000000,117667.000000,302064.000000,31248.000000,34667705.000000,0.000000
105000138.000000,6509.000000,117667.000000,302064.000000,31248.000000,35001017.000000,0.000000
106000074.000000,6511.000000,117672.000000,302064.000000,31248.000000,35334329.000000,0.000000
107000010.000000,6510.000000,117667.000000,302064.000000,31248.000000,35667641.000000,0.000000
108000330.000000,6513.000000,117696.000000,302184.000000,31256.000000,36001081.000000,0.000000
109000266.000000,6510.000000,117667.000000,302064.000000,31248.000000,36334393.000000,0.000000
110000202.000000,6510.000000,117672.000000,302064.000000,31248.000000,36667705.000000,0.000000
111000138.000000,6510.000000,117667.000000,302064.000000,31248.000000,37001017.000000,0.000000
112000074.000000,6510.000000,117667.000000,302064.000000,31248.000000,37334329.000000,0.000000
113000010.000000,6510.000000,117667.000000,302064.000000,31248.000000,37667641.000000,0.000000
114000714.000000,6511.000000,117761.000000,302296.000000,31272.000000,38001209.000000,0.000000
115000266.000000,6512.000000,117608.000000,301952.000000,31232.000000,38334393.000000,0.000000
116000202.000000,6510.000000,117667.000000,302064.000000,31248.000000,38667705.000000,0.000000
117000138.000000,6510.000000,117667.000000,302064.000000,31248.000000,39001017.000000,0.000000
118000458.000000,6508.000000,117731.000000,302176.000000,31264.000000,39334457.000000,0.000000
119000010.000000,6512.000000,117608.000000,301952.000000,31232.000000,39667641.000000,0.000000
120000330.000000,6512.000000,117729.000000,302176.000000,31264.000000,40001081.000000,0.000000
121000266.000000,6510.000000,117667.000000,302064.000000,31248.000000,40334393.000000,0.000000
122000202.000000,6506.000000,117669.000000,302064.000000,31248.000000,40667705.000000,0.000000
123000138.000000,6514.000000,117670.000000,302064.000000,31248.000000,41001017.000000,0.000000
124000074.000000,6510.000000,117667.000000,302064.000000,31248.000000,41334329.000000,0.000000
125000010.000000,6510.000000,117667.000000,302064.000000,31248.000000,41667641.000000,0.000000
126000003.000000,6509.000000,117697.000000,302071.000000,31255.000000,42000967.000000,0.000000
127000266.000000,6513.000000,117703.000000,302169.000000,31257.000000,42334393.000000,0.000000
128000202.000000,6510.000000,117667.000000,302064.000000,31248.000000,42667705.000000,0.000000
129000138.000000,6510.000000,117667.000000,302064.000000,31248.000000,43001017.000000,0.000000
130000074.000000,6509.000000,117667.000000,302064.000000,31248.000000,43334329.000000,0.000000
131000010.000000,6511.000000,117672.000000,302064.000000,31248.000000,43667641.000000,0.000000
132000330.000000,6513.000000,117696.000000,302184.000000,31256.000000,44001081.000000,0.000000
133000266.000000,6510.000000,117667.000000,302064.000000,31248.000000,44334393.000000,0.000000
134000202.000000,6510.000000,117667.000000,302064.000000,31248.000000,44667705.000000,0.000000
135000138.000000,6510.000000,117672.000000,302064.000000,31248.000000,45001017.000000,0.000000
136000074.000000,6510.000000,117667.000000,302064.000000,31248.000000,45334329.000000,0.000000
137000010.000000,6510.000000,117667.000000,302064.000000,31248.000000,45667641.000000,0.000000
138000330.000000,6513.000000,117697.000000,302184.000000,31256.000000,46001081.000000,0.000000
139000650.000000,6508.000000,117731.000000,302176.000000,31264.000000,46334521.000000,0.000000
140000202.000000,6512.000000,117608.000000,301952.000000,31232.000000,46667705.000000,0.000000
141000138.000000,6510.000000,117667.000000,302064.000000,31248.000000,47001017.000000,0.000000
142000074.000000,6510.000000,117667.000000,302064.000000,31248.000000,47334329.000000,0.000000
143000394.000000,6508.000000,117731.000000,302176.000000,31264.000000,47667769.000000,0.000000
144000330.000000,6514.000000,117670.000000,302064.000000,31248.000000,48001081.000000,0.000000
145000266.000000,6510.000000,117667.000000,302064.000000,31248.000000,48334393.000000,0.000000
146000202.000000,6510.000000,117667.000000,302064.000000,31248.000000,48667705.000000,0.000000
147000138.000000,6506.000000,117669.000000,302064.000000,31248.000000,49001017.000000,0.000000
148000074.000000,6514.000000,117670.000000,302064.000000,31248.000000,49334329.000000,0.000000
149000010.000000,6510.000000,117667.000000,302064.000000,31248.000000,49667641.000000,0.000000
150000330.000000,6512.000000,117728.000000,302176.000000,31264.000000,50001081.000000,0.000000
151000266.000000,6509.000000,117667.000000,302064.000000,31248.000000,50334393.000000,0.000000
152000285.000000,6503.000000,117419.000000,302163.000000,31231.000000,50667787.000000,4.000000
153000221.000000,6510.000000,117667.000000,302064.000000,31248.000000,51001099.000000,0.000000
154000157.000000,6506.000000,117669.000000,302064.000000,31248.000000,51334411.000000,0.000000
155000093.000000,6514.000000,117670.000000,302064.000000,31248.000000,51667723.000000,0.000000
156000029.000000,6510.000000,117667.000000,302064.000000,31248.000000,52001035.000000,0.000000
157000349.000000,6512.000000,117728.000000,302176.000000,31264.000000,52334475.000000,0.000000
158000285.000000,6509.000000,117667.000000,302064.000000,31248.000000,52667787.000000,0.000000
159000221.000000,6511.000000,117672.000000,302064.000000,31248.000000,53001099.000000,0.000000
160000157.000000,6510.000000,117667.000000,302064.000000,31248.000000,53334411.000000,0.000000
161000093.000000,6510.000000,117667.000000,302064.000000,31248.000000,53667723.000000,0.000000
162000029.000000,6509.000000,117667.000000,302064.000000,31248.000000,54001035.000000,0.000000
163000349.000000,6514.000000,117701.000000,302184.000000,31256.000000,54334475.000000,0.000000
164000285.000000,6510.000000,117667.000000,302064.000000,31248.000000,54667787.000000,0.000000
165000221.000000,6510.000000,117667.000000,302064.000000,31248.000000,55001099.000000,0.000000
166000157.000000,6510.000000,117667.000000,302064.000000,31248.000000,55334411.000000,0.000000
167000093.000000,6510.000000,117672.000000,302064.000000,31248.000000,55667723.000000,0.000000
168000029.000000,6510.000000,117667.000000,302064.000000,31248.000000,56001035.000000,0.000000
169000349.000000,6513.000000,117697.000000,302184.000000,31256.000000,56334475.000000,0.000000
170000285.000000,6510.000000,117667.000000,302064.000000,31248.000000,56667787.000000,0.000000
171000605.000000,6508.000000,117731.000000,302176.000000,31264.000000,57001227.000000,0.000000
172000157.000000,6512.000000,117608.000000,301952.000000,31232.000000,57334411.000000,0.000000
173000093.000000,6510.000000,117667.000000,302064.000000,31248.000000,57667723.000000,0.000000
174000029.000000,6510.000000,117667.000000,302064.000000,31248.000000,58001035.000000,0.000000
175000349.000000,6508.000000,117731.000000,302176.000000,31264.000000,58334475.000000,0.000000
176000285.000000,6514.000000,117670.000000,302064.000000,31248.000000,58667787.000000,0.000000
177000221.000000,6510.000000,117667.000000,302064.000000,31248.000000,59001099.000000,0.000000
178000157.000000,6510.000000,117667.000000,302064.000000,31248.000000,59334411.000000,0.000000
179000093.000000,6506.000000,117669.000000,302064.000000,31248.000000,59667723.000000,0.000000
180000029.000000,6514.000000,117670.000000,302064.000000,31248.000000,60001035.000000,0.000000
181000349.000000,6512.000000,117728.000000,302176.000000,31264.000000,60334475.000000,0.000000
182000285.000000,6510.000000,117667.000000,302064.000000,31248.000000,60667787.000000,0.000000
183000221.000000,6509.000000,117667.000000,302064.000000,31248.000000,61001099.000000,0.000000
184000157.000000,6511.000000,117672.000000,302064.000000,31248.000000,61334411.000000,0.000000
185000093.000000,6510.000000,117667.000000,302064.000000,31248.000000,61667723.000000,0.000000
186000029.000000,6510.000000,117667.000000,302064.000000,31248.000000,62001035.000000,0.000000
187000022.000000,6512.000000,117695.000000,302071.000000,31255.000000,62334361.000000,0.000000
188000285.000000,6511.000000,117673.000000,302177.000000,31249.000000,62667787.000000,0.000000
189000221.000000,6510.000000,117667.000000,302064.000000,31248.000000,63001099.000000,0.000000
190000157.000000,6510.000000,117667.000000,302064.000000,31248.000000,63334411.000000,0.000000
191000093.000000,6510.000000,117667.000000,302064.000000,31248.000000,63667723.000000,0.000000
192000029.000000,6510.000000,117672.000000,302064.000000,31248.000000,64001035.000000,0.000000
193000349.000000,6513.000000,117697.000000,302184.000000,31256.000000,64334475.000000,0.000000
194000285.000000,6510.000000,117667.000000,302064.000000,31248.000000,64667787.000000,0.000000
195000221.000000,6510.000000,117667.000000,302064.000000,31248.000000,65001099.000000,0.000000
196000541.000000,6508.000000,117731.000000,302176.000000,31264.000000,65334539.000000,0.000000
197000093.000000,6512.000000,117608.000000,301952.000000,31232.000000,65667723.000000,0.000000
198000029.000000,6510.000000,117667.000000,302064.000000,31248.000000,66001035.000000,0.000000
199000349.000000,6512.000000,117729.000000,302176.000000,31264.000000,66334475.000000,0.000000
200000285.000000,6506.000000,117669.000000,302064.000000,31248.000000,66667787.000000,0.000000
201000221.000000,6514.000000,117670.000000,302064.000000,31248.000000,67001099.000000,0.000000
202000048.000000,6493.000000,117298.000000,302028.000000,31213.000000,67334340.000000,6.000000
203000368.000000,6516.000000,117731.000000,302176.000000,31264.000000,67667780.000000,0.000000
204000304.000000,6510.000000,117667.000000,302064.000000,31248.000000,68001092.000000,0.000000
205000240.000000,6510.000000,117667.000000,302064.000000,31248.000000,68334404.000000,0.000000
206000176.000000,6509.000000,117667.000000,302064.000000,31248.000000,68667716.000000,0.000000
207000112.000000,6511.000000,117672.000000,302064.000000,31248.000000,69001028.000000,0.000000
208000048.000000,6510.000000,117667.000000,302064.000000,31248.000000,69334340.000000,0.000000
209000368.000000,6513.000000,117696.000000,302184.000000,31256.000000,69667780.000000,0.000000
210000304.000000,6510.000000,117667.000000,302064.000000,31248.000000,70001092.000000,0.000000
211000240.000000,6510.000000,117672.000000,302064.000000,31248.000000,70334404.000000,0.000000
212000176.000000,6510.000000,117667.000000,302064.000000,31248.000000,70667716.000000,0.000000
213000112.000000,6510.000000,117667.000000,302064.000000,31248.000000,71001028.000000,0.000000
214000048.000000,6510.000000,117667.000000,302064.000000,31248.000000,71334340.000000,0.000000
215000752.000000,6511.000000,117761.000000,302296.000000,31272.000000,71667908.000000,0.000000
216000304.000000,6512.000000,117608.000000,301952.000000,31232.000000,72001092.000000,0.000000
217000240.000000,6510.000000,117667.000000,302064.000000,31248.000000,72334404.000000,0.000000
218000176.000000,6510.000000,117667.000000,302064.000000,31248.000000,72667716.000000,0.000000
219000496.000000,6508.000000,117731.000000,302176.000000,31264.000000,73001156.000000,0.000000
220000048.000000,6512.000000,117608.000000,301952.000000,31232.000000,73334340.000000,0.000000
221000368.000000,6512.000000,117729.000000,302176.000000,31264.000000,73667780.000000,0.000000
222000304.000000,6510.000000,117667.000000,302064.000000,31248.000000,74001092.000000,0.000000
223000240.000000,6506.000000,117669.000000,302064.000000,31248.000000,74334404.000000,0.000000
224000176.000000,6514.000000,117670.000000,302064.000000,31248.000000,74667716.000000,0.000000
225000112.000000,6510.000000,117667.000000,302064.000000,31248.000000,75001028.000000,0.000000
226000048.000000,6510.000000,117667.000000,302064.000000,31248.000000,75334340.000000,0.000000
227000041.000000,6509.000000,117697.000000,302071.000000,31255.000000,75667666.000000,0.000000
228000304.000000,6513.000000,117703.000000,302169.000000,31257.000000,76001092.000000,0.000000
229000240.000000,6510.000000,117667.000000,302064.000000,31248.000000,76334404.000000,0.000000
230000176.000000,6510.000000,117667.000000,302064.000000,31248.000000,76667716.000000,0.000000
231000112.000000,6509.000000,117667.000000,302064.000000,31248.000000,77001028.000000,0.000000
232000048.000000,6511.000000,117672.000000,302064.000000,31248.000000,77334340.000000,0.000000
233000368.000000,6513.000000,117696.000000,302184.000000,31256.000000,77667780.000000,0.000000
234000304.000000,6510.000000,117667.000000,302064.000000,31248.000000,78001092.000000,0.000000
235000240.000000,6510.000000,117667.000000,302064.000000,31248.000000,78334404.000000,0.000000
236000176.000000,6510.000000,117672.000000,302064.000000,31248.000000,78667716.000000,0.000000
237000112.000000,6510.000000,117667.000000,302064.000000,31248.000000,79001028.000000,0.000000
238000048.000000,6510.000000,117667.000000,302064.000000,31248.000000,79334340.000000,0.000000
239000368.000000,6513.000000,117697.000000,302184.000000,31256.000000,79667780.000000,0.000000
240000688.000000,6508.000000,117731.000000,302176.000000,31264.000000,80001220.000000,0.000000
241000240.000000,6512.000000,117608.000000,301952.000000,31232.000000,80334404.000000,0.000000
242000176.000000,6510.000000,117667.000000,302064.000000,31248.000000,80667716.000000,0.000000
243000112.000000,6510.000000,117667.000000,302064.000000,31248.000000,81001028.000000,0.000000
244000432.000000,6508.000000,117731.000000,302176.000000,31264.000000,81334468.000000,0.000000
245000368.000000,6514.000000,117670.000000,302064.000000,31248.000000,81667780.000000,0.000000
246000304.000000,6510.000000,117667.000000,302064.000000,31248.000000,82001092.000000,0.000000
247000240.000000,6510.000000,117667.000000,302064.000000,31248.000000,82334404.000000,0.000000
248000176.000000,6506.000000,117669.000000,302064.000000,31248.000000,82667716.000000,0.000000
249000112.000000,6514.000000,117670.000000,302064.000000,31248.000000,83001028.000000,0.000000
250000048.000000,6510.000000,117667.000000,302064.000000,31248.000000,83334340.000000,0.000000
251000368.000000,6512.000000,117728.000000,302176.000000,31264.000000,83667780.000000,0.000000
252000194.000000,6485.000000,117066.000000,301896.000000,31174.000000,84000850.000000,4.000000
253000130.000000,6506.000000,117669.000000,302064.000000,31248.000000,84334162.000000,0.000000
254000066.000000,6514.000000,117670.000000,302064.000000,31248.000000,84667474.000000,0.000000
255000002.000000,6510.000000,117667.000000,302064.000000,31248.000000,85000786.000000,0.000000
256000322.000000,6512.000000,117728.000000,302176.000000,31264.000000,85334226.000000,0.000000
257000258.000000,6509.000000,117667.000000,302064.000000,31248.000000,85667538.000000,0.000000
258000194.000000,6511.000000,117672.000000,302064.000000,31248.000000,86000850.000000,0.000000
259000130.000000,6510.000000,117667.000000,302064.000000,31248.000000,86334162.000000,0.000000
260000066.000000,6510.000000,117667.000000,302064.000000,31248.000000,86667474.000000,0.000000
261000002.000000,6509.000000,117667.000000,302064.000000,31248.000000,87000786.000000,0.000000
262000322.000000,6514.000000,117701.000000,302184.000000,31256.000000,87334226.000000,0.000000
263000258.000000,6510.000000,117667.000000,302064.000000,31248.000000,87667538.000000,0.000000
264000194.000000,6510.000000,117667.000000,302064.000000,31248.000000,88000850.000000,0.000000
265000130.000000,6510.000000,117667.000000,302064.000000,31248.000000,88334162.000000,0.000000
266000066.000000,6510.000000,117672.000000,302064.000000,31248.000000,88667474.000000,0.000000
267000002.000000,6510.000000,117667.000000,302064.000000,31248.000000,89000786.000000,0.000000
268000322.000000,6513.000000,117697.000000,302184.000000,31256.000000,89334226.000000,0.000000
269000258.000000,6510.000000,117667.000000,302064.000000,31248.000000,89667538.000000,0.000000
270000578.000000,6508.000000,117731.000000,302176.000000,31264.000000,90000978.000000,0.000000
271000130.000000,6512.000000,117608.000000,301952.000000,31232.000000,90334162.000000,0.000000
272000066.000000,6510.000000,117667.000000,302064.000000,31248.000000,90667474.000000,0.000000
273000002.000000,6510.000000,117667.000000,302064.000000,31248.000000,91000786.000000,0.000000
274000322.000000,6508.000000,117731.000000,302176.000000,31264.000000,91334226.000000,0.000000
275000258.000000,6514.000000,117670.000000,302064.000000,31248.000000,91667538.000000,0.000000
276000194.000000,6510.000000,117667.000000,302064.000000,31248.000000,92000850.000000,0.000000
277000130.000000,6510.000000,117667.000000,302064.000000,31248.000000,92334162.000000,0.000000
278000066.000000,6506.000000,117669.000000,302064.000000,31248.000000,92667474.000000,0.000000
279000002.000000,6514.000000,117670.000000,302064.000000,31248.000000,93000786.000000,0.000000
280000322.000000,6512.000000,117728.000000,302176.000000,31264.000000,93334226.000000,0.000000
281000258.000000,6510.000000,117667.000000,302064.000000,31248.000000,93667538.000000,0.000000
282000194.000000,6509.000000,117667.000000,302064.000000,31248.000000,94000850.000000,0.000000
283000130.000000,6511.000000,117672.000000,302064.000000,31248.000000,94334162.000000,0.000000
284000066.000000,6510.000000,117667.000000,302064.000000,31248.000000,94667474.000000,0.000000
285000002.000000,6510.000000,117667.000000,302064.000000,31248.000000,95000786.000000,0.000000
286000322.000000,6513.000000,117696.000000,302184.000000,31256.000000,95334226.000000,0.000000
287000258.000000,6510.000000,117672.000000,302064.000000,31248.000000,95667538.000000,0.000000
288000194.000000,6510.000000,117667.000000,302064.000000,31248.000000,96000850.000000,0.000000
289000130.000000,6510.000000,117667.000000,302064.000000,31248.000000,96334162.000000,0.000000
290000066.000000,6510.000000,117667.000000,302064.000000,31248.000000,96667474.000000,0.000000
291000002.000000,6510.000000,117672.000000,302064.000000,31248.000000,97000786.000000,0.000000
292000322.000000,6513.000000,117697.000000,302184.000000,31256.000000,97334226.000000,0.000000
293000258.000000,6510.000000,117667.000000,302064.000000,31248.000000,97667538.000000,0.000000
294000194.000000,6510.000000,117667.000000,302064.000000,31248.000000,98000850.000000,0.000000
295000514.000000,6508.000000,117731.000000,302176.000000,31264.000000,98334290.000000,0.000000
296000066.000000,6512.000000,117608.000000,301952.000000,31232.000000,98667474.000000,0.000000
297000002.000000,6510.000000,117667.000000,302064.000000,31248.000000,99000786.000000,0.000000
298000322.000000,6512.000000,117729.000000,302176.000000,31264.000000,99334226.000000,0.000000
299000258.000000,6506.000000,117669.000000,302064.000000,31248.000000,99667538.000000,0.000000
300000194.000000,6514.000000,117670.000000,302064.000000,31248.000000,100000850.000000,0.000000
301000130.000000,6510.000000,117667.000000,302064.000000,31248.000000,100334162.000000,0.000000
302000066.000000,6510.000000,117667.000000,302064.000000,31248.000000,100667474.000000,0.000000
303000022.000000,6472.000000,116565.000000,301803.000000,31092.000000,101000369.000000,10.000000
304000342.000000,6512.000000,117728.000000,302176.000000,31264.000000,101333809.000000,0.000000
305000278.000000,6509.000000,117667.000000,302064.000000,31248.000000,101667121.000000,0.000000
306000214.000000,6511.000000,117672.000000,302064.000000,31248.000000,102000433.000000,0.000000
307000150.000000,6510.000000,117667.000000,302064.000000,31248.000000,102333745.000000,0.000000
308000086.000000,6510.000000,117667.000000,302064.000000,31248.000000,102667057.000000,0.000000
309000022.000000,6509.000000,117667.000000,302064.000000,31248.000000,103000369.000000,0.000000
310000342.000000,6514.000000,117701.000000,302184.000000,31256.000000,103333809.000000,0.000000
311000278.000000,6510.000000,117667.000000,302064.000000,31248.000000,103667121.000000,0.000000
312000214.000000,6510.000000,117667.000000,302064.000000,31248.000000,104000433.000000,0.000000
313000150.000000,6510.000000,117667.000000,302064.000000,31248.000000,104333745.000000,0.000000
314000086.000000,6510.000000,117672.000000,302064.000000,31248.000000,104667057.000000,0.000000
315000022.000000,6510.000000,117667.000000,302064.000000,31248.000000,105000369.000000,0.000000
316000342.000000,6513.000000,117697.000000,302184.000000,31256.000000,105333809.000000,0.000000
317000278.000000,6510.000000,117667.000000,302064.000000,31248.000000,105667121.000000,0.000000
318000598.000000,6508.000000,117731.000000,302176.000000,31264.000000,106000561.000000,0.000000
319000150.000000,6512.000000,117608.000000,301952.000000,31232.000000,106333745.000000,0.000000
320000086.000000,6510.000000,117667.000000,302064.000000,31248.000000,106667057.000000,0.000000
321000022.000000,6510.000000,117667.000000,302064.000000,31248.000000,107000369.000000,0.000000
322000342.000000,6508.000000,117731.000000,302176.000000,31264.000000,107333809.000000,0.000000
323000278.000000,6514.000000,117670.000000,302064.000000,31248.000000,107667121.000000,0.000000
324000214.000000,6510.000000,117667.000000,302064.000000,31248.000000,108000433.000000,0.000000
325000150.000000,6510.000000,117667.000000,302064.000000,31248.000000,108333745.000000,0.000000
326000086.000000,6506.000000,117669.000000,302064.000000,31248.000000,108667057.000000,0.000000
327000022.000000,6514.000000,117670.000000,302064.000000,31248.000000,109000369.000000,0.000000
328000342.000000,6512.000000,117728.000000,302176.000000,31264.000000,109333809.000000,0.000000
329000278.000000,6510.000000,117667.000000,302064.000000,31248.000000,109667121.000000,0.000000
330000214.000000,6509.000000,117667.000000,302064.000000,31248.000000,110000433.000000,0.000000
331000150.000000,6511.000000,117672.000000,302064.000000,31248.000000,110333745.000000,0.000000
332000086.000000,6510.000000,117667.000000,302064.000000,31248.000000,110667057.000000,0.000000
333000022.000000,6510.000000,117667.000000,302064.000000,31248.000000,111000369.000000,0.000000
334000015.000000,6512.000000,117695.000000,302071.000000,31255.000000,111333695.000000,0.000000
335000278.000000,6511.000000,117673.000000,302177.000000,31249.000000,111667121.000000,0.000000
336000214.000000,6510.000000,117667.000000,302064.000000,31248.000000,112000433.000000,0.000000
337000150.000000,6510.000000,117667.000000,302064.000000,31248.000000,112333745.000000,0.000000
338000086.000000,6510.000000,117667.000000,302064.000000,31248.000000,112667057.000000,0.000000
339000022.000000,6510.000000,117672.000000,302064.000000,31248.000000,113000369.000000,0.000000
340000342.000000,6513.000000,117697.000000,302184.000000,31256.000000,113333809.000000,0.000000
341000278.000000,6510.000000,117667.000000,302064.000000,31248.000000,113667121.000000,0.000000
342000214.000000,6510.000000,117667.000000,302064.000000,31248.000000,114000433.000000,0.000000
343000534.000000,6508.000000,117731.000000,302176.000000,31264.000000,114333873.000000,0.000000
344000086.000000,6512.000000,117608.000000,301952.000000,31232.000000,114667057.000000,0.000000
345000022.000000,6510.000000,117667.000000,302064.000000,31248.000000,115000369.000000,0.000000
346000342.000000,6512.000000,117729.000000,302176.000000,31264.000000,115333809.000000,0.000000
347000278.000000,6506.000000,117669.000000,302064.000000,31248.000000,115667121.000000,0.000000
348000214.000000,6514.000000,117670.000000,302064.000000,31248.000000,116000433.000000,0.000000
349000150.000000,6510.000000,117667.000000,302064.000000,31248.000000,116333745.000000,0.000000
350000086.000000,6510.000000,117667.000000,302064.000000,31248.000000,116667057.000000,0.000000
351000022.000000,6506.000000,117669.000000,302064.000000,31248.000000,117000369.000000,0.000000
352000342.000000,6516.000000,117731.000000,302176.000000,31264.000000,117333809.000000,0.000000
353000144.000000,6427.000000,115733.000000,301200.000000,30974.000000,117665983.000000,5.000000
354000080.000000,6510.000000,117667.000000,302064.000000,31248.000000,117999295.000000,0.000000
355000016.000000,6510.000000,117667.000000,302064.000000,31248.000000,118332607.000000,0.000000
356000009.000000,6512.000000,117695.000000,302071.000000,31255.000000,118665933.000000,0.000000
357000272.000000,6511.000000,117673.000000,302177.000000,31249.000000,118999359.000000,0.000000
358000208.000000,6510.000000,117667.000000,302064.000000,31248.000000,119332671.000000,0.000000
359000144.000000,6510.000000,117667.000000,302064.000000,31248.000000,119665983.000000,0.000000
360000080.000000,6510.000000,117667.000000,302064.000000,31248.000000,119999295.000000,0.000000
361000016.000000,6510.000000,117672.000000,302064.000000,31248.000000,120332607.000000,0.000000
362000336.000000,6513.000000,117697.000000,302184.000000,31256.000000,120666047.000000,0.000000
363000272.000000,6510.000000,117667.000000,302064.000000,31248.000000,120999359.000000,0.000000
364000208.000000,6510.000000,117667.000000,302064.000000,31248.000000,121332671.000000,0.000000
365000528.000000,6508.000000,117731.000000,302176.000000,31264.000000,121666111.000000,0.000000
366000080.000000,6512.000000,117608.000000,301952.000000,31232.000000,121999295.000000,0.000000
367000016.000000,6510.000000,117667.000000,302064.000000,31248.000000,122332607.000000,0.000000
368000336.000000,6512.000000,117729.000000,302176.000000,31264.000000,122666047.000000,0.000000
369000272.000000,6506.000000,117669.000000,302064.000000,31248.000000,122999359.000000,0.000000
370000208.000000,6514.000000,117670.000000,302064.000000,31248.000000,123332671.000000,0.000000
371000144.000000,6510.000000,117667.000000,302064.000000,31248.000000,123665983.000000,0.000000
372000080.000000,6510.000000,117667.000000,302064.000000,31248.000000,123999295.000000,0.000000
373000016.000000,6506.000000,117669.000000,302064.000000,31248.000000,124332607.000000,0.000000
374000336.000000,6516.000000,117731.000000,302176.000000,31264.000000,124666047.000000,0.000000
375000272.000000,6510.000000,117667.000000,302064.000000,31248.000000,124999359.000000,0.000000
376000208.000000,6510.000000,117667.000000,302064.000000,31248.000000,125332671.000000,0.000000
377000144.000000,6509.000000,117667.000000,302064.000000,31248.000000,125665983.000000,0.000000
378000080.000000,6511.000000,117672.000000,302064.000000,31248.000000,125999295.000000,0.000000
379000016.000000,6510.000000,117667.000000,302064.000000,31248.000000,126332607.000000,0.000000
380000336.000000,6513.000000,117696.000000,302184.000000,31256.000000,126666047.000000,0.000000
381000272.000000,6510.000000,117667.000000,302064.000000,31248.000000,126999359.000000,0.000000
382000208.000000,6510.000000,117672.000000,302064.000000,31248.000000,127332671.000000,0.000000
383000144.000000,6510.000000,117667.000000,302064.000000,31248.000000,127665983.000000,0.000000
384000080.000000,6510.000000,117667.000000,302064.000000,31248.000000,127999295.000000,0.000000
385000016.000000,6510.000000,117667.000000,302064.000000,31248.000000,128332607.000000,0.000000
386000720.000000,6511.000000,117761.000000,302296.000000,31272.000000,128666175.000000,0.000000
387000272.000000,6512.000000,117608.000000,301952.000000,31232.000000,128999359.000000,0.000000
388000208.000000,6510.000000,117667.000000,302064.000000,31248.000000,129332671.000000,0.000000
389000144.000000,6510.000000,117667.000000,302064.000000,31248.000000,129665983.000000,0.000000
390000464.000000,6508.000000,117731.000000,302176.000000,31264.000000,129999423.000000,0.000000
391000016.000000,6512.000000,117608.000000,301952.000000,31232.000000,130332607.000000,0.000000
392000336.000000,6512.000000,117729.000000,302176.000000,31264.000000,130666047.000000,0.000000
393000272.000000,6510.000000,117667.000000,302064.000000,31248.000000,130999359.000000,0.000000
394000208.000000,6506.000000,117669.000000,302064.000000,31248.000000,131332671.000000,0.000000
395000144.000000,6514.000000,117670.000000,302064.000000,31248.000000,131665983.000000,0.000000
396000080.000000,6510.000000,117667.000000,302064.000000,31248.000000,131999295.000000,0.000000
397000016.000000,6510.000000,117667.000000,302064.000000,31248.000000,132332607.000000,0.000000
398000009.000000,6509.000000,117697.000000,302071.000000,31255.000000,132665933.000000,0.000000
399000272.000000,6513.000000,117703.000000,302169.000000,31257.000000,132999359.000000,0.000000
400000208.000000,6510.000000,117667.000000,302064.000000,31248.000000,133332671.000000,0.000000
401000144.000000,6510.000000,117667.000000,302064.000000,31248.000000,133665983.000000,0.000000
402000080.000000,6509.000000,117667.000000,302064.000000,31248.000000,133999295.000000,0.000000
403000153.000000,6370.000000,114183.000000,300174.000000,30840.000000,134330309.000000,15.000000
404000089.000000,6510.000000,117667.000000,302064.000000,31248.000000,134663621.000000,0.000000
405000025.000000,6510.000000,117667.000000,302064.000000,31248.000000,134996933.000000,0.000000
406000729.000000,6511.000000,117761.000000,302296.000000,31272.000000,135330501.000000,0.000000
407000281.000000,6512.000000,117608.000000,301952.000000,31232.000000,135663685.000000,0.000000
408000217.000000,6510.000000,117667.000000,302064.000000,31248.000000,135996997.000000,0.000000
409000153.000000,6510.000000,117667.000000,302064.000000,31248.000000,136330309.000000,0.000000
410000473.000000,6508.000000,117731.000000,302176.000000,31264.000000,136663749.000000,0.000000
411000025.000000,6512.000000,117608.000000,301952.000000,31232.000000,136996933.000000,0.000000
412000345.000000,6512.000000,117729.000000,302176.000000,31264.000000,137330373.000000,0.000000
413000281.000000,6510.000000,117667.000000,302064.000000,31248.000000,137663685.000000,0.000000
414000217.000000,6506.000000,117669.000000,302064.000000,31248.000000,137996997.000000,0.000000
415000153.000000,6514.000000,117670.000000,302064.000000,31248.000000,138330309.000000,0.000000
416000089.000000,6510.000000,117667.000000,302064.000000,31248.000000,138663621.000000,0.000000
417000025.000000,6510.000000,117667.000000,302064.000000,31248.000000,138996933.000000,0.000000
418000018.000000,6509.000000,117697.000000,302071.000000,31255.000000,139330259.000000,0.000000
419000281.000000,6513.000000,117703.000000,302169.000000,31257.000000,139663685.000000,0.000000
420000217.000000,6510.000000,117667.000000,302064.000000,31248.000000,139996997.000000,0.000000
421000153.000000,6510.000000,117667.000000,302064.000000,31248.000000,140330309.000000,0.000000
422000089.000000,6509.000000,117667.000000,302064.000000,31248.000000,140663621.000000,0.000000
423000025.000000,6511.000000,117672.000000,302064.000000,31248.000000,140996933.000000,0.000000
424000345.000000,6513.000000,117696.000000,302184.000000,31256.000000,141330373.000000,0.000000
425000281.000000,6510.000000,117667.000000,302064.000000,31248.000000,141663685.000000,0.000000
426000217.000000,6510.000000,117667.000000,302064.000000,31248.000000,141996997.000000,0.000000
427000153.000000,6510.000000,117672.000000,302064.000000,31248.000000,142330309.000000,0.000000
428000089.000000,6510.000000,117667.000000,302064.000000,31248.000000,142663621.000000,0.000000
429000025.000000,6510.000000,117667.000000,302064.000000,31248.000000,142996933.000000,0.000000
430000345.000000,6513.000000,117697.000000,302184.000000,31256.000000,143330373.000000,0.000000
431000665.000000,6508.000000,117731.000000,302176.000000,31264.000000,143663813.000000,0.000000
432000217.000000,6512.000000,117608.000000,301952.000000,31232.000000,143996997.000000,0.000000
433000153.000000,6510.000000,117667.000000,302064.000000,31248.000000,144330309.000000,0.000000
434000089.000000,6510.000000,117667.000000,302064.000000,31248.000000,144663621.000000,0.000000
435000409.000000,6508.000000,117731.000000,302176.000000,31264.000000,144997061.000000,0.000000
436000345.000000,6514.000000,117670.000000,302064.000000,31248.000000,145330373.000000,0.000000
437000281.000000,6510.000000,117667.000000,302064.000000,31248.000000,145663685.000000,0.000000
438000217.000000,6510.000000,117667.000000,302064.000000,31248.000000,145996997.000000,0.000000
439000153.000000,6506.000000,117669.000000,302064.000000,31248.000000,146330309.000000,0.000000
440000089.000000,6514.000000,117670.000000,302064.000000,31248.000000,146663621.000000,0.000000
441000025.000000,6510.000000,117667.000000,302064.000000,31248.000000,146996933.000000,0.000000
442000345.000000,6512.000000,117728.000000,302176.000000,31264.000000,147330373.000000,0.000000
443000281.000000,6509.000000,117667.000000,302064.000000,31248.000000,147663685.000000,0.000000
444000217.000000,6511.000000,117672.000000,302064.000000,31248.000000,147996997.000000,0.000000
445000153.000000,6510.000000,117667.000000,302064.000000,31248.000000,148330309.000000,0.000000
446000089.000000,6510.000000,117667.000000,302064.000000,31248.000000,148663621.000000,0.000000
447000025.000000,6509.000000,117667.000000,302064.000000,31248.000000,148996933.000000,0.000000
448000345.000000,6514.000000,117701.000000,302184.000000,31256.000000,149330373.000000,0.000000
449000281.000000,6510.000000,117667.000000,302064.000000,31248.000000,149663685.000000,0.000000
450000217.000000,6510.000000,117667.000000,302064.000000,31248.000000,149996997.000000,0.000000
451000153.000000,6510.000000,117667.000000,302064.000000,31248.000000,150330309.000000,0.000000
452000089.000000,6510.000000,117672.000000,302064.000000,31248.000000,150663621.000000,0.000000
453000025.000000,6510.000000,117667.000000,302064.000000,31248.000000,150996933.000000,0.000000
454000041.000000,6229.000000,111048.000000,298052.000000,30436.000000,151325421.000000,19.000000
455000361.000000,6508.000000,117731.000000,302176.000000,31264.000000,151658861.000000,0.000000
456000297.000000,6514.000000,117670.000000,302064.000000,31248.000000,151992173.000000,0.000000
457000233.000000,6510.000000,117667.000000,302064.000000,31248.000000,152325485.000000,0.000000
458000169.000000,6510.000000,117667.000000,302064.000000,31248.000000,152658797.000000,0.000000
459000105.000000,6506.000000,117669.000000,302064.000000,31248.000000,152992109.000000,0.000000
460000041.000000,6514.000000,117670.000000,302064.000000,31248.000000,153325421.000000,0.000000
461000361.000000,6512.000000,117728.000000,302176.000000,31264.000000,153658861.000000,0.000000
462000297.000000,6510.000000,117667.000000,302064.000000,31248.000000,153992173.000000,0.000000
463000233.000000,6509.000000,117667.000000,302064.000000,31248.000000,154325485.000000,0.000000
464000169.000000,6511.000000,117672.000000,302064.000000,31248.000000,154658797.000000,0.000000
465000105.000000,6510.000000,117667.000000,302064.000000,31248.000000,154992109.000000,0.000000
466000041.000000,6510.000000,117667.000000,302064.000000,31248.000000,155325421.000000,0.000000
467000034.000000,6512.000000,117695.000000,302071.000000,31255.000000,155658747.000000,0.000000
468000297.000000,6511.000000,117673.000000,302177.000000,31249.000000,155992173.000000,0.000000
469000233.000000,6510.000000,117667.000000,302064.000000,31248.000000,156325485.000000,0.000000
470000169.000000,6510.000000,117667.000000,302064.000000,31248.000000,156658797.000000,0.000000
471000105.000000,6510.000000,117667.000000,302064.000000,31248.000000,156992109.000000,0.000000
472000041.000000,6510.000000,117672.000000,302064.000000,31248.000000,157325421.000000,0.000000
473000361.000000,6513.000000,117697.000000,302184.000000,31256.000000,157658861.000000,0.000000
474000297.000000,6510.000000,117667.000000,302064.000000,31248.000000,157992173.000000,0.000000
475000233.000000,6510.000000,117667.000000,302064.000000,31248.000000,158325485.000000,0.000000
476000553.000000,6508.000000,117731.000000,302176.000000,31264.000000,158658925.000000,0.000000
477000105.000000,6512.000000,117608.000000,301952.000000,31232.000000,158992109.000000,0.000000
478000041.000000,6510.000000,117667.000000,302064.000000,31248.000000,159325421.000000,0.000000
479000361.000000,6512.000000,117729.000000,302176.000000,31264.000000,159658861.000000,0.000000
480000297.000000,6506.000000,117669.000000,302064.000000,31248.000000,159992173.000000,0.000000
481000233.000000,6514.000000,117670.000000,302064.000000,31248.000000,160325485.000000,0.000000
482000169.000000,6510.000000,117667.000000,302064.000000,31248.000000,160658797.000000,0.000000
483000105.000000,6510.000000,117667.000000,302064.000000,31248.000000,160992109.000000,0.000000
484000041.000000,6506.000000,117669.000000,302064.000000,31248.000000,161325421.000000,0.000000
485000361.000000,6516.000000,117731.000000,302176.000000,31264.000000,161658861.000000,0.000000
486000297.000000,6510.000000,117667.000000,302064.000000,31248.000000,161992173.000000,0.000000
487000233.000000,6510.000000,117667.000000,302064.000000,31248.000000,162325485.000000,0.000000
488000169.000000,6509.000000,117667.000000,302064.000000,31248.000000,162658797.000000,0.000000
489000105.000000,6511.000000,117672.000000,302064.000000,31248.000000,162992109.000000,0.000000
490000041.000000,6510.000000,117667.000000,302064.000000,31248.000000,163325421.000000,0.000000
491000361.000000,6513.000000,117696.000000,302184.000000,31256.000000,163658861.000000,0.000000
492000297.000000,6510.000000,117667.000000,302064.000000,31248.000000,163992173.000000,0.000000
493000233.000000,6510.000000,117672.000000,302064.000000,31248.000000,164325485.000000,0.000000
494000169.000000,6510.000000,117667.000000,302064.000000,31248.000000,164658797.000000,0.000000
495000105.000000,6510.000000,117667.000000,302064.000000,31248.000000,164992109.000000,0.000000
496000041.000000,6510.000000,117667.000000,302064.000000,31248.000000,165325421.000000,0.000000
497000745.000000,6511.000000,117761.000000,302296.000000,31272.000000,165658989.000000,0.000000
498000297.000000,6512.000000,117608.000000,301952.000000,31232.000000,165992173.000000,0.000000
499000233.000000,6510.000000,117667.000000,302064.000000,31248.000000,166325485.000000,0.000000
500000169.000000,6510.000000,117667.000000,302064.000000,31248.000000,166658797.000000,0.000000
501000489.000000,6508.000000,117731.000000,302176.000000,31264.000000,166992237.000000,0.000000
502000041.000000,6512.000000,117608.000000,301952.000000,31232.000000,167325421.000000,0.000000
503000361.000000,6512.000000,117729.000000,302176.000000,31264.000000,167658861.000000,0.000000
504000265.000000,5958.000000,105258.000000,293765.000000,29720.000000,167982346.000000,53.000000
505000201.000000,6511.000000,117672.000000,302064.000000,31248.000000,168315658.000000,0.000000
506000137.000000,6510.000000,117667.000000,302064.000000,31248.000000,168648970.000000,0.000000
507000073.000000,6510.000000,117667.000000,302064.000000,31248.000000,168982282.000000,0.000000
508000009.000000,6509.000000,117667.000000,302064.000000,31248.000000,169315594.000000,0.000000
509000329.000000,6514.000000,117701.000000,302184.000000,31256.000000,169649034.000000,0.000000
510000265.000000,6510.000000,117667.000000,302064.000000,31248.000000,169982346.000000,0.000000
511000201.000000,6510.000000,117667.000000,302064.000000,31248.000000,170315658.000000,0.000000
512000137.000000,6510.000000,117667.000000,302064.000000,31248.000000,170648970.000000,0.000000
513000073.000000,6510.000000,117672.000000,302064.000000,31248.000000,170982282.000000,0.000000
514000009.000000,6510.000000,117667.000000,302064.000000,31248.000000,171315594.000000,0.000000
515000329.000000,6513.000000,117697.000000,302184.000000,31256.000000,171649034.000000,0.000000
516000265.000000,6510.000000,117667.000000,302064.000000,31248.000000,171982346.000000,0.000000
517000585.000000,6508.000000,117731.000000,302176.000000,31264.000000,172315786.000000,0.000000
518000137.000000,6512.000000,117608.000000,301952.000000,31232.000000,172648970.000000,0.000000
519000073.000000,6510.000000,117667.000000,302064.000000,31248.000000,172982282.000000,0.000000
520000009.000000,6510.000000,117667.000000,302064.000000,31248.000000,173315594.000000,0.000000
521000329.000000,6508.000000,117731.000000,302176.000000,31264.000000,173649034.000000,0.000000
522000265.000000,6514.000000,117670.000000,302064.000000,31248.000000,173982346.000000,0.000000
523000201.000000,6510.000000,117667.000000,302064.000000,31248.000000,174315658.000000,0.000000
524000137.000000,6510.000000,117667.000000,302064.000000,31248.000000,174648970.000000,0.000000
525000073.000000,6506.000000,117669.000000,302064.000000,31248.000000,174982282.000000,0.000000
526000009.000000,6514.000000,117670.000000,302064.000000,31248.000000,175315594.000000,0.000000
527000329.000000,6512.000000,117728.000000,302176.000000,31264.000000,175649034.000000,0.000000
528000265.000000,6510.000000,117667.000000,302064.000000,31248.000000,175982346.000000,0.000000
529000201.000000,6509.000000,117667.000000,302064.000000,31248.000000,176315658.000000,0.000000
530000137.000000,6511.000000,117672.000000,302064.000000,31248.000000,176648970.000000,0.000000
531000073.000000,6510.000000,117667.000000,302064.000000,31248.000000,176982282.000000,0.000000
532000009.000000,6510.000000,117667.000000,302064.000000,31248.000000,177315594.000000,0.000000
533000002.000000,6512.000000,117695.000000,302071.000000,31255.000000,177648920.000000,0.000000
534000265.000000,6511.000000,117673.000000,302177.000000,31249.000000,177982346.000000,0.000000
535000201.000000,6510.000000,117667.000000,302064.000000,31248.000000,178315658.000000,0.000000
536000137.000000,6510.000000,117667.000000,302064.000000,31248.000000,178648970.000000,0.000000
537000073.000000,6510.000000,117667.000000,302064.000000,31248.000000,178982282.000000,0.000000
538000009.000000,6510.000000,117672.000000,302064.000000,31248.000000,179315594.000000,0.000000
539000329.000000,6513.000000,117697.000000,302184.000000,31256.000000,179649034.000000,0.000000
540000265.000000,6510.000000,117667.000000,302064.000000,31248.000000,179982346.000000,0.000000
541000201.000000,6510.000000,117667.000000,302064.000000,31248.000000,180315658.000000,0.000000
542000521.000000,6508.000000,117731.000000,302176.000000,31264.000000,180649098.000000,0.000000
543000073.000000,6512.000000,117608.000000,301952.000000,31232.000000,180982282.000000,0.000000
544000009.000000,6510.000000,117667.000000,302064.000000,31248.000000,181315594.000000,0.000000
545000329.000000,6512.000000,117729.000000,302176.000000,31264.000000,181649034.000000,0.000000
546000265.000000,6506.000000,117669.000000,302064.000000,31248.000000,181982346.000000,0.000000
547000201.000000,6514.000000,117670.000000,302064.000000,31248.000000,182315658.000000,0.000000
548000137.000000,6510.000000,117667.000000,302064.000000,31248.000000,182648970.000000,0.000000
549000073.000000,6510.000000,117667.000000,302064.000000,31248.000000,182982282.000000,0.000000
550000009.000000,6506.000000,117669.000000,302064.000000,31248.000000,183315594.000000,0.000000
551000329.000000,6516.000000,117731.000000,302176.000000,31264.000000,183649034.000000,0.000000
552000265.000000,6510.000000,117667.000000,302064.000000,31248.000000,183982346.000000,0.000000
553000201.000000,6510.000000,117667.000000,302064.000000,31248.000000,184315658.000000,0.000000
554000075.000000,6377.000000,110509.000000,298579.000000,31755.000000,184645992.000000,36.000000
555000201.000000,5675.000000,100672.000000,288700.000000,27889.000000,184962581.000000,54.000000
556000137.000000,6510.000000,117667.000000,302064.000000,31248.000000,185295893.000000,0.000000
557000073.000000,6510.000000,117667.000000,302064.000000,31248.000000,185629205.000000,0.000000
558000393.000000,6508.000000,117731.000000,302176.000000,31264.000000,185962645.000000,0.000000
559000329.000000,6514.000000,117670.000000,302064.000000,31248.000000,186295957.000000,0.000000
560000265.000000,6510.000000,117667.000000,302064.000000,31248.000000,186629269.000000,0.000000
561000201.000000,6510.000000,117667.000000,302064.000000,31248.000000,186962581.000000,0.000000
562000137.000000,6506.000000,117669.000000,302064.000000,31248.000000,187295893.000000,0.000000
563000073.000000,6514.000000,117670.000000,302064.000000,31248.000000,187629205.000000,0.000000
564000009.000000,6510.000000,117667.000000,302064.000000,31248.000000,187962517.000000,0.000000
565000329.000000,6512.000000,117728.000000,302176.000000,31264.000000,188295957.000000,0.000000
566000265.000000,6509.000000,117667.000000,302064.000000,31248.000000,188629269.000000,0.000000
567000201.000000,6511.000000,117672.000000,302064.000000,31248.000000,188962581.000000,0.000000
568000137.000000,6510.000000,117667.000000,302064.000000,31248.000000,189295893.000000,0.000000
569000073.000000,6510.000000,117667.000000,302064.000000,31248.000000,189629205.000000,0.000000
570000009.000000,6509.000000,117667.000000,302064.000000,31248.000000,189962517.000000,0.000000
571000329.000000,6514.000000,117701.000000,302184.000000,31256.000000,190295957.000000,0.000000
572000265.000000,6510.000000,117667.000000,302064.000000,31248.000000,190629269.000000,0.000000
573000201.000000,6510.000000,117667.000000,302064.000000,31248.000000,190962581.000000,0.000000
574000137.000000,6510.000000,117667.000000,302064.000000,31248.000000,191295893.000000,0.000000
575000073.000000,6510.000000,117672.000000,302064.000000,31248.000000,191629205.000000,0.000000
576000009.000000,6510.000000,117667.000000,302064.000000,31248.000000,191962517.000000,0.000000
577000329.000000,6513.000000,117697.000000,302184.000000,31256.000000,192295957.000000,0.000000
578000265.000000,6510.000000,117667.000000,302064.000000,31248.000000,192629269.000000,0.000000
579000585.000000,6508.000000,117731.000000,302176.000000,31264.000000,192962709.000000,0.000000
580000137.000000,6512.000000,117608.000000,301952.000000,31232.000000,193295893.000000,0.000000
581000073.000000,6510.000000,117667.000000,302064.000000,31248.000000,193629205.000000,0.000000
582000009.000000,6510.000000,117667.000000,302064.000000,31248.000000,193962517.000000,0.000000
583000329.000000,6508.000000,117731.000000,302176.000000,31264.000000,194295957.000000,0.000000
584000265.000000,6514.000000,117670.000000,302064.000000,31248.000000,194629269.000000,0.000000
585000201.000000,6510.000000,117667.000000,302064.000000,31248.000000,194962581.000000,0.000000
586000137.000000,6510.000000,117667.000000,302064.000000,31248.000000,195295893.000000,0.000000
587000073.000000,6506.000000,117669.000000,302064.000000,31248.000000,195629205.000000,0.000000
588000009.000000,6514.000000,117670.000000,302064.000000,31248.000000,195962517.000000,0.000000
589000329.000000,6512.000000,117728.000000,302176.000000,31264.000000,196295957.000000,0.000000
590000265.000000,6510.000000,117667.000000,302064.000000,31248.000000,196629269.000000,0.000000
591000201.000000,6509.000000,117667.000000,302064.000000,31248.000000,196962581.000000,0.000000
592000137.000000,6511.000000,117672.000000,302064.000000,31248.000000,197295893.000000,0.000000
593000073.000000,6510.000000,117667.000000,302064.000000,31248.000000,197629205.000000,0.000000
594000009.000000,6510.000000,117667.000000,302064.000000,31248.000000,197962517.000000,0.000000
595000002.000000,6512.000000,117695.000000,302071.000000,31255.000000,198295843.000000,0.000000
596000265.000000,6511.000000,117673.000000,302177.000000,31249.000000,198629269.000000,0.000000
597000201.000000,6510.000000,117667.000000,302064.000000,31248.000000,198962581.000000,0.000000
598000137.000000,6510.000000,117667.000000,302064.000000,31248.000000,199295893.000000,0.000000
599000073.000000,6510.000000,117667.000000,302064.000000,31248.000000,199629205.000000,0.000000
600000009.000000,6510.000000,117672.000000,302064.000000,31248.000000,199962517.000000,0.000000
601000329.000000,6513.000000,117697.000000,302184.000000,31256.000000,200295957.000000,0.000000
602000265.000000,6510.000000,117667.000000,302064.000000,31248.000000,200629269.000000,0.000000
603000201.000000,6510.000000,117667.000000,302064.000000,31248.000000,200962581.000000,0.000000
604000521.000000,6508.000000,117731.000000,302176.000000,31264.000000,201296021.000000,0.000000
605000133.000000,5753.000000,71995.000000,267185.000000,26468.000000,201589674.000000,144.000000
606000069.000000,6510.000000,117667.000000,302064.000000,31248.000000,201922986.000000,7.000000
607000005.000000,6510.000000,117667.000000,302064.000000,31248.000000,202256298.000000,0.000000
608000709.000000,6511.000000,117761.000000,302296.000000,31272.000000,202589866.000000,0.000000
609000261.000000,6512.000000,117608.000000,301952.000000,31232.000000,202923050.000000,0.000000
610000197.000000,6510.000000,117667.000000,302064.000000,31248.000000,203256362.000000,0.000000
611000133.000000,6510.000000,117667.000000,302064.000000,31248.000000,203589674.000000,0.000000
612000453.000000,6508.000000,117731.000000,302176.000000,31264.000000,203923114.000000,0.000000
613000005.000000,6512.000000,117608.000000,301952.000000,31232.000000,204256298.000000,0.000000
614000325.000000,6512.000000,117729.000000,302176.000000,31264.000000,204589738.000000,0.000000
615000261.000000,6510.000000,117667.000000,302064.000000,31248.000000,204923050.000000,0.000000
616000197.000000,6506.000000,117669.000000,302064.000000,31248.000000,205256362.000000,0.000000
617000133.000000,6514.000000,117670.000000,302064.000000,31248.000000,205589674.000000,0.000000
618000069.000000,6510.000000,117667.000000,302064.000000,31248.000000,205922986.000000,0.000000
619000005.000000,6510.000000,117667.000000,302064.000000,31248.000000,206256298.000000,0.000000
620000037.000000,6510.000000,117700.000000,302087.000000,31256.000000,206589641.000000,0.000000
621000261.000000,6512.000000,117700.000000,302153.000000,31256.000000,206923050.000000,0.000000
622000197.000000,6510.000000,117667.000000,302064.000000,31248.000000,207256362.000000,0.000000
623000133.000000,6510.000000,117667.000000,302064.000000,31248.000000,207589674.000000,0.000000
624000069.000000,6509.000000,117667.000000,302064.000000,31248.000000,207922986.000000,0.000000
625000005.000000,6511.000000,117672.000000,302064.000000,31248.000000,208256298.000000,0.000000
626000325.000000,6513.000000,117696.000000,302184.000000,31256.000000,208589738.000000,0.000000
627000261.000000,6510.000000,117667.000000,302064.000000,31248.000000,208923050.000000,0.000000
628000197.000000,6510.000000,117667.000000,302064.000000,31248.000000,209256362.000000,0.000000
629000133.000000,6510.000000,117672.000000,302064.000000,31248.000000,209589674.000000,0.000000
630000069.000000,6510.000000,117667.000000,302064.000000,31248.000000,209922986.000000,0.000000
631000005.000000,6510.000000,117667.000000,302064.000000,31248.000000,210256298.000000,0.000000
632000325.000000,6513.000000,117697.000000,302184.000000,31256.000000,210589738.000000,0.000000
633000645.000000,6508.000000,117731.000000,302176.000000,31264.000000,210923178.000000,0.000000
634000197.000000,6512.000000,117608.000000,301952.000000,31232.000000,211256362.000000,0.000000
635000133.000000,6510.000000,117667.000000,302064.000000,31248.000000,211589674.000000,0.000000
636000069.000000,6510.000000,117667.000000,302064.000000,31248.000000,211922986.000000,0.000000
637000389.000000,6508.000000,117731.000000,302176.000000,31264.000000,212256426.000000,0.000000
638000325.000000,6514.000000,117670.000000,302064.000000,31248.000000,212589738.000000,0.000000
639000261.000000,6510.000000,117667.000000,302064.000000,31248.000000,212923050.000000,0.000000
640000197.000000,6510.000000,117667.000000,302064.000000,31248.000000,213256362.000000,0.000000
641000133.000000,6506.000000,117669.000000,302064.000000,31248.000000,213589674.000000,0.000000
642000069.000000,6514.000000,117670.000000,302064.000000,31248.000000,213922986.000000,0.000000
643000005.000000,6510.000000,117667.000000,302064.000000,31248.000000,214256298.000000,0.000000
644000325.000000,6512.000000,117728.000000,302176.000000,31264.000000,214589738.000000,0.000000
645000261.000000,6509.000000,117667.000000,302064.000000,31248.000000,214923050.000000,0.000000
646000197.000000,6511.000000,117672.000000,302064.000000,31248.000000,215256362.000000,0.000000
647000133.000000,6510.000000,117667.000000,302064.000000,31248.000000,215589674.000000,0.000000
648000069.000000,6510.000000,117667.000000,302064.000000,31248.000000,215922986.000000,0.000000
649000005.000000,6509.000000,117667.000000,302064.000000,31248.000000,216256298.000000,0.000000
650000325.000000,6514.000000,117701.000000,302184.000000,31256.000000,216589738.000000,0.000000
651000261.000000,6510.000000,117667.000000,302064.000000,31248.000000,216923050.000000,0.000000
652000197.000000,6510.000000,117667.000000,302064.000000,31248.000000,217256362.000000,0.000000
653000133.000000,6510.000000,117667.000000,302064.000000,31248.000000,217589674.000000,0.000000
654000069.000000,6510.000000,117672.000000,302064.000000,31248.000000,217922986.000000,0.000000
655000005.000000,6510.000000,117667.000000,302064.000000,31248.000000,218256298.000000,0.000000
656001618.000000,5340.000000,50623.000000,266568.000000,25902.000000,218548768.000000,93.000000
657000225.000000,6627.000000,93799.000000,266997.000000,27142.000000,218842907.000000,72.000000
658000161.000000,6510.000000,117667.000000,302064.000000,31248.000000,219176219.000000,0.000000
659000097.000000,6506.000000,117669.000000,302064.000000,31248.000000,219509531.000000,0.000000
660000033.000000,6514.000000,117670.000000,302064.000000,31248.000000,219842843.000000,0.000000
661000353.000000,6512.000000,117728.000000,302176.000000,31264.000000,220176283.000000,0.000000
662000289.000000,6510.000000,117667.000000,302064.000000,31248.000000,220509595.000000,0.000000
663000225.000000,6509.000000,117667.000000,302064.000000,31248.000000,220842907.000000,0.000000
664000161.000000,6511.000000,117672.000000,302064.000000,31248.000000,221176219.000000,0.000000
665000097.000000,6510.000000,117667.000000,302064.000000,31248.000000,221509531.000000,0.000000
666000033.000000,6510.000000,117667.000000,302064.000000,31248.000000,221842843.000000,0.000000
667000026.000000,6512.000000,117695.000000,302071.000000,31255.000000,222176169.000000,0.000000
668000289.000000,6511.000000,117673.000000,302177.000000,31249.000000,222509595.000000,0.000000
669000225.000000,6510.000000,117667.000000,302064.000000,31248.000000,222842907.000000,0.000000
670000161.000000,6510.000000,117667.000000,302064.000000,31248.000000,223176219.000000,0.000000
671000097.000000,6510.000000,117667.000000,302064.000000,31248.000000,223509531.000000,0.000000
672000033.000000,6510.000000,117672.000000,302064.000000,31248.000000,223842843.000000,0.000000
673000353.000000,6513.000000,117697.000000,302184.000000,31256.000000,224176283.000000,0.000000
674000289.000000,6510.000000,117667.000000,302064.000000,31248.000000,224509595.000000,0.000000
675000225.000000,6510.000000,117667.000000,302064.000000,31248.000000,224842907.000000,0.000000
676000545.000000,6508.000000,117731.000000,302176.000000,31264.000000,225176347.000000,0.000000
677000097.000000,6512.000000,117608.000000,301952.000000,31232.000000,225509531.000000,0.000000
678000033.000000,6510.000000,117667.000000,302064.000000,31248.000000,225842843.000000,0.000000
679000353.000000,6512.000000,117729.000000,302176.000000,31264.000000,226176283.000000,0.000000
680000289.000000,6506.000000,117669.000000,302064.000000,31248.000000,226509595.000000,0.000000
681000225.000000,6514.000000,117670.000000,302064.000000,31248.000000,226842907.000000,0.000000
682000161.000000,6510.000000,117667.000000,302064.000000,31248.000000,227176219.000000,0.000000
683000097.000000,6510.000000,117667.000000,302064.000000,31248.000000,227509531.000000,0.000000
684000033.000000,6506.000000,117669.000000,302064.000000,31248.000000,227842843.000000,0.000000
685000353.000000,6516.000000,117731.000000,302176.000000,31264.000000,228176283.000000,0.000000
686000289.000000,6510.000000,117667.000000,302064.000000,31248.000000,228509595.000000,0.000000
687000225.000000,6510.000000,117667.000000,302064.000000,31248.000000,228842907.000000,0.000000
688000161.000000,6509.000000,117667.000000,302064.000000,31248.000000,229176219.000000,0.000000
689000097.000000,6511.000000,117672.000000,302064.000000,31248.000000,229509531.000000,0.000000
690000033.000000,6510.000000,117667.000000,302064.000000,31248.000000,229842843.000000,0.000000
691000353.000000,6513.000000,117696.000000,302184.000000,31256.000000,230176283.000000,0.000000
692000289.000000,6510.000000,117667.000000,302064.000000,31248.000000,230509595.000000,0.000000
693000225.000000,6510.000000,117672.000000,302064.000000,31248.000000,230842907.000000,0.000000
694000161.000000,6510.000000,117667.000000,302064.000000,31248.000000,231176219.000000,0.000000
695000097.000000,6510.000000,117667.000000,302064.000000,31248.000000,231509531.000000,0.000000
696000033.000000,6510.000000,117667.000000,302064.000000,31248.000000,231842843.000000,0.000000
697000737.000000,6511.000000,117761.000000,302296.000000,31272.000000,232176411.000000,0.000000
698000289.000000,6512.000000,117608.000000,301952.000000,31232.000000,232509595.000000,0.000000
699000225.000000,6510.000000,117667.000000,302064.000000,31248.000000,232842907.000000,0.000000
700000161.000000,6510.000000,117667.000000,302064.000000,31248.000000,233176219.000000,0.000000
701000481.000000,6508.000000,117731.000000,302176.000000,31264.000000,233509659.000000,0.000000
702000033.000000,6512.000000,117608.000000,301952.000000,31232.000000,233842843.000000,0.000000
703000353.000000,6512.000000,117729.000000,302176.000000,31264.000000,234176283.000000,0.000000
704000289.000000,6510.000000,117667.000000,302064.000000,31248.000000,234509595.000000,0.000000
705000225.000000,6506.000000,117669.000000,302064.000000,31248.000000,234842907.000000,0.000000
706000161.000000,6514.000000,117670.000000,302064.000000,31248.000000,235176219.000000,0.000000
707000736.000000,6044.000000,83802.000000,282626.000000,34895.000000,235493740.000000,37.000000
708001457.000000,4457.000000,17848.000000,249487.000000,16782.000000,235760009.000000,103.000000
709000064.000000,6705.000000,70154.000000,232491.000000,22990.000000,236015490.000000,71.000000
710000004.000000,6515.000000,117670.000000,302064.000000,31248.000000,236348802.000000,0.000000
711000320.000000,6511.000000,117728.000000,302176.000000,31264.000000,236682242.000000,0.000000
712000256.000000,6510.000000,117667.000000,302064.000000,31248.000000,237015554.000000,0.000000
713000192.000000,6509.000000,117667.000000,302064.000000,31248.000000,237348866.000000,0.000000
714000128.000000,6511.000000,117672.000000,302064.000000,31248.000000,237682178.000000,0.000000
715000064.000000,6510.000000,117667.000000,302064.000000,31248.000000,238015490.000000,0.000000
716000004.000000,6511.000000,117667.000000,302064.000000,31248.000000,238348802.000000,0.000000
717000320.000000,6512.000000,117696.000000,302184.000000,31256.000000,238682242.000000,0.000000
718000256.000000,6510.000000,117672.000000,302064.000000,31248.000000,239015554.000000,0.000000
719000192.000000,6510.000000,117667.000000,302064.000000,31248.000000,239348866.000000,0.000000
720000128.000000,6510.000000,117667.000000,302064.000000,31248.000000,239682178.000000,0.000000
721000064.000000,6510.000000,117667.000000,302064.000000,31248.000000,240015490.000000,0.000000
722000768.000000,6511.000000,117761.000000,302296.000000,31272.000000,240349058.000000,0.000000
723000320.000000,6512.000000,117608.000000,301952.000000,31232.000000,240682242.000000,0.000000
724000256.000000,6510.000000,117667.000000,302064.000000,31248.000000,241015554.000000,0.000000
725000192.000000,6510.000000,117667.000000,302064.000000,31248.000000,241348866.000000,0.000000
726000512.000000,6508.000000,117731.000000,302176.000000,31264.000000,241682306.000000,0.000000
727000064.000000,6512.000000,117608.000000,301952.000000,31232.000000,242015490.000000,0.000000
728000004.000000,6511.000000,117667.000000,302064.000000,31248.000000,242348802.000000,0.000000
729000320.000000,6511.000000,117729.000000,302176.000000,31264.000000,242682242.000000,0.000000
730000256.000000,6506.000000,117669.000000,302064.000000,31248.000000,243015554.000000,0.000000
731000192.000000,6514.000000,117670.000000,302064.000000,31248.000000,243348866.000000,0.000000
732000128.000000,6510.000000,117667.000000,302064.000000,31248.000000,243682178.000000,0.000000
733000064.000000,6510.000000,117667.000000,302064.000000,31248.000000,244015490.000000,0.000000
734000004.000000,6507.000000,117669.000000,302064.000000,31248.000000,244348802.000000,0.000000
735000320.000000,6515.000000,117731.000000,302176.000000,31264.000000,244682242.000000,0.000000
736000256.000000,6510.000000,117667.000000,302064.000000,31248.000000,245015554.000000,0.000000
737000192.000000,6510.000000,117667.000000,302064.000000,31248.000000,245348866.000000,0.000000
738000128.000000,6509.000000,117667.000000,302064.000000,31248.000000,245682178.000000,0.000000
739000064.000000,6511.000000,117672.000000,302064.000000,31248.000000,246015490.000000,0.000000
740000004.000000,6511.000000,117667.000000,302064.000000,31248.000000,246348802.000000,0.000000
741000320.000000,6512.000000,117696.000000,302184.000000,31256.000000,246682242.000000,0.000000
742000256.000000,6510.000000,117667.000000,302064.000000,31248.000000,247015554.000000,0.000000
743000192.000000,6510.000000,117672.000000,302064.000000,31248.000000,247348866.000000,0.000000
744000128.000000,6510.000000,117667.000000,302064.000000,31248.000000,247682178.000000,0.000000
745000064.000000,6510.000000,117667.000000,302064.000000,31248.000000,248015490.000000,0.000000
746000004.000000,6511.000000,117667.000000,302064.000000,31248.000000,248348802.000000,0.000000
747000704.000000,6510.000000,117761.000000,302296.000000,31272.000000,248682370.000000,0.000000
748000256.000000,6512.000000,117608.000000,301952.000000,31232.000000,249015554.000000,0.000000
749000192.000000,6510.000000,117667.000000,302064.000000,31248.000000,249348866.000000,0.000000
750000128.000000,6510.000000,117667.000000,302064.000000,31248.000000,249682178.000000,0.000000
751000448.000000,6508.000000,117731.000000,302176.000000,31264.000000,250015618.000000,0.000000
752000004.000000,6513.000000,117608.000000,301952.000000,31232.000000,250348802.000000,0.000000
753000320.000000,6511.000000,117729.000000,302176.000000,31264.000000,250682242.000000,0.000000
754000256.000000,6510.000000,117667.000000,302064.000000,31248.000000,251015554.000000,0.000000
755000192.000000,6506.000000,117669.000000,302064.000000,31248.000000,251348866.000000,0.000000
756000128.000000,6514.000000,117670.000000,302064.000000,31248.000000,251682178.000000,0.000000
757000064.000000,6510.000000,117667.000000,302064.000000,31248.000000,252015490.000000,0.000000
758000004.000000,6511.000000,117667.000000,302064.000000,31248.000000,252348802.000000,0.000000
759000043.000000,6555.000000,112427.000000,298406.000000,33738.000000,252680946.000000,11.000000
760000731.000000,4339.000000,19972.000000,246211.000000,33286.000000,252960443.000000,62.000000
761000769.000000,6284.000000,34998.000000,275423.000000,55216.000000,253291082.000000,131.000000
762002241.000000,2951.000000,1479.000000,241252.000000,9121.000000,253541455.000000,198.000000
763000048.000000,7892.000000,52724.000000,178646.000000,20540.000000,253740641.000000,98.000000
764000368.000000,6512.000000,117729.000000,302176.000000,31264.000000,254074081.000000,0.000000
765000304.000000,6506.000000,117669.000000,302064.000000,31248.000000,254407393.000000,0.000000
766000240.000000,6514.000000,117670.000000,302064.000000,31248.000000,254740705.000000,0.000000
767000176.000000,6510.000000,117667.000000,302064.000000,31248.000000,255074017.000000,0.000000
768000112.000000,6510.000000,117667.000000,302064.000000,31248.000000,255407329.000000,0.000000
769000048.000000,6506.000000,117669.000000,302064.000000,31248.000000,255740641.000000,0.000000
770000368.000000,6516.000000,117731.000000,302176.000000,31264.000000,256074081.000000,0.000000
771000304.000000,6510.000000,117667.000000,302064.000000,31248.000000,256407393.000000,0.000000
772000240.000000,6510.000000,117667.000000,302064.000000,31248.000000,256740705.000000,0.000000
773000176.000000,6509.000000,117667.000000,302064.000000,31248.000000,257074017.000000,0.000000
774000112.000000,6511.000000,117672.000000,302064.000000,31248.000000,257407329.000000,0.000000
775000048.000000,6510.000000,117667.000000,302064.000000,31248.000000,257740641.000000,0.000000
776000368.000000,6513.000000,117696.000000,302184.000000,31256.000000,258074081.000000,0.000000
777000304.000000,6510.000000,117667.000000,302064.000000,31248.000000,258407393.000000,0.000000
778000240.000000,6510.000000,117672.000000,302064.000000,31248.000000,258740705.000000,0.000000
779000176.000000,6510.000000,117667.000000,302064.000000,31248.000000,259074017.000000,0.000000
780000112.000000,6510.000000,117667.000000,302064.000000,31248.000000,259407329.000000,0.000000
781000048.000000,6510.000000,117667.000000,302064.000000,31248.000000,259740641.000000,0.000000
782000752.000000,6511.000000,117761.000000,302296.000000,31272.000000,260074209.000000,0.000000
783000304.000000,6512.000000,117608.000000,301952.000000,31232.000000,260407393.000000,0.000000
784000240.000000,6510.000000,117667.000000,302064.000000,31248.000000,260740705.000000,0.000000
785000176.000000,6510.000000,117667.000000,302064.000000,31248.000000,261074017.000000,0.000000
786000496.000000,6508.000000,117731.000000,302176.000000,31264.000000,261407457.000000,0.000000
787000048.000000,6512.000000,117608.000000,301952.000000,31232.000000,261740641.000000,0.000000
788000368.000000,6512.000000,117729.000000,302176.000000,31264.000000,262074081.000000,0.000000
789000304.000000,6510.000000,117667.000000,302064.000000,31248.000000,262407393.000000,0.000000
790000240.000000,6506.000000,117669.000000,302064.000000,31248.000000,262740705.000000,0.000000
791000176.000000,6514.000000,117670.000000,302064.000000,31248.000000,263074017.000000,0.000000
792000112.000000,6510.000000,117667.000000,302064.000000,31248.000000,263407329.000000,0.000000
793000048.000000,6510.000000,117667.000000,302064.000000,31248.000000,263740641.000000,0.000000
794000041.000000,6509.000000,117697.000000,302071.000000,31255.000000,264073967.000000,0.000000
795000304.000000,6513.000000,117703.000000,302169.000000,31257.000000,264407393.000000,0.000000
796000240.000000,6510.000000,117667.000000,302064.000000,31248.000000,264740705.000000,0.000000
797000176.000000,6510.000000,117667.000000,302064.000000,31248.000000,265074017.000000,0.000000
798000112.000000,6509.000000,117667.000000,302064.000000,31248.000000,265407329.000000,0.000000
799000048.000000,6511.000000,117672.000000,302064.000000,31248.000000,265740641.000000,0.000000
800000368.000000,6513.000000,117696.000000,302184.000000,31256.000000,266074081.000000,0.000000
801000304.000000,6510.000000,117667.000000,302064.000000,31248.000000,266407393.000000,0.000000
802000240.000000,6510.000000,117667.000000,302064.000000,31248.000000,266740705.000000,0.000000
803000176.000000,6510.000000,117672.000000,302064.000000,31248.000000,267074017.000000,0.000000
804000112.000000,6510.000000,117667.000000,302064.000000,31248.000000,267407329.000000,0.000000
805000048.000000,6510.000000,117667.000000,302064.000000,31248.000000,267740641.000000,0.000000
806000368.000000,6513.000000,117697.000000,302184.000000,31256.000000,268074081.000000,0.000000
807000688.000000,6508.000000,117731.000000,302176.000000,31264.000000,268407521.000000,0.000000
808000240.000000,6512.000000,117608.000000,301952.000000,31232.000000,268740705.000000,0.000000
809000176.000000,6510.000000,117667.000000,302064.000000,31248.000000,269074017.000000,0.000000
810000112.000000,6510.000000,117667.000000,302064.000000,31248.000000,269407329.000000,0.000000
811000432.000000,6508.000000,117731.000000,302176.000000,31264.000000,269740769.000000,0.000000
812000368.000000,6514.000000,117670.000000,302064.000000,31248.000000,270074081.000000,0.000000
813000304.000000,6510.000000,117667.000000,302064.000000,31248.000000,270407393.000000,0.000000
814000562.000000,6997.000000,63948.000000,267788.000000,52612.000000,270727793.000000,64.000000
815001202.000000,3330.000000,6481.000000,242430.000000,21890.000000,270992113.000000,124.000000
816000231.000000,10036.000000,69782.000000,283122.000000,37574.000000,271312809.000000,118.000000
817003751.000000,2939.000000,1602.000000,241728.000000,9152.000000,271563689.000000,211.000000
818001639.000000,2899.000000,1482.000000,240367.000000,9108.000000,271813164.000000,143.000000
819001063.000000,2899.000000,1646.000000,240733.000000,9123.000000,272063020.000000,175.000000
820000079.000000,2994.000000,1404.000000,240630.000000,9120.000000,272312770.000000,252.000000
821000050.000000,11261.000000,77050.000000,120834.000000,26191.000000,272459795.000000,46.000000
822000278.000000,7107.000000,114616.000000,282497.000000,31008.000000,272773300.000000,4.000000
823000214.000000,6510.000000,117667.000000,302064.000000,31248.000000,273106612.000000,0.000000
824000534.000000,6508.000000,117731.000000,302176.000000,31264.000000,273440052.000000,0.000000
825000086.000000,6512.000000,117608.000000,301952.000000,31232.000000,273773236.000000,0.000000
826000022.000000,6510.000000,117667.000000,302064.000000,31248.000000,274106548.000000,0.000000
827000342.000000,6512.000000,117729.000000,302176.000000,31264.000000,274439988.000000,0.000000
828000278.000000,6506.000000,117669.000000,302064.000000,31248.000000,274773300.000000,0.000000
829000214.000000,6514.000000,117670.000000,302064.000000,31248.000000,275106612.000000,0.000000
830000150.000000,6510.000000,117667.000000,302064.000000,31248.000000,275439924.000000,0.000000
831000086.000000,6510.000000,117667.000000,302064.000000,31248.000000,275773236.000000,0.000000
832000022.000000,6506.000000,117669.000000,302064.000000,31248.000000,276106548.000000,0.000000
833000342.000000,6516.000000,117731.000000,302176.000000,31264.000000,276439988.000000,0.000000
834000278.000000,6510.000000,117667.000000,302064.000000,31248.000000,276773300.000000,0.000000
835000214.000000,6510.000000,117667.000000,302064.000000,31248.000000,277106612.000000,0.000000
836000150.000000,6509.000000,117667.000000,302064.000000,31248.000000,277439924.000000,0.000000
837000086.000000,6511.000000,117672.000000,302064.000000,31248.000000,277773236.000000,0.000000
838000022.000000,6510.000000,117667.000000,302064.000000,31248.000000,278106548.000000,0.000000
839000342.000000,6513.000000,117696.000000,302184.000000,31256.000000,278439988.000000,0.000000
840000278.000000,6510.000000,117667.000000,302064.000000,31248.000000,278773300.000000,0.000000
841000214.000000,6510.000000,117672.000000,302064.000000,31248.000000,279106612.000000,0.000000
842000150.000000,6510.000000,117667.000000,302064.000000,31248.000000,279439924.000000,0.000000
843000086.000000,6510.000000,117667.000000,302064.000000,31248.000000,279773236.000000,0.000000
844000022.000000,6510.000000,117667.000000,302064.000000,31248.000000,280106548.000000,0.000000
845000726.000000,6511.000000,117761.000000,302296.000000,31272.000000,280440116.000000,0.000000
846000278.000000,6512.000000,117608.000000,301952.000000,31232.000000,280773300.000000,0.000000
847000214.000000,6510.000000,117667.000000,302064.000000,31248.000000,281106612.000000,0.000000
848000150.000000,6510.000000,117667.000000,302064.000000,31248.000000,281439924.000000,0.000000
849000470.000000,6508.000000,117731.000000,302176.000000,31264.000000,281773364.000000,0.000000
850000022.000000,6512.000000,117608.000000,301952.000000,31232.000000,282106548.000000,0.000000
851000342.000000,6512.000000,117729.000000,302176.000000,31264.000000,282439988.000000,0.000000
852000278.000000,6510.000000,117667.000000,302064.000000,31248.000000,282773300.000000,0.000000
853000214.000000,6506.000000,117669.000000,302064.000000,31248.000000,283106612.000000,0.000000
854000150.000000,6514.000000,117670.000000,302064.000000,31248.000000,283439924.000000,0.000000
855000086.000000,6510.000000,117667.000000,302064.000000,31248.000000,283773236.000000,0.000000
856000022.000000,6510.000000,117667.000000,302064.000000,31248.000000,284106548.000000,0.000000
857000015.000000,6509.000000,117697.000000,302071.000000,31255.000000,284439874.000000,0.000000
858000278.000000,6513.000000,117703.000000,302169.000000,31257.000000,284773300.000000,0.000000
859000214.000000,6510.000000,117667.000000,302064.000000,31248.000000,285106612.000000,0.000000
860000150.000000,6510.000000,117667.000000,302064.000000,31248.000000,285439924.000000,0.000000
861000086.000000,6509.000000,117667.000000,302064.000000,31248.000000,285773236.000000,0.000000
862000022.000000,6511.000000,117672.000000,302064.000000,31248.000000,286106548.000000,0.000000
863000342.000000,6513.000000,117696.000000,302184.000000,31256.000000,286439988.000000,0.000000
864000278.000000,6510.000000,117667.000000,302064.000000,31248.000000,286773300.000000,0.000000
865000214.000000,6510.000000,117667.000000,302064.000000,31248.000000,287106612.000000,0.000000
866000150.000000,6510.000000,117672.000000,302064.000000,31248.000000,287439924.000000,0.000000
867000086.000000,6510.000000,117667.000000,302064.000000,31248.000000,287773236.000000,0.000000
868000022.000000,6510.000000,117667.000000,302064.000000,31248.000000,288106548.000000,0.000000
869000342.000000,6513.000000,117697.000000,302184.000000,31256.000000,288439988.000000,0.000000
870000662.000000,6508.000000,117731.000000,302176.000000,31264.000000,288773428.000000,0.000000
871000214.000000,6512.000000,117608.000000,301952.000000,31232.000000,289106612.000000,0.000000
872000043.000000,6960.000000,78151.000000,276396.000000,48285.000000,289431293.000000,40.000000
873000572.000000,6790.000000,43309.000000,255116.000000,56403.000000,289742812.000000,94.000000
874000152.000000,3290.000000,6699.000000,242174.000000,21866.000000,290006852.000000,83.000000
875001004.000000,3313.000000,6501.000000,242500.000000,21876.000000,290271228.000000,84.000000
876000796.000000,3333.000000,6667.000000,242184.000000,21912.000000,290535324.000000,140.000000
877002893.000000,16888.000000,133195.000000,324604.000000,52706.000000,290912634.000000,116.000000
878001293.000000,2937.000000,1535.000000,240517.000000,9086.000000,291162237.000000,176.000000
879001741.000000,2942.000000,1402.000000,241023.000000,9089.000000,291412349.000000,176.000000
880000141.000000,2923.000000,1424.000000,240502.000000,9098.000000,291661949.000000,168.000000
881000077.000000,2964.000000,1512.000000,240871.000000,9113.000000,291911933.000000,221.000000
882000013.000000,2934.000000,1666.000000,240830.000000,9154.000000,292161917.000000,211.000000
883004045.000000,2893.000000,1455.000000,241860.000000,9151.000000,292412928.000000,144.000000
884001421.000000,2927.000000,1657.000000,240233.000000,9111.000000,292662272.000000,178.000000
885001357.000000,2968.000000,1388.000000,240870.000000,9114.000000,292912256.000000,218.000000
886000152.000000,10793.000000,72477.000000,127424.000000,25127.000000,293064807.000000,48.000000
887000050.000000,12374.000000,87166.000000,104848.000000,28470.000000,293198125.000000,0.000000
888000220.000000,7293.000000,113045.000000,275946.000000,30929.000000,293505000.000000,4.000000
889000156.000000,6514.000000,117022.000000,302064.000000,31248.000000,293838312.000000,0.000000
890000092.000000,6510.000000,117015.000000,302064.000000,31248.000000,294171624.000000,0.000000
891000028.000000,6510.000000,117015.000000,302064.000000,31248.000000,294504936.000000,0.000000
892000021.000000,6509.000000,117045.000000,302071.000000,31255.000000,294838262.000000,0.000000
893000284.000000,6513.000000,117055.000000,302169.000000,31257.000000,295171688.000000,0.000000
894000220.000000,6510.000000,117015.000000,302064.000000,31248.000000,295505000.000000,0.000000
895000156.000000,6510.000000,117015.000000,302064.000000,31248.000000,295838312.000000,0.000000
896000092.000000,6509.000000,117015.000000,302064.000000,31248.000000,296171624.000000,0.000000
897000028.000000,6511.000000,117024.000000,302064.000000,31248.000000,296504936.000000,0.000000
898000348.000000,6513.000000,117044.000000,302184.000000,31256.000000,296838376.000000,0.000000
899000284.000000,6510.000000,117015.000000,302064.000000,31248.000000,297171688.000000,0.000000
900000220.000000,6510.000000,117015.000000,302064.000000,31248.000000,297505000.000000,0.000000
901000636.000000,6509.000000,117081.000000,302207.000000,31264.000000,297838471.000000,0.000000
902000092.000000,6511.000000,116958.000000,301921.000000,31232.000000,298171624.000000,0.000000
903000028.000000,6510.000000,117015.000000,302064.000000,31248.000000,298504936.000000,0.000000
904000348.000000,6513.000000,117045.000000,302184.000000,31256.000000,298838376.000000,0.000000
905000380.000000,6506.000000,117051.000000,302087.000000,31256.000000,299171719.000000,0.000000
906000220.000000,6514.000000,116988.000000,302041.000000,31240.000000,299505000.000000,0.000000
907000156.000000,6510.000000,117015.000000,302064.000000,31248.000000,299838312.000000,0.000000
908000092.000000,6510.000000,117015.000000,302064.000000,31248.000000,300171624.000000,0.000000
909000124.000000,6506.000000,117051.000000,302087.000000,31256.000000,300504967.000000,0.000000
910000348.000000,6516.000000,117050.000000,302153.000000,31256.000000,300838376.000000,0.000000
911000284.000000,6510.000000,117015.000000,302064.000000,31248.000000,301171688.000000,0.000000
912000220.000000,6510.000000,117015.000000,302064.000000,31248.000000,301505000.000000,0.000000
913000156.000000,6506.000000,117017.000000,302064.000000,31248.000000,301838312.000000,0.000000
914000092.000000,6514.000000,117022.000000,302064.000000,31248.000000,302171624.000000,0.000000
915000028.000000,6510.000000,117015.000000,302064.000000,31248.000000,302504936.000000,0.000000
916000348.000000,6512.000000,117076.000000,302176.000000,31264.000000,302838376.000000,0.000000
917000284.000000,6509.000000,117015.000000,302064.000000,31248.000000,303171688.000000,0.000000
918000220.000000,6511.000000,117024.000000,302064.000000,31248.000000,303505000.000000,0.000000
919000156.000000,6510.000000,117015.000000,302064.000000,31248.000000,303838312.000000,0.000000
920000092.000000,6510.000000,117015.000000,302064.000000,31248.000000,304171624.000000,0.000000
921000028.000000,6509.000000,117015.000000,302064.000000,31248.000000,304504936.000000,0.000000
922000828.000000,6513.000000,117110.000000,302327.000000,31272.000000,304838535.000000,0.000000
923000284.000000,6511.000000,116958.000000,301921.000000,31232.000000,305171688.000000,0.000000
924000220.000000,6510.000000,117015.000000,302064.000000,31248.000000,305505000.000000,0.000000
925000156.000000,6510.000000,117015.000000,302064.000000,31248.000000,305838312.000000,0.000000
926000572.000000,6509.000000,117081.000000,302207.000000,31264.000000,306171783.000000,0.000000
927000028.000000,6511.000000,116958.000000,301921.000000,31232.000000,306504936.000000,0.000000
928000348.000000,6513.000000,117045.000000,302184.000000,31256.000000,306838376.000000,0.000000
929000284.000000,6510.000000,117015.000000,302064.000000,31248.000000,307171688.000000,0.000000
930000316.000000,6506.000000,117051.000000,302087.000000,31256.000000,307505031.000000,0.000000
931000156.000000,6514.000000,116988.000000,302041.000000,31240.000000,307838312.000000,0.000000
932000092.000000,6510.000000,117015.000000,302064.000000,31248.000000,308171624.000000,0.000000
933000028.000000,6510.000000,117015.000000,302064.000000,31248.000000,308504936.000000,0.000000
934000060.000000,6506.000000,117051.000000,302087.000000,31256.000000,308838279.000000,0.000000
935000284.000000,6516.000000,117050.000000,302153.000000,31256.000000,309171688.000000,0.000000
936000220.000000,6510.000000,117015.000000,302064.000000,31248.000000,309505000.000000,0.000000
937000156.000000,6510.000000,117015.000000,302064.000000,31248.000000,309838312.000000,0.000000
938000127.000000,6995.000000,79017.000000,278167.000000,47059.000000,310163538.000000,40.000000
939000137.000000,7353.000000,47991.000000,256986.000000,61199.000000,310481723.000000,103.000000
940000170.000000,7128.000000,52110.000000,256126.000000,62067.000000,310799916.000000,74.000000
941000126.000000,4609.000000,23208.000000,246932.000000,36058.000000,311082906.000000,98.000000
942000342.000000,3340.000000,6338.000000,242352.000000,21856.000000,311347114.000000,109.000000
943000770.000000,3346.000000,6567.000000,242362.000000,21902.000000,311611378.000000,139.000000
944000986.000000,3326.000000,6588.000000,242302.000000,21906.000000,311875586.000000,128.000000
945000778.000000,3337.000000,6375.000000,242240.000000,21856.000000,312139682.000000,119.000000
946000358.000000,3314.000000,6506.000000,242176.000000,21864.000000,312403722.000000,97.000000
947000786.000000,3342.000000,6575.000000,242364.000000,21900.000000,312667986.000000,135.000000
948000002.000000,25259.000000,219083.000000,353177.000000,76839.000000,313098002.000000,51.000000
949000278.000000,5513.000000,26046.000000,254245.000000,16440.000000,313368687.000000,164.000000
950000214.000000,2964.000000,1409.000000,240910.000000,9075.000000,313618672.000000,184.000000
951002710.000000,2923.000000,1307.000000,241499.000000,9125.000000,313869296.000000,167.000000
952000086.000000,2954.000000,1496.000000,240273.000000,9074.000000,314118643.000000,192.000000
953001046.000000,2946.000000,1659.000000,241105.000000,9135.000000,314368883.000000,236.000000
954002518.000000,2932.000000,1503.000000,241239.000000,9129.000000,314619251.000000,169.000000
955000406.000000,2887.000000,1605.000000,240363.000000,9109.000000,314868723.000000,160.000000
956001366.000000,2969.000000,1482.000000,241109.000000,9134.000000,315118966.000000,221.000000
957001406.000000,2969.000000,1642.000000,240877.000000,9129.000000,315368972.000000,236.000000
958001238.000000,2939.000000,1622.000000,240852.000000,9110.000000,315618934.000000,191.000000
959002710.000000,2920.000000,1498.000000,241229.000000,9139.000000,315869302.000000,172.000000
960001214.000000,2948.000000,1430.000000,240523.000000,9099.000000,316118924.000000,190.000000
961000022.000000,2955.000000,1538.000000,240602.000000,9107.000000,316368633.000000,211.000000
962001494.000000,2935.000000,1644.000000,241225.000000,9143.000000,316619001.000000,200.000000
963002454.000000,2898.000000,1552.000000,241108.000000,9132.000000,316869241.000000,149.000000
964000342.000000,2931.000000,1583.000000,240361.000000,9111.000000,317118713.000000,185.000000
965000002.000000,4267.000000,13495.000000,221707.000000,11921.000000,317352341.000000,196.000000
966000020.000000,12356.000000,86495.000000,104801.000000,28533.000000,317485675.000000,0.000000
967000100.000000,12391.000000,85455.000000,104872.000000,28472.000000,317619019.000000,0.000000
968000180.000000,12381.000000,86144.000000,104853.000000,28491.000000,317752363.000000,0.000000
969000158.000000,11157.000000,92370.000000,145944.000000,29060.000000,317927367.000000,4.000000
970000094.000000,6510.000000,117667.000000,302064.000000,31248.000000,318260679.000000,0.000000
971000030.000000,6510.000000,117667.000000,302064.000000,31248.000000,318593991.000000,0.000000
972000023.000000,6509.000000,117697.000000,302071.000000,31255.000000,318927317.000000,0.000000
973000286.000000,6513.000000,117703.000000,302169.000000,31257.000000,319260743.000000,0.000000
974000222.000000,6510.000000,117667.000000,302064.000000,31248.000000,319594055.000000,0.000000
975000158.000000,6510.000000,117667.000000,302064.000000,31248.000000,319927367.000000,0.000000
976000094.000000,6509.000000,117667.000000,302064.000000,31248.000000,320260679.000000,0.000000
977000030.000000,6511.000000,117672.000000,302064.000000,31248.000000,320593991.000000,0.000000
978000350.000000,6513.000000,117696.000000,302184.000000,31256.000000,320927431.000000,0.000000
979000286.000000,6510.000000,117667.000000,302064.000000,31248.000000,321260743.000000,0.000000
980000222.000000,6510.000000,117667.000000,302064.000000,31248.000000,321594055.000000,0.000000
981000158.000000,6510.000000,117672.000000,302064.000000,31248.000000,321927367.000000,0.000000
982000094.000000,6510.000000,117667.000000,302064.000000,31248.000000,322260679.000000,0.000000
983000030.000000,6510.000000,117667.000000,302064.000000,31248.000000,322593991.000000,0.000000
984000350.000000,6513.000000,117697.000000,302184.000000,31256.000000,322927431.000000,0.000000
985000670.000000,6508.000000,117731.000000,302176.000000,31264.000000,323260871.000000,0.000000
986000222.000000,6512.000000,117608.000000,301952.000000,31232.000000,323594055.000000,0.000000
987000158.000000,6510.000000,117667.000000,302064.000000,31248.000000,323927367.000000,0.000000
988000094.000000,6510.000000,117667.000000,302064.000000,31248.000000,324260679.000000,0.000000
989000414.000000,6508.000000,117731.000000,302176.000000,31264.000000,324594119.000000,0.000000
990000350.000000,6514.000000,117670.000000,302064.000000,31248.000000,324927431.000000,0.000000
991000286.000000,6510.000000,117667.000000,302064.000000,31248.000000,325260743.000000,0.000000
992000222.000000,6510.000000,117667.000000,302064.000000,31248.000000,325594055.000000,0.000000
993000158.000000,6506.000000,117669.000000,302064.000000,31248.000000,325927367.000000,0.000000
994000094.000000,6514.000000,117670.000000,302064.000000,31248.000000,326260679.000000,0.000000
995000030.000000,6510.000000,117667.000000,302064.000000,31248.000000,326593991.000000,0.000000
996000350.000000,6512.000000,117728.000000,302176.000000,31264.000000,326927431.000000,0.000000
997000286.000000,6509.000000,117667.000000,302064.000000,31248.000000,327260743.000000,0.000000
998000222.000000,6511.000000,117672.000000,302064.000000,31248.000000,327594055.000000,0.000000
999000158.000000,6510.000000,117667.000000,302064.000000,31248.000000,327927367.000000,0.000000
