Instruction,pfIssued,pfInCache,overallMisses,overallHits,overallAccesses,unusedPrefetches
1002952.000000,928.000000,1252.000000,366167.000000,4564.000000,370731.000000,13.000000
2001253.000000,911.000000,930.000000,363914.000000,4152.000000,738797.000000,0.000000
3004565.000000,907.000000,1070.000000,365650.000000,4202.000000,1108649.000000,0.000000
4001131.000000,892.000000,898.000000,363145.000000,4216.000000,1476010.000000,0.000000
5002725.000000,873.000000,919.000000,364886.000000,4341.000000,1845237.000000,0.000000
6001043.000000,872.000000,817.000000,363689.000000,4367.000000,2213293.000000,0.000000
7002639.000000,915.000000,929.000000,365585.000000,4171.000000,2583049.000000,0.000000
8001989.000000,786.000000,782.000000,359905.000000,4420.000000,2947374.000000,0.000000
9006718.000000,809.000000,767.000000,360834.000000,4292.000000,3312500.000000,0.000000
10005798.000000,791.000000,735.000000,358663.000000,4380.000000,3675543.000000,0.000000
11004223.000000,493.000000,489.000000,355230.000000,2445.000000,4033218.000000,3.000000
12008914.000000,304.000000,340.000000,355677.000000,408.000000,4389303.000000,20.000000
13001459.000000,246.000000,272.000000,351819.000000,222.000000,4741344.000000,66.000000
14002917.000000,227.000000,367.000000,354891.000000,233.000000,5096468.000000,47.000000
15007393.000000,234.000000,283.000000,356367.000000,237.000000,5453072.000000,49.000000
16010810.000000,278.000000,269.000000,359961.000000,258.000000,5813291.000000,44.000000
17001063.000000,259.000000,250.000000,350954.000000,200.000000,6164445.000000,75.000000
18011525.000000,214.000000,282.000000,358156.000000,214.000000,6522815.000000,41.000000
19006853.000000,233.000000,266.000000,352718.000000,245.000000,6875778.000000,49.000000
20029043.000000,248.000000,248.000000,366883.000000,250.000000,7242911.000000,37.000000
21021958.000000,222.000000,245.000000,350428.000000,317.000000,7593656.000000,52.000000
22013321.000000,215.000000,301.000000,350560.000000,309.000000,7944525.000000,29.000000
23008034.000000,198.000000,257.000000,350693.000000,250.000000,8295468.000000,22.000000
24003166.000000,205.000000,255.000000,350858.000000,321.000000,8646647.000000,10.000000
25030036.000000,205.000000,226.000000,361838.000000,298.000000,9008783.000000,14.000000
26019092.000000,222.000000,272.000000,348558.000000,348.000000,9357689.000000,15.000000
27026242.000000,206.000000,226.000000,355138.000000,273.000000,9713100.000000,17.000000
28014846.000000,187.000000,245.000000,348944.000000,240.000000,10062284.000000,9.000000
29006987.000000,203.000000,248.000000,350191.000000,266.000000,10412741.000000,9.000000
30000761.000000,194.000000,353.000000,351443.000000,290.000000,10764474.000000,5.000000
31000441.000000,298.000000,281.000000,351274.000000,396.000000,11116144.000000,30.000000
32005580.000000,217.000000,255.000000,355235.000000,399.000000,11471778.000000,71.000000
33003245.000000,220.000000,228.000000,351743.000000,417.000000,11823938.000000,15.000000
34012467.000000,284.000000,220.000000,356868.000000,352.000000,12181158.000000,11.000000
35020781.000000,238.000000,237.000000,357444.000000,198.000000,12538800.000000,57.000000
36004128.000000,236.000000,245.000000,348120.000000,214.000000,12887134.000000,45.000000
37007720.000000,226.000000,256.000000,356474.000000,218.000000,13243826.000000,48.000000
38004594.000000,289.000000,259.000000,351487.000000,255.000000,13595568.000000,49.000000
39004455.000000,251.000000,288.000000,354254.000000,205.000000,13950027.000000,66.000000
40003755.000000,218.000000,274.000000,354127.000000,209.000000,14304363.000000,47.000000
41002056.000000,227.000000,212.000000,354053.000000,222.000000,14658638.000000,46.000000
42007595.000000,246.000000,200.000000,350359.000000,208.000000,15009205.000000,41.000000
43046907.000000,222.000000,202.000000,367853.000000,282.000000,15377340.000000,42.000000
44007248.000000,231.000000,236.000000,340001.000000,292.000000,15717633.000000,41.000000
45022378.000000,241.000000,282.000000,359611.000000,317.000000,16077561.000000,35.000000
46003329.000000,209.000000,234.000000,346270.000000,270.000000,16424101.000000,38.000000
47006435.000000,209.000000,290.000000,353931.000000,292.000000,16778324.000000,18.000000
48030904.000000,213.000000,229.000000,363669.000000,330.000000,17142323.000000,16.000000
49004051.000000,223.000000,254.000000,346834.000000,279.000000,17489436.000000,17.000000
50007256.000000,196.000000,298.000000,356294.000000,269.000000,17845999.000000,11.000000
51008197.000000,204.000000,285.000000,355694.000000,328.000000,18202021.000000,12.000000
52025325.000000,222.000000,235.000000,361705.000000,304.000000,18564030.000000,13.000000
53007379.000000,208.000000,252.000000,348519.000000,321.000000,18912870.000000,15.000000
54004506.000000,210.000000,275.000000,354370.000000,298.000000,19267538.000000,13.000000
55018837.000000,205.000000,209.000000,360495.000000,228.000000,19628261.000000,6.000000
56006319.000000,206.000000,359.000000,351508.000000,305.000000,19980074.000000,10.000000
57007843.000000,200.000000,285.000000,356118.000000,285.000000,20336477.000000,9.000000
58008156.000000,303.000000,234.000000,349344.000000,377.000000,20686198.000000,68.000000
59004060.000000,205.000000,249.000000,349484.000000,357.000000,21036039.000000,23.000000
60027803.000000,217.000000,296.000000,361652.000000,409.000000,21398100.000000,22.000000
61009956.000000,224.000000,183.000000,345149.000000,343.000000,21743592.000000,9.000000
62015259.000000,205.000000,242.000000,354193.000000,416.000000,22098201.000000,10.000000
63004727.000000,203.000000,330.000000,344871.000000,406.000000,22443478.000000,8.000000
64005063.000000,223.000000,319.000000,352462.000000,320.000000,22796260.000000,12.000000
65009866.000000,227.000000,267.000000,355535.000000,323.000000,23152118.000000,24.000000
66003317.000000,240.000000,245.000000,350577.000000,350.000000,23503045.000000,30.000000
67004644.000000,228.000000,170.000000,355956.000000,281.000000,23859282.000000,42.000000
68001432.000000,240.000000,267.000000,353421.000000,338.000000,24213041.000000,27.000000
69010439.000000,283.000000,236.000000,357562.000000,245.000000,24570848.000000,40.000000
70005266.000000,233.000000,236.000000,352564.000000,206.000000,24923618.000000,59.000000
71002588.000000,237.000000,174.000000,353365.000000,206.000000,25277189.000000,44.000000
72002145.000000,233.000000,233.000000,357799.000000,200.000000,25635188.000000,39.000000
73005615.000000,297.000000,293.000000,356734.000000,270.000000,25992192.000000,72.000000
74004507.000000,238.000000,371.000000,353915.000000,221.000000,26346328.000000,56.000000
75017994.000000,218.000000,190.000000,359155.000000,223.000000,26705706.000000,43.000000
76004033.000000,235.000000,261.000000,351789.000000,206.000000,27057701.000000,44.000000
77007196.000000,230.000000,238.000000,357744.000000,305.000000,27415750.000000,48.000000
78026085.000000,215.000000,246.000000,362270.000000,320.000000,27778340.000000,29.000000
79012595.000000,205.000000,249.000000,351311.000000,282.000000,28129933.000000,26.000000
80020469.000000,221.000000,241.000000,357779.000000,282.000000,28487994.000000,9.000000
81001658.000000,202.000000,228.000000,348929.000000,289.000000,28837212.000000,17.000000
82014497.000000,216.000000,281.000000,359426.000000,359.000000,29196997.000000,12.000000
83006543.000000,221.000000,255.000000,352577.000000,292.000000,29549866.000000,19.000000
84011114.000000,193.000000,221.000000,357121.000000,230.000000,29907217.000000,9.000000
85014999.000000,203.000000,234.000000,356448.000000,267.000000,30263932.000000,6.000000
86027709.000000,208.000000,334.000000,360750.000000,290.000000,30624972.000000,8.000000
87010931.000000,232.000000,224.000000,348113.000000,415.000000,30973500.000000,9.000000
88008731.000000,270.000000,296.000000,350995.000000,396.000000,31324891.000000,62.000000
89002913.000000,210.000000,226.000000,350687.000000,253.000000,31675831.000000,38.000000
90002157.000000,202.000000,231.000000,349453.000000,225.000000,32025509.000000,19.000000
91008930.000000,236.000000,260.000000,355022.000000,345.000000,32380876.000000,22.000000
92003587.000000,205.000000,292.000000,348012.000000,265.000000,32729153.000000,24.000000
93001486.000000,211.000000,233.000000,351489.000000,305.000000,33080947.000000,17.000000
94018328.000000,200.000000,280.000000,359253.000000,276.000000,33440476.000000,9.000000
95005025.000000,197.000000,243.000000,346834.000000,247.000000,33787557.000000,7.000000
96000786.000000,222.000000,299.000000,349966.000000,296.000000,34137819.000000,14.000000
97009608.000000,208.000000,223.000000,353814.000000,363.000000,34491996.000000,21.000000
98003468.000000,228.000000,216.000000,349703.000000,340.000000,34842039.000000,18.000000
99000890.000000,206.000000,285.000000,350503.000000,352.000000,35192894.000000,11.000000
100002986.000000,215.000000,300.000000,354731.000000,394.000000,35548019.000000,10.000000
101003595.000000,201.000000,231.000000,354524.000000,347.000000,35902890.000000,12.000000
102024531.000000,200.000000,279.000000,359313.000000,361.000000,36262564.000000,2.000000
103021980.000000,210.000000,225.000000,345335.000000,312.000000,36608211.000000,4.000000
104018452.000000,204.000000,241.000000,350770.000000,330.000000,36959311.000000,8.000000
105005133.000000,213.000000,333.000000,348473.000000,476.000000,37308260.000000,14.000000
106004756.000000,222.000000,258.000000,351988.000000,391.000000,37660639.000000,14.000000
107007856.000000,201.000000,328.000000,352079.000000,362.000000,38013080.000000,4.000000
108008921.000000,199.000000,255.000000,351694.000000,297.000000,38365071.000000,11.000000
109011124.000000,227.000000,312.000000,352719.000000,395.000000,38718185.000000,11.000000
110003240.000000,205.000000,239.000000,347987.000000,326.000000,39066498.000000,18.000000
111007557.000000,251.000000,279.000000,351583.000000,409.000000,39418490.000000,18.000000
112009186.000000,204.000000,222.000000,352481.000000,238.000000,39771209.000000,32.000000
113005012.000000,189.000000,316.000000,349416.000000,246.000000,40120871.000000,10.000000
114010448.000000,216.000000,158.000000,354420.000000,320.000000,40475611.000000,15.000000
115004808.000000,214.000000,301.000000,352401.000000,304.000000,40828316.000000,17.000000
116001097.000000,229.000000,240.000000,347122.000000,386.000000,41175824.000000,24.000000
117005795.000000,223.000000,279.000000,353636.000000,376.000000,41529836.000000,19.000000
118006492.000000,211.000000,214.000000,353167.000000,421.000000,41883424.000000,18.000000
119001824.000000,221.000000,216.000000,351394.000000,404.000000,42235222.000000,12.000000
120001535.000000,218.000000,227.000000,352425.000000,450.000000,42588097.000000,19.000000
121000557.000000,309.000000,261.000000,350185.000000,509.000000,42938791.000000,48.000000
122011717.000000,226.000000,272.000000,353832.000000,300.000000,43292923.000000,57.000000
123019244.000000,201.000000,271.000000,355210.000000,256.000000,43648389.000000,20.000000
124001258.000000,203.000000,294.000000,343723.000000,306.000000,43992418.000000,10.000000
125005801.000000,221.000000,225.000000,352114.000000,282.000000,44344814.000000,32.000000
126016169.000000,217.000000,248.000000,355726.000000,283.000000,44700823.000000,13.000000
127001463.000000,200.000000,229.000000,346244.000000,378.000000,45047445.000000,16.000000
128004212.000000,212.000000,261.000000,351689.000000,305.000000,45399439.000000,13.000000
129022278.000000,198.000000,301.000000,355247.000000,255.000000,45754941.000000,7.000000
130008559.000000,212.000000,219.000000,345291.000000,293.000000,46100525.000000,22.000000
131001624.000000,212.000000,239.000000,351427.000000,342.000000,46452294.000000,19.000000
132010592.000000,199.000000,333.000000,351459.000000,387.000000,46804140.000000,10.000000
133004462.000000,230.000000,252.000000,350251.000000,313.000000,47154704.000000,8.000000
134002058.000000,219.000000,237.000000,353044.000000,297.000000,47508045.000000,20.000000
135002121.000000,282.000000,226.000000,353802.000000,380.000000,47862227.000000,44.000000
136001535.000000,271.000000,248.000000,347803.000000,337.000000,48210367.000000,94.000000
137008407.000000,224.000000,316.000000,352734.000000,269.000000,48563370.000000,38.000000
138027058.000000,242.000000,294.000000,358783.000000,264.000000,48922417.000000,39.000000
139001022.000000,248.000000,249.000000,340968.000000,243.000000,49263628.000000,50.000000
140035123.000000,240.000000,269.000000,365521.000000,254.000000,49629403.000000,55.000000
141002188.000000,251.000000,245.000000,335201.000000,256.000000,49964860.000000,55.000000
142004951.000000,233.000000,281.000000,352784.000000,291.000000,50317935.000000,49.000000
143019307.000000,238.000000,303.000000,356267.000000,438.000000,50674640.000000,62.000000
144007060.000000,208.000000,244.000000,348337.000000,346.000000,51023323.000000,13.000000
145004889.000000,231.000000,255.000000,351780.000000,366.000000,51375469.000000,14.000000
146001309.000000,205.000000,241.000000,350240.000000,301.000000,51726010.000000,19.000000
147005925.000000,246.000000,266.000000,351266.000000,355.000000,52077631.000000,29.000000
148003182.000000,207.000000,279.000000,348266.000000,258.000000,52426155.000000,24.000000
149007140.000000,217.000000,240.000000,351144.000000,281.000000,52777580.000000,18.000000
150000287.000000,217.000000,266.000000,348665.000000,266.000000,53126511.000000,37.000000
151012515.000000,206.000000,218.000000,355755.000000,243.000000,53482509.000000,21.000000
152022230.000000,245.000000,263.000000,357406.000000,355.000000,53840270.000000,36.000000
153017609.000000,223.000000,203.000000,351282.000000,338.000000,54191890.000000,27.000000
154026705.000000,209.000000,257.000000,356652.000000,297.000000,54548839.000000,11.000000
155010697.000000,223.000000,266.000000,345452.000000,377.000000,54894668.000000,21.000000
156010039.000000,234.000000,228.000000,353371.000000,301.000000,55248340.000000,14.000000
157012766.000000,215.000000,246.000000,351217.000000,324.000000,55599881.000000,34.000000
158005877.000000,300.000000,209.000000,348660.000000,543.000000,55949084.000000,44.000000
159002678.000000,316.000000,250.000000,350876.000000,454.000000,56300414.000000,130.000000
160011374.000000,231.000000,255.000000,353971.000000,304.000000,56654689.000000,36.000000
161008209.000000,224.000000,278.000000,351518.000000,362.000000,57006569.000000,41.000000
162012336.000000,188.000000,254.000000,352898.000000,258.000000,57359725.000000,18.000000
163008362.000000,219.000000,219.000000,345712.000000,236.000000,57705673.000000,10.000000
164018837.000000,204.000000,291.000000,346859.000000,268.000000,58052800.000000,30.000000
165000195.000000,244.000000,217.000000,339095.000000,285.000000,58392180.000000,45.000000
166002820.000000,235.000000,252.000000,351789.000000,283.000000,58744252.000000,49.000000
167007097.000000,259.000000,271.000000,349282.000000,355.000000,59093889.000000,62.000000
168009044.000000,189.000000,268.000000,349157.000000,227.000000,59443273.000000,25.000000
169005694.000000,227.000000,233.000000,348877.000000,263.000000,59792413.000000,21.000000
170002105.000000,190.000000,286.000000,340344.000000,217.000000,60132974.000000,24.000000
171022064.000000,206.000000,260.000000,356485.000000,313.000000,60489772.000000,22.000000
172025372.000000,204.000000,287.000000,352440.000000,321.000000,60842533.000000,25.000000
173002063.000000,203.000000,251.000000,344770.000000,226.000000,61187529.000000,13.000000
174000661.000000,202.000000,261.000000,347830.000000,280.000000,61535639.000000,18.000000
175007357.000000,231.000000,252.000000,354556.000000,319.000000,61890514.000000,27.000000
176001887.000000,236.000000,188.000000,351053.000000,368.000000,62241935.000000,42.000000
177001730.000000,254.000000,263.000000,350589.000000,353.000000,62592877.000000,48.000000
178013572.000000,213.000000,314.000000,353441.000000,325.000000,62946643.000000,35.000000
179020149.000000,247.000000,198.000000,352272.000000,310.000000,63299225.000000,31.000000
180006662.000000,211.000000,258.000000,344879.000000,226.000000,63644330.000000,30.000000
181003547.000000,226.000000,278.000000,349665.000000,264.000000,63994259.000000,29.000000
182021732.000000,254.000000,209.000000,360653.000000,256.000000,64355168.000000,45.000000
183000642.000000,240.000000,192.000000,346969.000000,219.000000,64702356.000000,55.000000
184001321.000000,207.000000,272.000000,349975.000000,317.000000,65052648.000000,37.000000
185021900.000000,198.000000,211.000000,355442.000000,273.000000,65408363.000000,6.000000
186013863.000000,207.000000,249.000000,345247.000000,320.000000,65753930.000000,11.000000
187013674.000000,199.000000,300.000000,351365.000000,306.000000,66105601.000000,15.000000
188000586.000000,191.000000,228.000000,347972.000000,242.000000,66453815.000000,11.000000
189000112.000000,220.000000,242.000000,352143.000000,359.000000,66806317.000000,4.000000
190000879.000000,226.000000,253.000000,354130.000000,280.000000,67160727.000000,30.000000
191004294.000000,212.000000,287.000000,352260.000000,285.000000,67513272.000000,18.000000
192007017.000000,179.000000,261.000000,352964.000000,263.000000,67866499.000000,6.000000
193005624.000000,200.000000,209.000000,351962.000000,303.000000,68218764.000000,5.000000
194012726.000000,244.000000,338.000000,353539.000000,336.000000,68572639.000000,9.000000
195000816.000000,195.000000,239.000000,344926.000000,273.000000,68917838.000000,39.000000
196003774.000000,231.000000,286.000000,352989.000000,251.000000,69271078.000000,19.000000
197050158.000000,213.000000,263.000000,368148.000000,242.000000,69639468.000000,22.000000
198024647.000000,199.000000,214.000000,341549.000000,216.000000,69981233.000000,19.000000
199007723.000000,212.000000,262.000000,344745.000000,342.000000,70326320.000000,22.000000
200033492.000000,203.000000,344.000000,361018.000000,267.000000,70687605.000000,19.000000
201000567.000000,211.000000,227.000000,342093.000000,214.000000,71029912.000000,12.000000
202018225.000000,188.000000,211.000000,359934.000000,279.000000,71390125.000000,16.000000
203018452.000000,198.000000,328.000000,351119.000000,337.000000,71741581.000000,4.000000
204026788.000000,213.000000,233.000000,353133.000000,351.000000,72095065.000000,9.000000
205006134.000000,198.000000,246.000000,347145.000000,311.000000,72442521.000000,12.000000
206000006.000000,18463.000000,81669.000000,288139.000000,42272.000000,72772932.000000,92.000000
207002145.000000,52900.000000,198274.000000,304768.000000,97941.000000,73175641.000000,410.000000
208000201.000000,1975.000000,2918.000000,181118.000000,184075.000000,73540834.000000,1702.000000
209000585.000000,1891.000000,2706.000000,186359.000000,183123.000000,73910316.000000,1577.000000
210001544.000000,14092.000000,38106.000000,221327.000000,150780.000000,74282423.000000,1669.000000
211000281.000000,2029.000000,2743.000000,191721.000000,182560.000000,74656704.000000,1690.000000
212000145.000000,13904.000000,34584.000000,230328.000000,148683.000000,75035715.000000,1607.000000
213001542.000000,2637.000000,5246.000000,207582.000000,180752.000000,75424049.000000,2219.000000
214000866.000000,2113.000000,3625.000000,211530.000000,169402.000000,75804981.000000,1729.000000
215000256.000000,15020.000000,36946.000000,251054.000000,139525.000000,76195560.000000,2757.000000
216001616.000000,4351.000000,5641.000000,234596.000000,168453.000000,76598609.000000,3795.000000
217000001.000000,3014.000000,5765.000000,229962.000000,172411.000000,77000982.000000,2493.000000
218000063.000000,15196.000000,37721.000000,254356.000000,144254.000000,77399592.000000,2973.000000
219000134.000000,3725.000000,6637.000000,229038.000000,175447.000000,77804077.000000,3166.000000
220000068.000000,11165.000000,27667.000000,254926.000000,154179.000000,78213182.000000,2813.000000
221000149.000000,6960.000000,17539.000000,250540.000000,163010.000000,78626732.000000,2627.000000
222002238.000000,3071.000000,6338.000000,244912.000000,170664.000000,79042308.000000,2483.000000
223000529.000000,16160.000000,39480.000000,262716.000000,147499.000000,79452523.000000,4193.000000
224000157.000000,3774.000000,7927.000000,246964.000000,174641.000000,79874128.000000,3151.000000
225000572.000000,3491.000000,8217.000000,250387.000000,176664.000000,80301179.000000,2914.000000
226001888.000000,15094.000000,37126.000000,264444.000000,150827.000000,80716450.000000,3170.000000
227003159.000000,3485.000000,7092.000000,252939.000000,174969.000000,81144358.000000,2854.000000
228000104.000000,3988.000000,8416.000000,259719.000000,174824.000000,81578901.000000,3380.000000
229000475.000000,15640.000000,37788.000000,271688.000000,148160.000000,81998749.000000,3802.000000
230000014.000000,4536.000000,9132.000000,268335.000000,167852.000000,82434936.000000,3783.000000
231000127.000000,4037.000000,8494.000000,262692.000000,169207.000000,82866835.000000,3282.000000
232000332.000000,15901.000000,37723.000000,270462.000000,147549.000000,83284846.000000,4070.000000
233000241.000000,4211.000000,9000.000000,262205.000000,170771.000000,83717822.000000,3525.000000
234001630.000000,4135.000000,8216.000000,263629.000000,168958.000000,84150409.000000,3435.000000
235000722.000000,15826.000000,38107.000000,275373.000000,148149.000000,84573931.000000,3972.000000
236000049.000000,4271.000000,8431.000000,264011.000000,169543.000000,85007485.000000,3528.000000
237001661.000000,3786.000000,8079.000000,262722.000000,170507.000000,85440714.000000,3217.000000
238000372.000000,15658.000000,36599.000000,270830.000000,149597.000000,85861141.000000,4001.000000
239002957.000000,4214.000000,7156.000000,260090.000000,174173.000000,86295404.000000,3648.000000
240000014.000000,8584.000000,18912.000000,264300.000000,163381.000000,86723085.000000,4135.000000
241000001.000000,11060.000000,26878.000000,270849.000000,152859.000000,87146793.000000,3319.000000
242000625.000000,4546.000000,10859.000000,267218.000000,169571.000000,87583582.000000,3843.000000
243000086.000000,14864.000000,36495.000000,273017.000000,151502.000000,88008101.000000,4460.000000
244000404.000000,5361.000000,11599.000000,263680.000000,172322.000000,88444103.000000,3631.000000
245000108.000000,4414.000000,8511.000000,261588.000000,174697.000000,88880388.000000,3732.000000
246002025.000000,15638.000000,35971.000000,269322.000000,155441.000000,89305151.000000,4369.000000
247000476.000000,4241.000000,8501.000000,269341.000000,173008.000000,89747500.000000,3599.000000
248000510.000000,4602.000000,9668.000000,268911.000000,175048.000000,90191459.000000,3932.000000
249000119.000000,15639.000000,36049.000000,283290.000000,152749.000000,90627498.000000,4543.000000
250002091.000000,4699.000000,9518.000000,271494.000000,174364.000000,91073356.000000,4052.000000
251000011.000000,4671.000000,9263.000000,281382.000000,168491.000000,91523229.000000,3993.000000
252000447.000000,15879.000000,35946.000000,283848.000000,153446.000000,91960523.000000,4889.000000
253000039.000000,4632.000000,9716.000000,276466.000000,172000.000000,92408989.000000,3983.000000
254000426.000000,4149.000000,8640.000000,273663.000000,175226.000000,92857878.000000,3499.000000
255000405.000000,15777.000000,34947.000000,278289.000000,157313.000000,93293480.000000,4949.000000
256000801.000000,4167.000000,9100.000000,271873.000000,174343.000000,93739696.000000,3522.000000
257000303.000000,4277.000000,9618.000000,278718.000000,173668.000000,94192082.000000,3594.000000
258000013.000000,15856.000000,35479.000000,280506.000000,158147.000000,94630735.000000,5131.000000
259000374.000000,4319.000000,9318.000000,279445.000000,174825.000000,95085005.000000,3608.000000
260002980.000000,3488.000000,8582.000000,283335.000000,176182.000000,95544522.000000,2884.000000
261000126.000000,14215.000000,33124.000000,275048.000000,162010.000000,95981580.000000,4444.000000
262002853.000000,4761.000000,12783.000000,281483.000000,173957.000000,96437020.000000,3227.000000
263001247.000000,4507.000000,10327.000000,288736.000000,171305.000000,96897061.000000,3794.000000
264000083.000000,11116.000000,26241.000000,286662.000000,160202.000000,97343925.000000,4793.000000
265000060.000000,10350.000000,21873.000000,286744.000000,169547.000000,97800216.000000,5454.000000
266002293.000000,5392.000000,12910.000000,281086.000000,176015.000000,98257317.000000,4518.000000
267000035.000000,6388.000000,14883.000000,284606.000000,171410.000000,98713333.000000,4288.000000
268000017.000000,13269.000000,30231.000000,289044.000000,158755.000000,99161132.000000,4514.000000
269000557.000000,4405.000000,10330.000000,287919.000000,172116.000000,99621167.000000,3601.000000
270002029.000000,5945.000000,12483.000000,294250.000000,170910.000000,100086327.000000,5152.000000
271000013.000000,15903.000000,34556.000000,282095.000000,160775.000000,100529197.000000,6092.000000
272000423.000000,4449.000000,10673.000000,287478.000000,172159.000000,100988834.000000,3736.000000
273000529.000000,3408.000000,8949.000000,296247.000000,167626.000000,101452707.000000,2774.000000
274000066.000000,15125.000000,31737.000000,281812.000000,164317.000000,101898836.000000,5519.000000
275000337.000000,3582.000000,7965.000000,291125.000000,172286.000000,102362247.000000,2950.000000
276000285.000000,3266.000000,8278.000000,293817.000000,171120.000000,102827184.000000,2576.000000
277000202.000000,14874.000000,32889.000000,281959.000000,163959.000000,103273102.000000,5418.000000
278002682.000000,3503.000000,8626.000000,295914.000000,168628.000000,103737644.000000,2728.000000
279000665.000000,3407.000000,9852.000000,296969.000000,168845.000000,104203458.000000,2724.000000
280000030.000000,14919.000000,32396.000000,283675.000000,163582.000000,104650715.000000,5795.000000
281000549.000000,4801.000000,10797.000000,297452.000000,170226.000000,105118393.000000,4000.000000
282000053.000000,4426.000000,9715.000000,293182.000000,169680.000000,105581255.000000,3638.000000
283000060.000000,15233.000000,32151.000000,285490.000000,165708.000000,106032453.000000,6878.000000
284000022.000000,4577.000000,11169.000000,296638.000000,167880.000000,106496971.000000,3465.000000
285000570.000000,4795.000000,10373.000000,289906.000000,177871.000000,106964748.000000,4188.000000
286000007.000000,10741.000000,23813.000000,294755.000000,162514.000000,107422017.000000,5576.000000
287000713.000000,9577.000000,19802.000000,286642.000000,173348.000000,107882007.000000,5436.000000
288002219.000000,4673.000000,11153.000000,293253.000000,172482.000000,108347742.000000,3935.000000
289000922.000000,4856.000000,11588.000000,297784.000000,166475.000000,108812001.000000,4071.000000
290000434.000000,15017.000000,32063.000000,285001.000000,165517.000000,109262519.000000,6770.000000
291000158.000000,5023.000000,11787.000000,295338.000000,170133.000000,109727990.000000,4282.000000
292000699.000000,4543.000000,11528.000000,295424.000000,172789.000000,110196203.000000,3851.000000
293000393.000000,14581.000000,29541.000000,274851.000000,174900.000000,110645954.000000,6529.000000
294001320.000000,3623.000000,9022.000000,294268.000000,172956.000000,111113178.000000,3005.000000
295000397.000000,4479.000000,10897.000000,294242.000000,172454.000000,111579874.000000,3818.000000
296001415.000000,14014.000000,27598.000000,283065.000000,170116.000000,112033055.000000,6322.000000
297001635.000000,3858.000000,9515.000000,296333.000000,173348.000000,112502736.000000,3274.000000
298000677.000000,3682.000000,8199.000000,284642.000000,173131.000000,112960509.000000,3090.000000
299000073.000000,13928.000000,26940.000000,277196.000000,167394.000000,113405099.000000,6403.000000
300000839.000000,4030.000000,10125.000000,294575.000000,170895.000000,113870569.000000,3346.000000
301000048.000000,4201.000000,10724.000000,293265.000000,171286.000000,114335120.000000,3419.000000
302000088.000000,13632.000000,27215.000000,280950.000000,171918.000000,114787988.000000,6178.000000
303000158.000000,3494.000000,8303.000000,293016.000000,172528.000000,115253532.000000,2904.000000
304004220.000000,4223.000000,10607.000000,288556.000000,173653.000000,115715741.000000,3547.000000
305004814.000000,13928.000000,27903.000000,283133.000000,171956.000000,116170830.000000,6709.000000
306000174.000000,4224.000000,9738.000000,295506.000000,170690.000000,116637026.000000,3491.000000
307001712.000000,3930.000000,8903.000000,293363.000000,175544.000000,117105933.000000,3277.000000
308000131.000000,12210.000000,25775.000000,288288.000000,172485.000000,117566706.000000,5975.000000
309000822.000000,5282.000000,11770.000000,289630.000000,177646.000000,118033982.000000,3765.000000
310000026.000000,4310.000000,10885.000000,301153.000000,169467.000000,118504602.000000,3614.000000
311000325.000000,4331.000000,10238.000000,304988.000000,169040.000000,118978630.000000,3672.000000
312000136.000000,13085.000000,25632.000000,289511.000000,168706.000000,119436847.000000,5973.000000
313000806.000000,4092.000000,9117.000000,304706.000000,169177.000000,119910730.000000,3440.000000
314000815.000000,3974.000000,8795.000000,296645.000000,169405.000000,120376780.000000,3313.000000
315002475.000000,12779.000000,25583.000000,282211.000000,173328.000000,120832319.000000,5770.000000
316000605.000000,4156.000000,9445.000000,297768.000000,172597.000000,121302684.000000,3486.000000
317002173.000000,3172.000000,8035.000000,297789.000000,171789.000000,121772262.000000,2568.000000
318000636.000000,13229.000000,26123.000000,279964.000000,175224.000000,122227450.000000,6356.000000
319000221.000000,3936.000000,9069.000000,299239.000000,173729.000000,122700418.000000,3320.000000
320002137.000000,3619.000000,9218.000000,296010.000000,175448.000000,123171876.000000,3045.000000
321002229.000000,12436.000000,25324.000000,287590.000000,173723.000000,123633189.000000,5771.000000
322000672.000000,2559.000000,6250.000000,296975.000000,169581.000000,124099745.000000,1996.000000
323000173.000000,3497.000000,9298.000000,300976.000000,170652.000000,124571373.000000,2794.000000
324000714.000000,12044.000000,24678.000000,290963.000000,169693.000000,125032029.000000,6126.000000
325001997.000000,4160.000000,8716.000000,294814.000000,172612.000000,125499455.000000,2735.000000
326001277.000000,3287.000000,7765.000000,298742.000000,168249.000000,125966446.000000,2670.000000
327000079.000000,6679.000000,13748.000000,302161.000000,168095.000000,126436702.000000,4316.000000
328000448.000000,9597.000000,19908.000000,289712.000000,174841.000000,126901255.000000,4895.000000
329000461.000000,2970.000000,8402.000000,304965.000000,169410.000000,127375630.000000,2416.000000
330000234.000000,3634.000000,9297.000000,307446.000000,170697.000000,127853773.000000,2926.000000
331001864.000000,12762.000000,23605.000000,285169.000000,177545.000000,128316487.000000,6539.000000
332000561.000000,4106.000000,8965.000000,302273.000000,174954.000000,128793714.000000,3464.000000
333001584.000000,4359.000000,9151.000000,308000.000000,174514.000000,129276228.000000,3681.000000
334001175.000000,12426.000000,23047.000000,290909.000000,176927.000000,129744064.000000,6525.000000
335002022.000000,4122.000000,10299.000000,312815.000000,170035.000000,130226914.000000,3472.000000
336002697.000000,3609.000000,9837.000000,309467.000000,170341.000000,130706722.000000,2960.000000
337000039.000000,12423.000000,25108.000000,289432.000000,174095.000000,131170249.000000,6705.000000
338000153.000000,4744.000000,14183.000000,316195.000000,167209.000000,131653653.000000,3991.000000
339002604.000000,4325.000000,11802.000000,320657.000000,164454.000000,132138764.000000,3654.000000
340002540.000000,11164.000000,21033.000000,291025.000000,168523.000000,132598312.000000,5756.000000
341001017.000000,3591.000000,9231.000000,318907.000000,163680.000000,133080899.000000,2951.000000
342000237.000000,5012.000000,10727.000000,314000.000000,166853.000000,133561752.000000,4280.000000
343000050.000000,11454.000000,21700.000000,310950.000000,164386.000000,134037088.000000,7276.000000
344001583.000000,4547.000000,10094.000000,303268.000000,171210.000000,134511566.000000,2820.000000
345002150.000000,3858.000000,10797.000000,321233.000000,162239.000000,134995038.000000,3236.000000
346001521.000000,3648.000000,9434.000000,318641.000000,166401.000000,135480080.000000,3001.000000
347000058.000000,11843.000000,22075.000000,296812.000000,172554.000000,135949446.000000,6620.000000
348001189.000000,5312.000000,13844.000000,315863.000000,166206.000000,136431515.000000,4569.000000
349004049.000000,4047.000000,9949.000000,323032.000000,161144.000000,136915691.000000,3326.000000
350000100.000000,10979.000000,20540.000000,290036.000000,170784.000000,137376511.000000,6022.000000
351000123.000000,2967.000000,7981.000000,318130.000000,158991.000000,137853632.000000,2328.000000
352001339.000000,3297.000000,8400.000000,319383.000000,163541.000000,138336556.000000,2688.000000
353000059.000000,11572.000000,21510.000000,297293.000000,173675.000000,138807524.000000,7218.000000
354002801.000000,4840.000000,11909.000000,312710.000000,167660.000000,139287894.000000,3522.000000
355000008.000000,2587.000000,7801.000000,314451.000000,157336.000000,139759681.000000,1987.000000
356000820.000000,4121.000000,10696.000000,320576.000000,163239.000000,140243496.000000,3487.000000
357000920.000000,11675.000000,21419.000000,298066.000000,172622.000000,140714184.000000,6713.000000
358001674.000000,3405.000000,9380.000000,318179.000000,166882.000000,141199245.000000,2807.000000
359001682.000000,3306.000000,9064.000000,314559.000000,171098.000000,141684902.000000,2653.000000
360001804.000000,11659.000000,21638.000000,296183.000000,177581.000000,142158666.000000,6871.000000
361000515.000000,3572.000000,9581.000000,323335.000000,158516.000000,142640517.000000,2970.000000
362002689.000000,4271.000000,12245.000000,323844.000000,163192.000000,143127553.000000,3466.000000
363000293.000000,10865.000000,20620.000000,308826.000000,168426.000000,143604805.000000,6812.000000
364000119.000000,4686.000000,10024.000000,310771.000000,173525.000000,144089101.000000,3295.000000
365000156.000000,2508.000000,8046.000000,318736.000000,164945.000000,144572782.000000,1860.000000
366000957.000000,2898.000000,8097.000000,324341.000000,160320.000000,145057443.000000,2301.000000
367002741.000000,11025.000000,20827.000000,299104.000000,175692.000000,145532239.000000,6512.000000
368000703.000000,3109.000000,8950.000000,321711.000000,162920.000000,146016870.000000,2526.000000
369000100.000000,3692.000000,10699.000000,322146.000000,167269.000000,146506285.000000,3027.000000
370000405.000000,11434.000000,20402.000000,294330.000000,182353.000000,146982968.000000,7021.000000
371000018.000000,3806.000000,9049.000000,318934.000000,165023.000000,147466925.000000,3192.000000
372003579.000000,3825.000000,9502.000000,326689.000000,162341.000000,147955955.000000,3206.000000
373000223.000000,9396.000000,17654.000000,304279.000000,165759.000000,148425993.000000,5663.000000
374003246.000000,3470.000000,8106.000000,302739.000000,166410.000000,148895142.000000,2197.000000
375000601.000000,2254.000000,6033.000000,306690.000000,158857.000000,149360689.000000,1680.000000
376000182.000000,2487.000000,6472.000000,310585.000000,163148.000000,149834422.000000,1914.000000
377002739.000000,9702.000000,16841.000000,290278.000000,173650.000000,150298350.000000,5584.000000
378000041.000000,3337.000000,8171.000000,314970.000000,161962.000000,150775282.000000,2760.000000
379003578.000000,3416.000000,9890.000000,334840.000000,157779.000000,151267901.000000,2743.000000
380003041.000000,10661.000000,19386.000000,306187.000000,170193.000000,151744281.000000,6535.000000
381002598.000000,3186.000000,7550.000000,317777.000000,165655.000000,152227713.000000,2557.000000
382000301.000000,2426.000000,6685.000000,313392.000000,165524.000000,152706629.000000,1884.000000
383000515.000000,5571.000000,10907.000000,300773.000000,172637.000000,153180039.000000,3757.000000
384003445.000000,7337.000000,14398.000000,311463.000000,168975.000000,153660477.000000,4629.000000
385000082.000000,2885.000000,7579.000000,315428.000000,165343.000000,154141248.000000,2314.000000
386002336.000000,3397.000000,8523.000000,317984.000000,167033.000000,154626265.000000,2738.000000
387000183.000000,10789.000000,18132.000000,290997.000000,186602.000000,155103864.000000,6985.000000
388000118.000000,3338.000000,7672.000000,305241.000000,172290.000000,155581395.000000,2757.000000
389000616.000000,3390.000000,9000.000000,321039.000000,161437.000000,156063871.000000,2780.000000
390002489.000000,2880.000000,7315.000000,314991.000000,162373.000000,156541235.000000,2223.000000
391000237.000000,10890.000000,18614.000000,301165.000000,174980.000000,157017380.000000,7151.000000
392001464.000000,3026.000000,8753.000000,325978.000000,165245.000000,157508603.000000,2335.000000
393000025.000000,4284.000000,10199.000000,329156.000000,163463.000000,158001222.000000,3511.000000
394002821.000000,11203.000000,17461.000000,297509.000000,183974.000000,158482705.000000,7705.000000
395000538.000000,3372.000000,10564.000000,323352.000000,165775.000000,158971832.000000,2627.000000
396000111.000000,3357.000000,8541.000000,311136.000000,165456.000000,159448424.000000,2740.000000
397000186.000000,2504.000000,6758.000000,322276.000000,159700.000000,159930400.000000,1928.000000
398000059.000000,9341.000000,15469.000000,295441.000000,183540.000000,160409381.000000,6080.000000
399002813.000000,2361.000000,7284.000000,325266.000000,165196.000000,160899843.000000,1675.000000
400000052.000000,2645.000000,8536.000000,320446.000000,169206.000000,161389495.000000,2018.000000
401000295.000000,9251.000000,15061.000000,289985.000000,187053.000000,161866533.000000,6243.000000
402000635.000000,3493.000000,8730.000000,324459.000000,159458.000000,162350450.000000,2847.000000
403000361.000000,2708.000000,8804.000000,329082.000000,160927.000000,162840459.000000,2095.000000
404000157.000000,8162.000000,13833.000000,301899.000000,183555.000000,163325913.000000,5791.000000
405001771.000000,4162.000000,10398.000000,318181.000000,172214.000000,163816308.000000,2880.000000
406000812.000000,3425.000000,9528.000000,327463.000000,164464.000000,164308235.000000,2803.000000
407000079.000000,3080.000000,8760.000000,325593.000000,166323.000000,164800151.000000,2493.000000
408000373.000000,8482.000000,14362.000000,299060.000000,180068.000000,165279279.000000,5691.000000
409000329.000000,3472.000000,9574.000000,321675.000000,162056.000000,165763010.000000,2809.000000
410002692.000000,3411.000000,8454.000000,319602.000000,164336.000000,166246948.000000,2777.000000
411000852.000000,8873.000000,14827.000000,301822.000000,181301.000000,166730071.000000,6184.000000
412001625.000000,3846.000000,10100.000000,324100.000000,164174.000000,167218345.000000,3191.000000
413002900.000000,3291.000000,9382.000000,324226.000000,166584.000000,167709155.000000,2631.000000
414000421.000000,3463.000000,10144.000000,330500.000000,160964.000000,168200619.000000,2887.000000
415000130.000000,8230.000000,14921.000000,308136.000000,177691.000000,168686446.000000,5539.000000
416000325.000000,3782.000000,10585.000000,318469.000000,170331.000000,169175246.000000,3138.000000
417000462.000000,3737.000000,10153.000000,337679.000000,160791.000000,169673716.000000,3038.000000
418000723.000000,7487.000000,12744.000000,299104.000000,179718.000000,170152538.000000,5524.000000
419000178.000000,4695.000000,11337.000000,315538.000000,170785.000000,170638861.000000,3368.000000
420002776.000000,3373.000000,9762.000000,341184.000000,153409.000000,171133454.000000,2755.000000
421000466.000000,3202.000000,7303.000000,315216.000000,166477.000000,171615147.000000,2609.000000
422001883.000000,8305.000000,13381.000000,311830.000000,175831.000000,172102808.000000,5721.000000
423001066.000000,3083.000000,7453.000000,319040.000000,164777.000000,172586625.000000,2458.000000
424000460.000000,3407.000000,8945.000000,328780.000000,164052.000000,173079457.000000,2752.000000
425000541.000000,3143.000000,8991.000000,333660.000000,162337.000000,173575454.000000,2532.000000
426001269.000000,8546.000000,13026.000000,292118.000000,184617.000000,174052189.000000,6091.000000
427001100.000000,3345.000000,8913.000000,323365.000000,160056.000000,174535610.000000,2786.000000
428001336.000000,3460.000000,9999.000000,329833.000000,162406.000000,175027849.000000,2846.000000
429000590.000000,4687.000000,8408.000000,306338.000000,183837.000000,175518024.000000,3805.000000
430000805.000000,6170.000000,13351.000000,322812.000000,167579.000000,176008415.000000,4077.000000
431000688.000000,2969.000000,8625.000000,332728.000000,160804.000000,176501947.000000,2381.000000
432000847.000000,3292.000000,8461.000000,323777.000000,161710.000000,176987434.000000,2754.000000
433000815.000000,7798.000000,12612.000000,296544.000000,183574.000000,177467552.000000,5568.000000
434003164.000000,3902.000000,9644.000000,326974.000000,163225.000000,177957751.000000,3273.000000
435002566.000000,3560.000000,8071.000000,312984.000000,165334.000000,178436069.000000,2911.000000
436000288.000000,3907.000000,10146.000000,337995.000000,157685.000000,178931749.000000,3164.000000
437000643.000000,8197.000000,14343.000000,312152.000000,178722.000000,179422623.000000,5867.000000
438000363.000000,3733.000000,9210.000000,326136.000000,162543.000000,179911302.000000,3052.000000
439001650.000000,3692.000000,8753.000000,324734.000000,162914.000000,180398950.000000,3116.000000
440000209.000000,3281.000000,8824.000000,328135.000000,162756.000000,180889841.000000,2725.000000
441000127.000000,7748.000000,11561.000000,293626.000000,181765.000000,181365232.000000,5522.000000
442000366.000000,3651.000000,9787.000000,339415.000000,160344.000000,181864991.000000,3008.000000
443001469.000000,3331.000000,8551.000000,325288.000000,160765.000000,182351044.000000,2702.000000
444000037.000000,6257.000000,11665.000000,314192.000000,161411.000000,182826647.000000,4195.000000
445002415.000000,3377.000000,5915.000000,299171.000000,183381.000000,183309199.000000,2816.000000
446000366.000000,2442.000000,6714.000000,326480.000000,156267.000000,183791946.000000,1895.000000
447003314.000000,2398.000000,6781.000000,326286.000000,159657.000000,184277889.000000,1883.000000
448000515.000000,6861.000000,9872.000000,297213.000000,182659.000000,184757761.000000,4965.000000
449001959.000000,2307.000000,6390.000000,322046.000000,164682.000000,185244489.000000,1770.000000
450002468.000000,2804.000000,7835.000000,327312.000000,163239.000000,185735040.000000,2194.000000
451003008.000000,2765.000000,7684.000000,326732.000000,162931.000000,186224703.000000,2175.000000
452001388.000000,6782.000000,9583.000000,302688.000000,181941.000000,186709332.000000,5070.000000
453000876.000000,3538.000000,8310.000000,330027.000000,161262.000000,187200621.000000,3006.000000
454000477.000000,3500.000000,7998.000000,331657.000000,163008.000000,187695286.000000,2925.000000
455003191.000000,7230.000000,9666.000000,301702.000000,190191.000000,188187179.000000,5749.000000
456000088.000000,3043.000000,7518.000000,329449.000000,163997.000000,188680625.000000,2516.000000
457001963.000000,2218.000000,6750.000000,328299.000000,160337.000000,189169261.000000,1695.000000
458000463.000000,2571.000000,7262.000000,329599.000000,155431.000000,189654291.000000,2055.000000
459000666.000000,5723.000000,8709.000000,302813.000000,185501.000000,190142605.000000,4491.000000
460000742.000000,2447.000000,7120.000000,328955.000000,162146.000000,190633706.000000,1934.000000
461001442.000000,2510.000000,7127.000000,324675.000000,163233.000000,191121614.000000,2003.000000
462001834.000000,5547.000000,7456.000000,289486.000000,189917.000000,191601017.000000,4479.000000
463001743.000000,3512.000000,7894.000000,322574.000000,158655.000000,192082246.000000,2862.000000
464001647.000000,3128.000000,8721.000000,333252.000000,152497.000000,192567995.000000,2577.000000
465000376.000000,3155.000000,6743.000000,310525.000000,163462.000000,193041982.000000,2596.000000
466001009.000000,5981.000000,8387.000000,306490.000000,184025.000000,193532497.000000,4836.000000
467002423.000000,3254.000000,6511.000000,312442.000000,165035.000000,194009974.000000,2606.000000
468000013.000000,3675.000000,8326.000000,303465.000000,171621.000000,194485060.000000,3077.000000
469000427.000000,3941.000000,11465.000000,345376.000000,155083.000000,194985519.000000,3362.000000
470000293.000000,6839.000000,9967.000000,309450.000000,179410.000000,195474379.000000,5836.000000
471000045.000000,3923.000000,10775.000000,345308.000000,150163.000000,195969850.000000,3269.000000
472000008.000000,3440.000000,9641.000000,340963.000000,158090.000000,196468903.000000,2775.000000
473000433.000000,3677.000000,9465.000000,334227.000000,160220.000000,196963350.000000,3034.000000
474000333.000000,6029.000000,8557.000000,309194.000000,183813.000000,197456357.000000,5001.000000
475000081.000000,3927.000000,10100.000000,340571.000000,159117.000000,197956045.000000,3198.000000
476001996.000000,3269.000000,9331.000000,340318.000000,154271.000000,198450634.000000,2684.000000
477001575.000000,3308.000000,7312.000000,309344.000000,166615.000000,198926593.000000,2727.000000
478000782.000000,6159.000000,9589.000000,313855.000000,176351.000000,199416799.000000,5122.000000
479000673.000000,3403.000000,7829.000000,321384.000000,163936.000000,199902119.000000,2779.000000
480001850.000000,3926.000000,9243.000000,335153.000000,161617.000000,200398889.000000,3192.000000
481000027.000000,6564.000000,10411.000000,311714.000000,186328.000000,200896931.000000,5493.000000
482000235.000000,3428.000000,9428.000000,338166.000000,155814.000000,201390911.000000,2714.000000
483000541.000000,3912.000000,10409.000000,339272.000000,158300.000000,201888483.000000,3258.000000
484000448.000000,3671.000000,8653.000000,323306.000000,164787.000000,202376576.000000,3066.000000
485000022.000000,6048.000000,8176.000000,295623.000000,189474.000000,202861673.000000,4993.000000
486002225.000000,3615.000000,7753.000000,315633.000000,169716.000000,203347022.000000,2972.000000
487001430.000000,3248.000000,7232.000000,322378.000000,165709.000000,203835109.000000,2660.000000
488000006.000000,3742.000000,10493.000000,336122.000000,161545.000000,204332776.000000,3068.000000
489000005.000000,4591.000000,7765.000000,307643.000000,183430.000000,204823849.000000,3922.000000
490004498.000000,4414.000000,9973.000000,336439.000000,161281.000000,205321569.000000,3453.000000
491001195.000000,3691.000000,10070.000000,340271.000000,156649.000000,205818489.000000,3014.000000
492001212.000000,3674.000000,8889.000000,327899.000000,165871.000000,206312259.000000,3016.000000
493000691.000000,5993.000000,9040.000000,305656.000000,190035.000000,206807950.000000,5022.000000
494001599.000000,3793.000000,8688.000000,321925.000000,170205.000000,207300080.000000,3182.000000
495002247.000000,3195.000000,8280.000000,330699.000000,160669.000000,207791448.000000,2616.000000
496000648.000000,3842.000000,10316.000000,339811.000000,157797.000000,208289056.000000,3201.000000
497000006.000000,5767.000000,7980.000000,297133.000000,188907.000000,208775096.000000,4833.000000
498001801.000000,3618.000000,10261.000000,343731.000000,153661.000000,209272488.000000,2946.000000
499000023.000000,3881.000000,7496.000000,307484.000000,174011.000000,209753983.000000,3240.000000
500000511.000000,4009.000000,7894.000000,321658.000000,171093.000000,210246734.000000,3359.000000
501000227.000000,6426.000000,7652.000000,292280.000000,195732.000000,210734746.000000,5443.000000
502001500.000000,4777.000000,10670.000000,341143.000000,166043.000000,211241932.000000,4068.000000
503000724.000000,3970.000000,9021.000000,322900.000000,167607.000000,211732439.000000,3273.000000
504000320.000000,3885.000000,9280.000000,343029.000000,158788.000000,212234256.000000,3276.000000
505000045.000000,5776.000000,8686.000000,312433.000000,186031.000000,212732720.000000,4830.000000
506001315.000000,4675.000000,8515.000000,337961.000000,163591.000000,213234272.000000,3983.000000
507000011.000000,4494.000000,10372.000000,331872.000000,167029.000000,213733173.000000,3714.000000
508001136.000000,5340.000000,10522.000000,328832.000000,177828.000000,214239833.000000,4647.000000
509000719.000000,4682.000000,10471.000000,324641.000000,167745.000000,214732219.000000,3764.000000
510001344.000000,3896.000000,10881.000000,341203.000000,160583.000000,215234005.000000,3283.000000
511000541.000000,4605.000000,10058.000000,334681.000000,161704.000000,215730390.000000,3912.000000
512001138.000000,5759.000000,7895.000000,307633.000000,184956.000000,216222979.000000,4898.000000
513000441.000000,4491.000000,9439.000000,324044.000000,169345.000000,216716368.000000,3783.000000
514000124.000000,3910.000000,9286.000000,337153.000000,165147.000000,217218668.000000,3273.000000
515000838.000000,3568.000000,9040.000000,328472.000000,163099.000000,217710239.000000,3046.000000
516000052.000000,5608.000000,7951.000000,297774.000000,188742.000000,218196755.000000,4774.000000
517001641.000000,4349.000000,12317.000000,343124.000000,157948.000000,218697827.000000,3659.000000
518000087.000000,3873.000000,10350.000000,339917.000000,157365.000000,219195109.000000,3226.000000
519001478.000000,4639.000000,7592.000000,326657.000000,177881.000000,219699647.000000,3969.000000
520000287.000000,4733.000000,9909.000000,330823.000000,173825.000000,220204295.000000,3818.000000
521000345.000000,3221.000000,9045.000000,341774.000000,159326.000000,220705395.000000,2628.000000
522001484.000000,4651.000000,10371.000000,337836.000000,161784.000000,221205015.000000,4006.000000
523000221.000000,6227.000000,9011.000000,311373.000000,186112.000000,221702500.000000,5314.000000
524000406.000000,3568.000000,9187.000000,327099.000000,162741.000000,222192340.000000,2945.000000
525001447.000000,2974.000000,6276.000000,308310.000000,171263.000000,222671913.000000,2453.000000
526001935.000000,3987.000000,10774.000000,342627.000000,162569.000000,223177109.000000,3204.000000
527000158.000000,6102.000000,8467.000000,297454.000000,189713.000000,223664276.000000,5204.000000
528001368.000000,3239.000000,8468.000000,329513.000000,164142.000000,224157931.000000,2611.000000
529003324.000000,3558.000000,7372.000000,320079.000000,168299.000000,224646309.000000,2982.000000
530000084.000000,4436.000000,10958.000000,343158.000000,157386.000000,225146853.000000,3815.000000
531000147.000000,6088.000000,9722.000000,318108.000000,184523.000000,225649484.000000,5162.000000
532000986.000000,4067.000000,10945.000000,340678.000000,163675.000000,226153837.000000,3374.000000
533003467.000000,4358.000000,12294.000000,348494.000000,157108.000000,226659439.000000,3673.000000
534002062.000000,6898.000000,10988.000000,313101.000000,186401.000000,227158941.000000,5980.000000
535000362.000000,4776.000000,11272.000000,342527.000000,157983.000000,227659451.000000,4151.000000
536002779.000000,4114.000000,10220.000000,331848.000000,160351.000000,228151650.000000,3498.000000
537000498.000000,4562.000000,10146.000000,335718.000000,164652.000000,228652020.000000,3861.000000
538000066.000000,5808.000000,8419.000000,308955.000000,189130.000000,229150105.000000,4901.000000
539001145.000000,4171.000000,10103.000000,323999.000000,170234.000000,229644338.000000,3498.000000
540000552.000000,4117.000000,10531.000000,342401.000000,160146.000000,230146885.000000,3384.000000
541001166.000000,5673.000000,7825.000000,309475.000000,186596.000000,230642956.000000,4829.000000
542000170.000000,3555.000000,8277.000000,340491.000000,162513.000000,231145960.000000,2962.000000
543000090.000000,4086.000000,11459.000000,347335.000000,159206.000000,231652501.000000,3285.000000
544000034.000000,4456.000000,10842.000000,340983.000000,162390.000000,232155874.000000,3683.000000
545002014.000000,5948.000000,9239.000000,319075.000000,181565.000000,232656514.000000,5047.000000
546001819.000000,4185.000000,10618.000000,345210.000000,157127.000000,233158851.000000,3445.000000
547000658.000000,4733.000000,9968.000000,347724.000000,159664.000000,233666239.000000,4050.000000
548002502.000000,7045.000000,9497.000000,314159.000000,188211.000000,234168609.000000,6125.000000
549002517.000000,5180.000000,11294.000000,337733.000000,165251.000000,234671593.000000,4437.000000
550000279.000000,4007.000000,10229.000000,338608.000000,162175.000000,235172376.000000,3275.000000
551000239.000000,4573.000000,11375.000000,341758.000000,162549.000000,235676683.000000,3764.000000
552000450.000000,5908.000000,9774.000000,318605.000000,184481.000000,236179769.000000,5128.000000
553000584.000000,3783.000000,11177.000000,341604.000000,162660.000000,236684033.000000,3125.000000
554000222.000000,4622.000000,10369.000000,336005.000000,168858.000000,237188896.000000,3929.000000
555000098.000000,6789.000000,9657.000000,311844.000000,188554.000000,237689294.000000,5832.000000
556000134.000000,4627.000000,10391.000000,338824.000000,167871.000000,238195989.000000,3860.000000
557000768.000000,4366.000000,10073.000000,337173.000000,169915.000000,238703077.000000,3638.000000
558000268.000000,4436.000000,10272.000000,340603.000000,168635.000000,239212315.000000,3672.000000
559000805.000000,6807.000000,9174.000000,316707.000000,189005.000000,239718027.000000,5888.000000
560000015.000000,3752.000000,9743.000000,334375.000000,163412.000000,240215814.000000,3153.000000
561000400.000000,3749.000000,11771.000000,335029.000000,161682.000000,240712525.000000,3065.000000
562000002.000000,6621.000000,9201.000000,301013.000000,194142.000000,241207680.000000,5695.000000
563002071.000000,3761.000000,10434.000000,346123.000000,155681.000000,241709484.000000,3116.000000
564001480.000000,4101.000000,11864.000000,344599.000000,158454.000000,242212537.000000,3493.000000
565000188.000000,5527.000000,11165.000000,335075.000000,169562.000000,242717174.000000,4695.000000
566000673.000000,4902.000000,9139.000000,329742.000000,175341.000000,243222257.000000,4288.000000
567000867.000000,4542.000000,10181.000000,340856.000000,165771.000000,243728884.000000,3843.000000
568000881.000000,4097.000000,10417.000000,342616.000000,162994.000000,244234494.000000,3410.000000
569001813.000000,6118.000000,8496.000000,320507.000000,186183.000000,244741184.000000,5309.000000
570003460.000000,3831.000000,10083.000000,347606.000000,162057.000000,245250847.000000,3251.000000
571000083.000000,4653.000000,10443.000000,337246.000000,163451.000000,245751544.000000,3945.000000
572000556.000000,6541.000000,9629.000000,319624.000000,186010.000000,246257178.000000,5702.000000
573001323.000000,4313.000000,11223.000000,343452.000000,163184.000000,246763814.000000,3683.000000
574000355.000000,4183.000000,10000.000000,342613.000000,166149.000000,247272576.000000,3531.000000
575000912.000000,3880.000000,9687.000000,343022.000000,160571.000000,247776169.000000,3196.000000
576000252.000000,6260.000000,8475.000000,316866.000000,182498.000000,248275533.000000,5387.000000
577002163.000000,4249.000000,11353.000000,347930.000000,159552.000000,248783015.000000,3506.000000
578000035.000000,3816.000000,10289.000000,345134.000000,160508.000000,249288657.000000,3115.000000
579000156.000000,7008.000000,8858.000000,320299.000000,187744.000000,249796700.000000,6063.000000
580001009.000000,3956.000000,11300.000000,342694.000000,165284.000000,250304678.000000,3181.000000
581000978.000000,4516.000000,11282.000000,345910.000000,161077.000000,250811665.000000,3821.000000
582000003.000000,3962.000000,9890.000000,342167.000000,165598.000000,251319430.000000,3245.000000
583001515.000000,6869.000000,9622.000000,315652.000000,192198.000000,251827280.000000,6103.000000
584000072.000000,3353.000000,9649.000000,345233.000000,166514.000000,252339027.000000,2789.000000
585000133.000000,3753.000000,9380.000000,345409.000000,165679.000000,252850115.000000,3093.000000
586000118.000000,6539.000000,9195.000000,317477.000000,192355.000000,253359947.000000,5653.000000
587000006.000000,4511.000000,10745.000000,344439.000000,163930.000000,253868316.000000,3826.000000
588001258.000000,4525.000000,11712.000000,342677.000000,164877.000000,254375870.000000,3869.000000
589003680.000000,6556.000000,8581.000000,319097.000000,188480.000000,254883447.000000,5663.000000
590000519.000000,4534.000000,10255.000000,342177.000000,159235.000000,255384859.000000,3817.000000
591000736.000000,4446.000000,9695.000000,333056.000000,164539.000000,255882454.000000,3748.000000
592000094.000000,3895.000000,9821.000000,344177.000000,161525.000000,256388156.000000,3260.000000
593000760.000000,6485.000000,10026.000000,319429.000000,183379.000000,256890964.000000,5588.000000
594001473.000000,4122.000000,10568.000000,342587.000000,163228.000000,257396779.000000,3459.000000
595002825.000000,4098.000000,11366.000000,345491.000000,163454.000000,257905724.000000,3363.000000
596001715.000000,6744.000000,9418.000000,315353.000000,186404.000000,258407481.000000,5814.000000
597000944.000000,4460.000000,10137.000000,331350.000000,166122.000000,258904953.000000,3651.000000
598001273.000000,4411.000000,10099.000000,343956.000000,169106.000000,259418015.000000,3633.000000
599000502.000000,4128.000000,10255.000000,343616.000000,161577.000000,259923208.000000,3513.000000
600001980.000000,7324.000000,9573.000000,319140.000000,185671.000000,260428019.000000,6348.000000
601002727.000000,4233.000000,10865.000000,345333.000000,166324.000000,260939676.000000,3508.000000
602000068.000000,4661.000000,11546.000000,341098.000000,165852.000000,261446626.000000,3950.000000
603000196.000000,7684.000000,10797.000000,318395.000000,189942.000000,261954963.000000,6708.000000
604000027.000000,3680.000000,9134.000000,340935.000000,167765.000000,262463663.000000,3047.000000
605000327.000000,3660.000000,9590.000000,345291.000000,162129.000000,262971083.000000,2986.000000
606000330.000000,7483.000000,9696.000000,321699.000000,186133.000000,263478915.000000,6575.000000
607000265.000000,4586.000000,10566.000000,341319.000000,167078.000000,263987312.000000,3926.000000
608003211.000000,4347.000000,9812.000000,345088.000000,164513.000000,264496913.000000,3691.000000
609000185.000000,4490.000000,9559.000000,342551.000000,165876.000000,265005340.000000,3677.000000
610000809.000000,7091.000000,8887.000000,300250.000000,194560.000000,265500150.000000,6237.000000
611000139.000000,3502.000000,10522.000000,341641.000000,158724.000000,266000515.000000,2863.000000
612000006.000000,4195.000000,10504.000000,340320.000000,168188.000000,266509023.000000,3503.000000
613000276.000000,6521.000000,7998.000000,315575.000000,186593.000000,267011191.000000,5659.000000
614000896.000000,3606.000000,7806.000000,329561.000000,170584.000000,267511336.000000,2948.000000
615001225.000000,4161.000000,10793.000000,342304.000000,163528.000000,268017168.000000,3455.000000
616000002.000000,4861.000000,9662.000000,317858.000000,175474.000000,268510500.000000,4003.000000
617003378.000000,5497.000000,10141.000000,328676.000000,175542.000000,269014718.000000,4791.000000
618000443.000000,4479.000000,9637.000000,332338.000000,163825.000000,269510881.000000,3747.000000
619002035.000000,4317.000000,10731.000000,328653.000000,166891.000000,270006425.000000,3495.000000
620000484.000000,6973.000000,8341.000000,302898.000000,192495.000000,270501818.000000,6091.000000
621000310.000000,3809.000000,10197.000000,345880.000000,162048.000000,271009746.000000,3074.000000
622000122.000000,4103.000000,10825.000000,344121.000000,166333.000000,271520200.000000,3430.000000
623000029.000000,5892.000000,9567.000000,330859.000000,175133.000000,272026192.000000,5053.000000
624000147.000000,5876.000000,11525.000000,334242.000000,172870.000000,272533304.000000,5076.000000
625000118.000000,4563.000000,11526.000000,340740.000000,170254.000000,273044298.000000,3854.000000
626002006.000000,3986.000000,9839.000000,340808.000000,165775.000000,273550881.000000,3318.000000
627001940.000000,7510.000000,9695.000000,318726.000000,185754.000000,274055361.000000,6519.000000
628000133.000000,4347.000000,12089.000000,347134.000000,163924.000000,274566419.000000,3559.000000
629000555.000000,4640.000000,11194.000000,346634.000000,161985.000000,275075038.000000,3873.000000
630000587.000000,8355.000000,11738.000000,313757.000000,193899.000000,275582694.000000,7370.000000
631000427.000000,5412.000000,11952.000000,337455.000000,166856.000000,276087005.000000,4652.000000
632000225.000000,5506.000000,12170.000000,342367.000000,165728.000000,276595100.000000,4735.000000
633000019.000000,7204.000000,10169.000000,322941.000000,183819.000000,277101860.000000,6355.000000
634000510.000000,5378.000000,10717.000000,335263.000000,169738.000000,277606861.000000,4609.000000
635001210.000000,4421.000000,11020.000000,340479.000000,160823.000000,278108163.000000,3641.000000
636000269.000000,4606.000000,11410.000000,342280.000000,164325.000000,278614768.000000,3807.000000
637000712.000000,7562.000000,9811.000000,322313.000000,185041.000000,279122122.000000,6583.000000
638001107.000000,3708.000000,9856.000000,345881.000000,164140.000000,279632143.000000,3045.000000
639000856.000000,3886.000000,10219.000000,343572.000000,165616.000000,280141331.000000,3165.000000
640000133.000000,7396.000000,9707.000000,321557.000000,189621.000000,280652509.000000,6414.000000
641000387.000000,3981.000000,10064.000000,346383.000000,161132.000000,281160024.000000,3319.000000
642003143.000000,4508.000000,11680.000000,341591.000000,166263.000000,281667878.000000,3810.000000
643000394.000000,7386.000000,10041.000000,318395.000000,187407.000000,282173680.000000,6420.000000
644001096.000000,4481.000000,11763.000000,343118.000000,168406.000000,282685204.000000,3780.000000
645000006.000000,4030.000000,11258.000000,342838.000000,168143.000000,283196185.000000,3314.000000
646000488.000000,6958.000000,9091.000000,325790.000000,186336.000000,283708311.000000,6119.000000
647000112.000000,4921.000000,10793.000000,344258.000000,168815.000000,284221384.000000,4195.000000
648000453.000000,4646.000000,10221.000000,342115.000000,166376.000000,284729875.000000,3933.000000
649000588.000000,3886.000000,10512.000000,351340.000000,158741.000000,285239956.000000,3187.000000
650000046.000000,7768.000000,10088.000000,320194.000000,190600.000000,285750750.000000,6842.000000
651000981.000000,3723.000000,10169.000000,342570.000000,164232.000000,286257552.000000,2976.000000
652000892.000000,4976.000000,12101.000000,345219.000000,164547.000000,286767318.000000,4203.000000
653000083.000000,7952.000000,9032.000000,317374.000000,189848.000000,287274540.000000,6996.000000
654000675.000000,4464.000000,11141.000000,340928.000000,162392.000000,287777860.000000,3748.000000
655000533.000000,4672.000000,11347.000000,343179.000000,165979.000000,288287018.000000,3984.000000
656000103.000000,7553.000000,9097.000000,320821.000000,188907.000000,288796746.000000,6605.000000
657004013.000000,3006.000000,8895.000000,350068.000000,160325.000000,289307139.000000,2378.000000
658003014.000000,3765.000000,9607.000000,346426.000000,162387.000000,289815952.000000,3024.000000
659000079.000000,5621.000000,9075.000000,332874.000000,172922.000000,290321748.000000,4760.000000
660000624.000000,6538.000000,10381.000000,334056.000000,173438.000000,290829242.000000,5672.000000
661001136.000000,3749.000000,10120.000000,343481.000000,164167.000000,291336890.000000,3092.000000
662000127.000000,3871.000000,10058.000000,344126.000000,164975.000000,291845991.000000,3200.000000
663002889.000000,7553.000000,8599.000000,323856.000000,188963.000000,292358810.000000,6608.000000
664001073.000000,4218.000000,10211.000000,343044.000000,166299.000000,292868153.000000,3553.000000
665000337.000000,4315.000000,9717.000000,340587.000000,166133.000000,293374873.000000,3629.000000
666000942.000000,8395.000000,11671.000000,321789.000000,186156.000000,293882818.000000,7376.000000
667000338.000000,3518.000000,10009.000000,342384.000000,168179.000000,294393381.000000,2792.000000
668001847.000000,4229.000000,11230.000000,344448.000000,166002.000000,294903831.000000,3443.000000
669001594.000000,7541.000000,8130.000000,322725.000000,189393.000000,295415949.000000,6591.000000
670000038.000000,3491.000000,9030.000000,344753.000000,164104.000000,295924806.000000,2863.000000
671003050.000000,4248.000000,9809.000000,345048.000000,167977.000000,296437831.000000,3588.000000
672000049.000000,6887.000000,10203.000000,325888.000000,180728.000000,296944447.000000,5949.000000
673003693.000000,5206.000000,10136.000000,339251.000000,171132.000000,297454830.000000,4456.000000
674000935.000000,3659.000000,9532.000000,339281.000000,170724.000000,297964835.000000,2967.000000
675000044.000000,3926.000000,10399.000000,341201.000000,168686.000000,298474722.000000,3197.000000
676000098.000000,8490.000000,9532.000000,315801.000000,187778.000000,298978301.000000,7358.000000
677000607.000000,4459.000000,10401.000000,340246.000000,166701.000000,299485248.000000,3717.000000
678002281.000000,4872.000000,11675.000000,343564.000000,170068.000000,299998880.000000,4169.000000
679000276.000000,8822.000000,9987.000000,321598.000000,190302.000000,300510780.000000,7861.000000
680001727.000000,3787.000000,10028.000000,345550.000000,165838.000000,301022168.000000,3106.000000
681001392.000000,3805.000000,12349.000000,347196.000000,163693.000000,301533057.000000,3048.000000
682001520.000000,8206.000000,9910.000000,323761.000000,187981.000000,302044799.000000,7120.000000
683000088.000000,4043.000000,9679.000000,341752.000000,164224.000000,302550775.000000,3312.000000
684000960.000000,3756.000000,9814.000000,339405.000000,164714.000000,303054894.000000,3057.000000
685000202.000000,8655.000000,10673.000000,318516.000000,189069.000000,303562479.000000,7604.000000
686000461.000000,4508.000000,10834.000000,346775.000000,166519.000000,304075773.000000,3822.000000
687002502.000000,3922.000000,9884.000000,341967.000000,165703.000000,304583443.000000,3124.000000
688000119.000000,6300.000000,10608.000000,332984.000000,176956.000000,305093383.000000,5339.000000
689000337.000000,6636.000000,10385.000000,328986.000000,177627.000000,305599996.000000,5769.000000
690000544.000000,4368.000000,10138.000000,339773.000000,169834.000000,306109603.000000,3634.000000
691000063.000000,4225.000000,9640.000000,341584.000000,170183.000000,306621370.000000,3414.000000
692000774.000000,8219.000000,9351.000000,319124.000000,192189.000000,307132683.000000,7270.000000
693000247.000000,4733.000000,11035.000000,338347.000000,168203.000000,307639233.000000,3914.000000
694000903.000000,4766.000000,12698.000000,343775.000000,164204.000000,308147212.000000,3961.000000
695000244.000000,9156.000000,9667.000000,315912.000000,190688.000000,308653812.000000,8118.000000
696001061.000000,4715.000000,10306.000000,339405.000000,168454.000000,309161671.000000,3979.000000
697001138.000000,5582.000000,11548.000000,338530.000000,172387.000000,309672588.000000,4882.000000
698000356.000000,8799.000000,9131.000000,313609.000000,189465.000000,310175662.000000,7748.000000
699001199.000000,4838.000000,11556.000000,340083.000000,167702.000000,310683447.000000,4040.000000
700000984.000000,3763.000000,10351.000000,341212.000000,169253.000000,311193912.000000,3153.000000
701000781.000000,8807.000000,9771.000000,321574.000000,189817.000000,311705303.000000,7720.000000
702000475.000000,5032.000000,11580.000000,340745.000000,169680.000000,312215728.000000,4274.000000
703000486.000000,4891.000000,11879.000000,341681.000000,171732.000000,312729141.000000,4083.000000
704000405.000000,9309.000000,11319.000000,317571.000000,192306.000000,313239018.000000,8188.000000
705001091.000000,4300.000000,9640.000000,334685.000000,169308.000000,313743011.000000,3525.000000
706000698.000000,4958.000000,11701.000000,342017.000000,169459.000000,314254487.000000,4126.000000
707000011.000000,5888.000000,8464.000000,318049.000000,184933.000000,314757469.000000,5029.000000
708000796.000000,7247.000000,10451.000000,324633.000000,183484.000000,315265586.000000,6347.000000
709002063.000000,4877.000000,10533.000000,333830.000000,167804.000000,315767220.000000,4060.000000
710002590.000000,4618.000000,11685.000000,331867.000000,168249.000000,316267336.000000,3756.000000
711000470.000000,8771.000000,9597.000000,316582.000000,189267.000000,316773185.000000,7743.000000
712001616.000000,4622.000000,11847.000000,342642.000000,169935.000000,317285762.000000,3872.000000
713000410.000000,4842.000000,10848.000000,325419.000000,174925.000000,317786106.000000,4080.000000
714000708.000000,8336.000000,9253.000000,321815.000000,189703.000000,318297624.000000,7299.000000
715000024.000000,5004.000000,11970.000000,341354.000000,168313.000000,318807291.000000,4173.000000
716000954.000000,4579.000000,11204.000000,334780.000000,172327.000000,319314398.000000,3897.000000
717000052.000000,8986.000000,10699.000000,314848.000000,192909.000000,319822155.000000,7836.000000
718000627.000000,4742.000000,12106.000000,341001.000000,174468.000000,320337624.000000,3962.000000
719000212.000000,4113.000000,9316.000000,322901.000000,174131.000000,320834656.000000,3316.000000
720000068.000000,6414.000000,9580.000000,320287.000000,183447.000000,321338390.000000,5513.000000
721000547.000000,6908.000000,10413.000000,328827.000000,179840.000000,321847057.000000,6041.000000
722000054.000000,4338.000000,10905.000000,337160.000000,173478.000000,322357695.000000,3643.000000
723000008.000000,5015.000000,11304.000000,342155.000000,171962.000000,322871812.000000,4135.000000
724000264.000000,9106.000000,11022.000000,304014.000000,193681.000000,323369507.000000,8105.000000
725000142.000000,4214.000000,10991.000000,341674.000000,169936.000000,323881117.000000,3385.000000
726001416.000000,3935.000000,10836.000000,346360.000000,166727.000000,324394204.000000,3207.000000
727000126.000000,9291.000000,10189.000000,316492.000000,192239.000000,324902935.000000,8103.000000
728000069.000000,4181.000000,10449.000000,339607.000000,172133.000000,325414675.000000,3435.000000
729000100.000000,3939.000000,10668.000000,344179.000000,172308.000000,325931162.000000,3190.000000
730001354.000000,9094.000000,10559.000000,319103.000000,191534.000000,326441799.000000,7967.000000
731001556.000000,4245.000000,10976.000000,341638.000000,174146.000000,326957583.000000,3498.000000
732000210.000000,4048.000000,10878.000000,339330.000000,167571.000000,327464484.000000,3231.000000
733000351.000000,9032.000000,10577.000000,318780.000000,191708.000000,327974972.000000,7972.000000
734000304.000000,4076.000000,11142.000000,339164.000000,177205.000000,328491341.000000,3388.000000
735002323.000000,4024.000000,10886.000000,326192.000000,176944.000000,328994477.000000,3330.000000
736001329.000000,8686.000000,8969.000000,303341.000000,194565.000000,329492383.000000,7655.000000
737000096.000000,3222.000000,9655.000000,329503.000000,170069.000000,329991955.000000,2543.000000
738000020.000000,4163.000000,12368.000000,344580.000000,164994.000000,330501529.000000,3416.000000
739001354.000000,9058.000000,10075.000000,323288.000000,186832.000000,331011649.000000,7984.000000
740000873.000000,4669.000000,12353.000000,344066.000000,170560.000000,331526275.000000,3841.000000
741000433.000000,4140.000000,10832.000000,342532.000000,168686.000000,332037493.000000,3449.000000
742000070.000000,8043.000000,10542.000000,325800.000000,181653.000000,332544946.000000,6995.000000
743001213.000000,7070.000000,9686.000000,326603.000000,184415.000000,333055964.000000,6281.000000
744000037.000000,4259.000000,11449.000000,329343.000000,172977.000000,333558284.000000,3425.000000
745002436.000000,5258.000000,12083.000000,335772.000000,173778.000000,334067834.000000,4476.000000
746002112.000000,10169.000000,10153.000000,315884.000000,193167.000000,334576885.000000,9042.000000
747001673.000000,4068.000000,9670.000000,337139.000000,169712.000000,335083736.000000,3383.000000
748000078.000000,3649.000000,9202.000000,338606.000000,173813.000000,335596155.000000,2980.000000
749000271.000000,8759.000000,8492.000000,313687.000000,195799.000000,336105641.000000,7704.000000
750000905.000000,3905.000000,10388.000000,337643.000000,171662.000000,336614946.000000,3075.000000
751000012.000000,4785.000000,9939.000000,333536.000000,169954.000000,337118436.000000,4043.000000
752002452.000000,9433.000000,9297.000000,307871.000000,194611.000000,337620918.000000,8328.000000
753000331.000000,4226.000000,11172.000000,336909.000000,171884.000000,338129711.000000,3411.000000
754002847.000000,4773.000000,11896.000000,341126.000000,171668.000000,338642505.000000,4124.000000
755001673.000000,9998.000000,10960.000000,318024.000000,193253.000000,339153782.000000,8904.000000
756000970.000000,4172.000000,10247.000000,338180.000000,169739.000000,339661701.000000,3465.000000
757000185.000000,4213.000000,10688.000000,336650.000000,164869.000000,340163220.000000,3414.000000
758000006.000000,9714.000000,10423.000000,315359.000000,191311.000000,340669890.000000,8554.000000
759002414.000000,4709.000000,11374.000000,336748.000000,171236.000000,341177874.000000,3861.000000
760000224.000000,5659.000000,14110.000000,333621.000000,169800.000000,341681295.000000,4690.000000
761000129.000000,9731.000000,10841.000000,320556.000000,185471.000000,342187322.000000,8389.000000
762000513.000000,5214.000000,13233.000000,338165.000000,173476.000000,342698963.000000,4489.000000
763000489.000000,4699.000000,12113.000000,341958.000000,166664.000000,343207585.000000,3902.000000
764000099.000000,8289.000000,10936.000000,322857.000000,184015.000000,343714457.000000,6930.000000
765000514.000000,5653.000000,10540.000000,331651.000000,174477.000000,344220585.000000,4908.000000
766002764.000000,4937.000000,11238.000000,342086.000000,167353.000000,344730024.000000,4166.000000
767000313.000000,4642.000000,12162.000000,338710.000000,171350.000000,345240084.000000,3892.000000
768000005.000000,9728.000000,10480.000000,316196.000000,191443.000000,345747723.000000,8501.000000
769003676.000000,4499.000000,11990.000000,338078.000000,174901.000000,346260702.000000,3717.000000
770000376.000000,4061.000000,12793.000000,341507.000000,168654.000000,346770863.000000,3184.000000
771001211.000000,9590.000000,11316.000000,315971.000000,194541.000000,347281375.000000,8310.000000
772002032.000000,4056.000000,11378.000000,339074.000000,173319.000000,347793768.000000,3230.000000
773000327.000000,4030.000000,11530.000000,336106.000000,173243.000000,348303117.000000,3335.000000
774001141.000000,9952.000000,11178.000000,313267.000000,192636.000000,348809020.000000,8727.000000
775000032.000000,4074.000000,11084.000000,338920.000000,167583.000000,349315523.000000,3288.000000
776000068.000000,4437.000000,11565.000000,341314.000000,174311.000000,349831148.000000,3635.000000
777000842.000000,9270.000000,11135.000000,317646.000000,194800.000000,350343594.000000,8269.000000
778001271.000000,3754.000000,10250.000000,341449.000000,171497.000000,350856540.000000,3060.000000
779000046.000000,6069.000000,11789.000000,335481.000000,172428.000000,351364449.000000,5083.000000
780000014.000000,8800.000000,11378.000000,318878.000000,187478.000000,351870805.000000,7721.000000
781000258.000000,3821.000000,10140.000000,341315.000000,171751.000000,352383871.000000,3104.000000
782000030.000000,6414.000000,10201.000000,330451.000000,182537.000000,352896859.000000,5399.000000
783000088.000000,6979.000000,8267.000000,323909.000000,185074.000000,353405842.000000,6058.000000
784000216.000000,4220.000000,9604.000000,336898.000000,170134.000000,353912874.000000,3545.000000
785000104.000000,6034.000000,12039.000000,330282.000000,176036.000000,354419192.000000,5009.000000
786000027.000000,9463.000000,10248.000000,312031.000000,192421.000000,354923644.000000,8435.000000
787001825.000000,4959.000000,12191.000000,340765.000000,171416.000000,355435825.000000,4119.000000
788000287.000000,4819.000000,11415.000000,334891.000000,171158.000000,355941874.000000,4021.000000
789002515.000000,10317.000000,10162.000000,307664.000000,194861.000000,356444399.000000,9129.000000
790002012.000000,4380.000000,9752.000000,328389.000000,173668.000000,356946456.000000,3665.000000
791000399.000000,5044.000000,10810.000000,328845.000000,174597.000000,357449898.000000,4210.000000
792000531.000000,10478.000000,11124.000000,311855.000000,196501.000000,357958254.000000,9215.000000
793001808.000000,4282.000000,9733.000000,331313.000000,177344.000000,358466911.000000,3539.000000
794000136.000000,3812.000000,9097.000000,326892.000000,177112.000000,358970915.000000,3092.000000
795000293.000000,9786.000000,9534.000000,302926.000000,197162.000000,359471003.000000,8534.000000
796000076.000000,4297.000000,10369.000000,329582.000000,180254.000000,359980839.000000,3507.000000
797002790.000000,5018.000000,11359.000000,333594.000000,177878.000000,360492311.000000,4236.000000
798001660.000000,10406.000000,9618.000000,303561.000000,199155.000000,360995027.000000,9071.000000
799001227.000000,4843.000000,9431.000000,326738.000000,177151.000000,361498916.000000,4006.000000
800000527.000000,5021.000000,10825.000000,327131.000000,175409.000000,362001456.000000,4162.000000
801002422.000000,10845.000000,11514.000000,307690.000000,196945.000000,362506091.000000,9520.000000
802002886.000000,4922.000000,11292.000000,333368.000000,176414.000000,363015873.000000,4131.000000
803000720.000000,5167.000000,9792.000000,316547.000000,183455.000000,363515875.000000,4419.000000
804001149.000000,10413.000000,9382.000000,306095.000000,200888.000000,364022858.000000,9148.000000
805001090.000000,4014.000000,9401.000000,320859.000000,176692.000000,364520409.000000,3291.000000
806000107.000000,4667.000000,11556.000000,330422.000000,176857.000000,365027688.000000,3915.000000
807002948.000000,10499.000000,10856.000000,309057.000000,191657.000000,365528402.000000,9117.000000
808000011.000000,4408.000000,9531.000000,316879.000000,177161.000000,366022442.000000,3612.000000
809000627.000000,4881.000000,11828.000000,321040.000000,180188.000000,366523670.000000,4111.000000
810000191.000000,4948.000000,9063.000000,304130.000000,177398.000000,367005198.000000,4207.000000
811001036.000000,10424.000000,10719.000000,307218.000000,193759.000000,367506175.000000,9153.000000
812000838.000000,4722.000000,10667.000000,327741.000000,177243.000000,368011159.000000,3913.000000
813000183.000000,4895.000000,10657.000000,326655.000000,177148.000000,368514962.000000,4087.000000
814000146.000000,11198.000000,11399.000000,305863.000000,201153.000000,369021978.000000,9873.000000
815000586.000000,4103.000000,10356.000000,327632.000000,180531.000000,369530141.000000,3345.000000
816000367.000000,4962.000000,10941.000000,324443.000000,176508.000000,370031092.000000,4171.000000
817001069.000000,10608.000000,11061.000000,309555.000000,192390.000000,370533037.000000,9258.000000
818000176.000000,4930.000000,11576.000000,328936.000000,179884.000000,371041857.000000,4127.000000
819000057.000000,5104.000000,13319.000000,326440.000000,178273.000000,371546570.000000,4114.000000
820000046.000000,10894.000000,10664.000000,302177.000000,198661.000000,372047408.000000,9507.000000
821000939.000000,4458.000000,10645.000000,317345.000000,180632.000000,372545385.000000,3693.000000
822000697.000000,4318.000000,9874.000000,323654.000000,174366.000000,373043405.000000,3519.000000
823000007.000000,10482.000000,10011.000000,301570.000000,198828.000000,373543803.000000,9228.000000
824000695.000000,5383.000000,10890.000000,328247.000000,176769.000000,374048819.000000,4670.000000
825000055.000000,4413.000000,10601.000000,330692.000000,181798.000000,374561309.000000,3601.000000
826001288.000000,10191.000000,9755.000000,307391.000000,197798.000000,375066498.000000,8896.000000
827000258.000000,3607.000000,9540.000000,331526.000000,174659.000000,375572683.000000,2879.000000
828000317.000000,3358.000000,9211.000000,328403.000000,180335.000000,376081421.000000,2632.000000
829000441.000000,9812.000000,9447.000000,305421.000000,198419.000000,376585261.000000,8521.000000
830001694.000000,3615.000000,9400.000000,330233.000000,180683.000000,377096177.000000,2936.000000
831000333.000000,3680.000000,9455.000000,331811.000000,179511.000000,377607499.000000,2984.000000
832003096.000000,9529.000000,9329.000000,308266.000000,199076.000000,378114841.000000,8268.000000
833002416.000000,3708.000000,8347.000000,319468.000000,180737.000000,378615046.000000,3025.000000
834002654.000000,3363.000000,9239.000000,335834.000000,178617.000000,379129497.000000,2677.000000
835000001.000000,9646.000000,8973.000000,306363.000000,203703.000000,379639563.000000,8409.000000
836000059.000000,3569.000000,9187.000000,336644.000000,178077.000000,380154284.000000,2911.000000
837000286.000000,3909.000000,8250.000000,318543.000000,181848.000000,380654675.000000,3222.000000
838003419.000000,10084.000000,8951.000000,305001.000000,200949.000000,381160625.000000,8819.000000
839000458.000000,3446.000000,9520.000000,332748.000000,177593.000000,381670966.000000,2717.000000
840000777.000000,3931.000000,9106.000000,331522.000000,184784.000000,382187272.000000,3242.000000
841003579.000000,10643.000000,10455.000000,309272.000000,196997.000000,382693541.000000,9333.000000
842000509.000000,5117.000000,11708.000000,330075.000000,175595.000000,383199211.000000,4344.000000
843000194.000000,6690.000000,12284.000000,320434.000000,182231.000000,383701876.000000,5639.000000
844000264.000000,9813.000000,12599.000000,314264.000000,193772.000000,384209912.000000,8631.000000
845000272.000000,5731.000000,11505.000000,324759.000000,178907.000000,384713578.000000,4805.000000
846000152.000000,5518.000000,10009.000000,321461.000000,181457.000000,385216496.000000,4453.000000
847002053.000000,9203.000000,9876.000000,303629.000000,193899.000000,385714024.000000,8013.000000
848001212.000000,4566.000000,10307.000000,328038.000000,175949.000000,386218011.000000,3698.000000
849000466.000000,4566.000000,10532.000000,327111.000000,181531.000000,386726653.000000,3778.000000
850001227.000000,10640.000000,10123.000000,299026.000000,200758.000000,387226437.000000,9289.000000
851000023.000000,4245.000000,10877.000000,325698.000000,178632.000000,387730767.000000,3441.000000
852001082.000000,4944.000000,11259.000000,318063.000000,181581.000000,388230411.000000,4062.000000
853000344.000000,11166.000000,11001.000000,298130.000000,198711.000000,388727252.000000,9705.000000
854000220.000000,5192.000000,12395.000000,321658.000000,181801.000000,389230711.000000,4216.000000
855000165.000000,4996.000000,10853.000000,322392.000000,180590.000000,389733693.000000,4128.000000
856000169.000000,11115.000000,10615.000000,297557.000000,198711.000000,390229961.000000,9693.000000
857000155.000000,5547.000000,10646.000000,319117.000000,179973.000000,390729051.000000,4697.000000
858002030.000000,5825.000000,11845.000000,320507.000000,179364.000000,391228922.000000,5019.000000
859001170.000000,11641.000000,10506.000000,288267.000000,201810.000000,391718999.000000,10242.000000
860000243.000000,6061.000000,11696.000000,320579.000000,180684.000000,392220262.000000,5190.000000
861000960.000000,5096.000000,10750.000000,323837.000000,180128.000000,392724227.000000,4194.000000
862000717.000000,11821.000000,10088.000000,293111.000000,199056.000000,393216394.000000,10455.000000
863001347.000000,5492.000000,11211.000000,317356.000000,178837.000000,393712587.000000,4694.000000
864000017.000000,5107.000000,11331.000000,317684.000000,179552.000000,394209823.000000,4252.000000
865000262.000000,10732.000000,10290.000000,300511.000000,199996.000000,394710330.000000,9354.000000
866000036.000000,5122.000000,10681.000000,321487.000000,181710.000000,395213527.000000,4250.000000
867000325.000000,4214.000000,10327.000000,316870.000000,186390.000000,395716787.000000,3538.000000
868000076.000000,10745.000000,10016.000000,297713.000000,197786.000000,396212286.000000,9381.000000
869000222.000000,4950.000000,10293.000000,317562.000000,182980.000000,396712828.000000,4129.000000
870000402.000000,4930.000000,11124.000000,322414.000000,181051.000000,397216293.000000,4054.000000
871000039.000000,11887.000000,10575.000000,292227.000000,201417.000000,397709937.000000,10446.000000
872000296.000000,5867.000000,11757.000000,320872.000000,179270.000000,398210079.000000,5063.000000
873000417.000000,6385.000000,12374.000000,318012.000000,179028.000000,398707119.000000,5401.000000
874000194.000000,11334.000000,10611.000000,293575.000000,201405.000000,399202099.000000,9899.000000
875000262.000000,5101.000000,10674.000000,319757.000000,179479.000000,399701335.000000,4245.000000
876000218.000000,5275.000000,12086.000000,318670.000000,187670.000000,400207675.000000,4477.000000
877000266.000000,10525.000000,9852.000000,295786.000000,203696.000000,400707157.000000,9211.000000
878000098.000000,5448.000000,12098.000000,314285.000000,188936.000000,401210378.000000,4646.000000
879000619.000000,5377.000000,11222.000000,317598.000000,180711.000000,401708687.000000,4532.000000
880000159.000000,11605.000000,10127.000000,290169.000000,199658.000000,402198514.000000,10181.000000
881000007.000000,5271.000000,11323.000000,315326.000000,185674.000000,402699514.000000,4398.000000
882000137.000000,4574.000000,9361.000000,310931.000000,183404.000000,403193849.000000,3851.000000
883000714.000000,10644.000000,9107.000000,291511.000000,201242.000000,403686602.000000,9249.000000
884002544.000000,5048.000000,9961.000000,305843.000000,185359.000000,404177804.000000,4179.000000
885001549.000000,4899.000000,9547.000000,312905.000000,180725.000000,404671434.000000,4129.000000
886000206.000000,8268.000000,9742.000000,310084.000000,191495.000000,405173013.000000,7000.000000
887001732.000000,7516.000000,11157.000000,310230.000000,192193.000000,405675436.000000,6581.000000
888000323.000000,4727.000000,10179.000000,315293.000000,183673.000000,406174402.000000,3872.000000
889000078.000000,8197.000000,10076.000000,299366.000000,193056.000000,406666824.000000,6921.000000
890003072.000000,8503.000000,10433.000000,305352.000000,191292.000000,407163468.000000,7392.000000
891000130.000000,4811.000000,10592.000000,315079.000000,186731.000000,407665278.000000,4058.000000
892000002.000000,7342.000000,10891.000000,305482.000000,190177.000000,408160937.000000,6377.000000
893000354.000000,9250.000000,10685.000000,299223.000000,200990.000000,408661150.000000,8078.000000
894000018.000000,5510.000000,11372.000000,315467.000000,183534.000000,409160151.000000,4645.000000
895000039.000000,7001.000000,11478.000000,310500.000000,183264.000000,409653915.000000,5971.000000
896000613.000000,11036.000000,10054.000000,296746.000000,199469.000000,410150130.000000,9771.000000
897001115.000000,6064.000000,11658.000000,317424.000000,183605.000000,410651159.000000,5182.000000
898000325.000000,6218.000000,12870.000000,313111.000000,184390.000000,411148660.000000,5265.000000
899001236.000000,11828.000000,11672.000000,291150.000000,202189.000000,411641999.000000,10311.000000
900002450.000000,5283.000000,11335.000000,316796.000000,184995.000000,412143790.000000,4430.000000
901000572.000000,5327.000000,11419.000000,319105.000000,183124.000000,412646019.000000,4513.000000
902000159.000000,11347.000000,9767.000000,289579.000000,202473.000000,413138071.000000,9867.000000
903000609.000000,4092.000000,9404.000000,314982.000000,184756.000000,413637809.000000,3290.000000
904000109.000000,4341.000000,9636.000000,308624.000000,189867.000000,414136300.000000,3602.000000
905000160.000000,11937.000000,11739.000000,293267.000000,200454.000000,414630021.000000,10390.000000
906000008.000000,5071.000000,11190.000000,324066.000000,179195.000000,415133282.000000,4247.000000
907002605.000000,5193.000000,10548.000000,319543.000000,181668.000000,415634493.000000,4357.000000
908001893.000000,11557.000000,9444.000000,290024.000000,201297.000000,416125814.000000,10126.000000
909000370.000000,5083.000000,9500.000000,313284.000000,185650.000000,416624748.000000,4212.000000
910000162.000000,5244.000000,10847.000000,313645.000000,185841.000000,417124234.000000,4435.000000
911000664.000000,11583.000000,10278.000000,288380.000000,207234.000000,417619848.000000,10121.000000
912001220.000000,5725.000000,10630.000000,307821.000000,185944.000000,418113613.000000,4883.000000
913000056.000000,5747.000000,11460.000000,313410.000000,183464.000000,418610487.000000,4892.000000
914000022.000000,12279.000000,10223.000000,286369.000000,206114.000000,419102970.000000,10777.000000
915000156.000000,5600.000000,12126.000000,315133.000000,179252.000000,419597355.000000,4771.000000
916001168.000000,3743.000000,9927.000000,323481.000000,182704.000000,420103540.000000,2999.000000
917001766.000000,9946.000000,8508.000000,296522.000000,206003.000000,420606065.000000,8522.000000
918000210.000000,4693.000000,10631.000000,316634.000000,182668.000000,421105367.000000,3878.000000
919000199.000000,5525.000000,9732.000000,306477.000000,192622.000000,421604466.000000,4573.000000
920001078.000000,9576.000000,9232.000000,294004.000000,199670.000000,422098140.000000,8281.000000
921000371.000000,4739.000000,10608.000000,314232.000000,187584.000000,422599956.000000,3942.000000
922000085.000000,7873.000000,11323.000000,303984.000000,194919.000000,423098859.000000,6696.000000
923000845.000000,8529.000000,10588.000000,300702.000000,198565.000000,423598126.000000,7417.000000
924001019.000000,4260.000000,9515.000000,310418.000000,193083.000000,424101627.000000,3498.000000
925000162.000000,8455.000000,10638.000000,301171.000000,193521.000000,424596319.000000,7168.000000
926000235.000000,7378.000000,9997.000000,309712.000000,192553.000000,425098584.000000,6229.000000
927000427.000000,4557.000000,10573.000000,324215.000000,189669.000000,425612468.000000,3771.000000
928000386.000000,10248.000000,10764.000000,300472.000000,196274.000000,426109214.000000,8794.000000
929000399.000000,7529.000000,12233.000000,311824.000000,186925.000000,426607963.000000,6519.000000
930000020.000000,6231.000000,13161.000000,312301.000000,185322.000000,427105586.000000,5237.000000
931000011.000000,5655.000000,8610.000000,313128.000000,182471.000000,427601185.000000,4653.000000
932000183.000000,10410.000000,10866.000000,297682.000000,200446.000000,428099313.000000,9046.000000
933003803.000000,5208.000000,10114.000000,320509.000000,185994.000000,428605816.000000,4416.000000
934000131.000000,6384.000000,12053.000000,312628.000000,182219.000000,429100663.000000,5159.000000
935000032.000000,10690.000000,9965.000000,295045.000000,200293.000000,429596001.000000,9160.000000
936003350.000000,4577.000000,10348.000000,322286.000000,181567.000000,430099854.000000,3783.000000
937000872.000000,4608.000000,9792.000000,315228.000000,187570.000000,430602652.000000,3860.000000
938002769.000000,10647.000000,8924.000000,291741.000000,206926.000000,431101319.000000,9185.000000
939001192.000000,4431.000000,8993.000000,314271.000000,191222.000000,431606812.000000,3697.000000
940000031.000000,7741.000000,8785.000000,299542.000000,193931.000000,432100285.000000,6474.000000
941002723.000000,7006.000000,9855.000000,297935.000000,196482.000000,432594702.000000,5962.000000
942000899.000000,5012.000000,11648.000000,311718.000000,180544.000000,433086964.000000,4090.000000
943000079.000000,8917.000000,10184.000000,297656.000000,199012.000000,433583632.000000,7475.000000
944000025.000000,7008.000000,10693.000000,296972.000000,200183.000000,434080787.000000,6069.000000
945000871.000000,5104.000000,10330.000000,304695.000000,192038.000000,434577520.000000,4247.000000
946000098.000000,10975.000000,10707.000000,286420.000000,204265.000000,435068205.000000,9336.000000
947000155.000000,5560.000000,11491.000000,302852.000000,192644.000000,435563701.000000,4663.000000
948000256.000000,5530.000000,9977.000000,306855.000000,189311.000000,436059867.000000,4595.000000
949000180.000000,7959.000000,11612.000000,297373.000000,192878.000000,436550118.000000,6784.000000
950000292.000000,9878.000000,10590.000000,288391.000000,205849.000000,437044358.000000,8539.000000
951000465.000000,5817.000000,10873.000000,301028.000000,190255.000000,437535641.000000,4857.000000
952000212.000000,5094.000000,10479.000000,310714.000000,184567.000000,438030922.000000,4344.000000
953000010.000000,11321.000000,10761.000000,293548.000000,204823.000000,438529293.000000,9721.000000
954000704.000000,4926.000000,9541.000000,308030.000000,193770.000000,439031093.000000,4076.000000
955001524.000000,7109.000000,11143.000000,300455.000000,198384.000000,439529932.000000,6056.000000
956001813.000000,10067.000000,11357.000000,290851.000000,203767.000000,440024550.000000,8674.000000
957000828.000000,3841.000000,8325.000000,310497.000000,188872.000000,440523919.000000,3046.000000
958000015.000000,6437.000000,8007.000000,300395.000000,198903.000000,441023217.000000,5303.000000
959001102.000000,8769.000000,9859.000000,290310.000000,199374.000000,441512901.000000,7558.000000
960002097.000000,5797.000000,10224.000000,301724.000000,192446.000000,442007071.000000,5021.000000
961000041.000000,4488.000000,8419.000000,303004.000000,192747.000000,442502822.000000,3726.000000
962000293.000000,10406.000000,8717.000000,283367.000000,207940.000000,442994129.000000,8877.000000
963000110.000000,5868.000000,11426.000000,306023.000000,190349.000000,443490501.000000,4991.000000
964002655.000000,5991.000000,10635.000000,306735.000000,189588.000000,443986824.000000,5148.000000
965001791.000000,10416.000000,8923.000000,285550.000000,205710.000000,444478084.000000,8865.000000
966003438.000000,4090.000000,8012.000000,304297.000000,189444.000000,444971825.000000,3348.000000
967000084.000000,4690.000000,9188.000000,304561.000000,184351.000000,445460737.000000,3966.000000
968000405.000000,10914.000000,9711.000000,282580.000000,204838.000000,445948155.000000,9425.000000
969001259.000000,5252.000000,9280.000000,303884.000000,190207.000000,446442246.000000,4453.000000
970000776.000000,5982.000000,10227.000000,304313.000000,189317.000000,446935876.000000,5254.000000
971000738.000000,10714.000000,8789.000000,285611.000000,202231.000000,447423718.000000,9168.000000
972000068.000000,3687.000000,8184.000000,308350.000000,187788.000000,447919856.000000,2915.000000
973001493.000000,4765.000000,9311.000000,312228.000000,187295.000000,448419379.000000,4028.000000
974000066.000000,10818.000000,8908.000000,287811.000000,204634.000000,448911824.000000,9318.000000
975003211.000000,5770.000000,9971.000000,309649.000000,187455.000000,449408928.000000,4969.000000
976003301.000000,5899.000000,10319.000000,306542.000000,189995.000000,449905465.000000,5090.000000
977000418.000000,10547.000000,10794.000000,290100.000000,198517.000000,450394082.000000,9077.000000
978003001.000000,9118.000000,11587.000000,304413.000000,192038.000000,450890533.000000,7976.000000
979000007.000000,5726.000000,10661.000000,308461.000000,184656.000000,451383650.000000,4874.000000
980002939.000000,6473.000000,11522.000000,304906.000000,190688.000000,451879244.000000,5648.000000
981000048.000000,10892.000000,9326.000000,282995.000000,205342.000000,452367581.000000,9320.000000
982000131.000000,4824.000000,8946.000000,313030.000000,183796.000000,452864407.000000,4025.000000
983002288.000000,5043.000000,10281.000000,311974.000000,187174.000000,453363555.000000,4202.000000
984000067.000000,10650.000000,9386.000000,289294.000000,204018.000000,453856867.000000,9092.000000
985000252.000000,4841.000000,9847.000000,313379.000000,187957.000000,454358203.000000,3935.000000
986000522.000000,4498.000000,10324.000000,309737.000000,191582.000000,454859522.000000,3683.000000
987000146.000000,10410.000000,9065.000000,284555.000000,207531.000000,455351608.000000,8868.000000
988000997.000000,3760.000000,8976.000000,312587.000000,187903.000000,455852098.000000,2956.000000
989000008.000000,4625.000000,10511.000000,314936.000000,182597.000000,456349631.000000,3751.000000
990000522.000000,11644.000000,11116.000000,289715.000000,203902.000000,456843248.000000,9997.000000
991000179.000000,4599.000000,10297.000000,312315.000000,185951.000000,457341514.000000,3783.000000
992000372.000000,5264.000000,10470.000000,314844.000000,184035.000000,457840393.000000,4391.000000
993000038.000000,10800.000000,10128.000000,291786.000000,199034.000000,458331213.000000,9266.000000
994000079.000000,5020.000000,11074.000000,314043.000000,188434.000000,458833690.000000,4181.000000
995001395.000000,4536.000000,9443.000000,305278.000000,192416.000000,459331384.000000,3712.000000
996000229.000000,10486.000000,9106.000000,281186.000000,207661.000000,459820231.000000,8979.000000
997000252.000000,4792.000000,9779.000000,301217.000000,194833.000000,460316281.000000,3884.000000
998000065.000000,6485.000000,9969.000000,296852.000000,195669.000000,460808802.000000,5278.000000
999000491.000000,9660.000000,9684.000000,289173.000000,199793.000000,461297768.000000,8385.000000
