Instruction,pfIssued,pfInCache,overallMisses,overallHits,overallAccesses,unusedPrefetches
1000364.000000,5459.000000,31490.000000,294358.000000,39805.000000,334163.000000,44.000000
2000012.000000,4888.000000,36680.000000,289015.000000,44200.000000,667378.000000,0.000000
3000140.000000,4883.000000,36781.000000,289105.000000,44272.000000,1000755.000000,0.000000
4000652.000000,4886.000000,36810.000000,289216.000000,44288.000000,1334259.000000,0.000000
5000108.000000,4880.000000,36760.000000,288904.000000,44248.000000,1667411.000000,0.000000
6000049.000000,4884.000000,36796.000000,289024.000000,44288.000000,2000723.000000,0.000000
7000268.000000,4882.000000,36774.000000,289144.000000,44264.000000,2334131.000000,0.000000
8000396.000000,4884.000000,36796.000000,289104.000000,44272.000000,2667507.000000,0.000000
9000049.000000,4883.000000,36773.000000,288952.000000,44264.000000,3000723.000000,0.000000
10000556.000000,4883.000000,36797.000000,289216.000000,44288.000000,3334227.000000,0.000000
11000012.000000,4880.000000,36760.000000,288904.000000,44248.000000,3667379.000000,0.000000
12000140.000000,4884.000000,36796.000000,289104.000000,44272.000000,4000755.000000,0.000000
13000460.000000,4884.000000,36796.000000,289152.000000,44288.000000,4334195.000000,0.000000
14000300.000000,4882.000000,36774.000000,289016.000000,44264.000000,4667475.000000,0.000000
15000620.000000,4884.000000,36796.000000,289152.000000,44288.000000,5000915.000000,0.000000
16000465.000000,4882.000000,36774.000000,289016.000000,44264.000000,5334195.000000,0.000000
17000204.000000,4882.000000,36782.000000,288992.000000,44256.000000,5667443.000000,0.000000
18000044.000000,4882.000000,36774.000000,289016.000000,44264.000000,6000723.000000,0.000000
19000364.000000,4884.000000,36796.000000,289152.000000,44288.000000,6334163.000000,0.000000
20000209.000000,4882.000000,36774.000000,289016.000000,44264.000000,6667443.000000,0.000000
21000044.000000,4883.000000,36789.000000,289015.000000,44264.000000,7000722.000000,0.000000
22000172.000000,4883.000000,36781.000000,289105.000000,44272.000000,7334099.000000,0.000000
23000108.000000,4882.000000,36782.000000,289040.000000,44272.000000,7667411.000000,0.000000
24000044.000000,4883.000000,36781.000000,289039.000000,44272.000000,8000722.000000,0.000000
25000081.000000,4885.000000,36803.000000,289065.000000,44280.000000,8334067.000000,0.000000
26000012.000000,4881.000000,36767.000000,289055.000000,44256.000000,8667378.000000,0.000000
27000049.000000,4883.000000,36789.000000,289065.000000,44280.000000,9000723.000000,0.000000
28000076.000000,4882.000000,36774.000000,289080.000000,44264.000000,9334067.000000,0.000000
29000588.000000,4886.000000,36810.000000,289216.000000,44288.000000,9667571.000000,0.000000
30000044.000000,4880.000000,36760.000000,288904.000000,44248.000000,10000723.000000,0.000000
31000026.000000,4885.000000,36802.000000,289032.000000,44295.000000,10334050.000000,0.000000
32000204.000000,4881.000000,36768.000000,289136.000000,44257.000000,10667443.000000,0.000000
33000332.000000,4884.000000,36796.000000,289104.000000,44272.000000,11000819.000000,0.000000
34000652.000000,4884.000000,36796.000000,289152.000000,44288.000000,11334259.000000,0.000000
35000492.000000,4882.000000,36774.000000,289016.000000,44264.000000,11667539.000000,0.000000
36000044.000000,4881.000000,36767.000000,288927.000000,44256.000000,12000722.000000,0.000000
37000076.000000,4883.000000,36789.000000,289081.000000,44264.000000,12334067.000000,0.000000
38000396.000000,4884.000000,36796.000000,289152.000000,44288.000000,12667507.000000,0.000000
39000236.000000,4882.000000,36774.000000,289016.000000,44264.000000,13000787.000000,0.000000
40000556.000000,4884.000000,36796.000000,289152.000000,44288.000000,13334227.000000,0.000000
41000401.000000,4882.000000,36774.000000,289016.000000,44264.000000,13667507.000000,0.000000
42000140.000000,4882.000000,36782.000000,288992.000000,44256.000000,14000755.000000,0.000000
43000076.000000,4883.000000,36781.000000,289039.000000,44272.000000,14334066.000000,0.000000
44000300.000000,4883.000000,36789.000000,289129.000000,44280.000000,14667475.000000,0.000000
45000145.000000,4882.000000,36774.000000,289016.000000,44264.000000,15000755.000000,0.000000
46000081.000000,4884.000000,36796.000000,289040.000000,44272.000000,15334067.000000,0.000000
47000108.000000,4882.000000,36774.000000,289080.000000,44264.000000,15667411.000000,0.000000
48000044.000000,4882.000000,36782.000000,289040.000000,44272.000000,16000723.000000,0.000000
49000268.000000,4884.000000,36788.000000,289128.000000,44280.000000,16334131.000000,0.000000
50000017.000000,4884.000000,36796.000000,288976.000000,44272.000000,16667379.000000,0.000000
51000176.000000,5251.000000,33174.000000,292150.000000,41369.000000,17000898.000000,16.000000
52000021.000000,5399.000000,33436.000000,293143.000000,40136.000000,17334177.000000,0.000000
53000048.000000,5348.000000,33966.000000,292816.000000,40528.000000,17667521.000000,0.000000
54000464.000000,5297.000000,34521.000000,292480.000000,40992.000000,18000993.000000,0.000000
55000016.000000,5212.000000,36292.000000,291577.000000,41607.000000,18334177.000000,0.000000
56000450.000000,5368.000000,33296.000000,293035.000000,40443.000000,18667655.000000,0.000000
57000025.000000,5431.000000,32879.000000,293332.000000,39859.000000,19000846.000000,0.000000
58000112.000000,5354.000000,33962.000000,292874.000000,40489.000000,19334209.000000,0.000000
59000053.000000,5243.000000,35358.000000,291897.000000,41415.000000,19667521.000000,0.000000
60000080.000000,5347.000000,33559.000000,292794.000000,40551.000000,20000866.000000,0.000000
61000400.000000,5365.000000,33498.000000,293000.000000,40439.000000,20334305.000000,0.000000
62000144.000000,5324.000000,35072.000000,292512.000000,40736.000000,20667553.000000,0.000000
63000176.000000,5378.000000,33333.000000,293032.000000,40312.000000,21000897.000000,0.000000
64000016.000000,5424.000000,32518.000000,293352.000000,39928.000000,21334177.000000,0.000000
65000144.000000,5394.000000,32308.000000,293200.000000,40176.000000,21667553.000000,0.000000
66000080.000000,5353.000000,33710.000000,292792.000000,40520.000000,22000865.000000,0.000000
67000016.000000,5349.000000,33235.000000,292792.000000,40520.000000,22334177.000000,0.000000
68000468.000000,5211.000000,36328.000000,291782.000000,41702.000000,22667661.000000,0.000000
69000272.000000,5207.000000,36114.000000,291626.000000,41642.000000,23000929.000000,0.000000
70000340.000000,5306.000000,34730.000000,292446.000000,40910.000000,23334285.000000,0.000000
71000144.000000,5208.000000,36271.000000,291626.000000,41642.000000,23667553.000000,0.000000
72000206.000000,5208.000000,36314.000000,291669.000000,41685.000000,24000907.000000,0.000000
73000016.000000,5207.000000,36166.000000,291627.000000,41643.000000,24334177.000000,0.000000
74000084.000000,5296.000000,34471.000000,292366.000000,40990.000000,24667533.000000,0.000000
75000180.000000,5327.000000,34608.000000,292635.000000,40730.000000,25000898.000000,0.000000
76000304.000000,5363.000000,32993.000000,292959.000000,40416.000000,25334273.000000,0.000000
77000336.000000,5244.000000,35673.000000,291960.000000,41384.000000,25667617.000000,0.000000
78000080.000000,5290.000000,34562.000000,292256.000000,40992.000000,26000865.000000,0.000000
79000592.000000,5387.000000,33251.000000,293224.000000,40280.000000,26334369.000000,0.000000
80000048.000000,5403.000000,32624.000000,293080.000000,40072.000000,26667521.000000,0.000000
81000398.000000,5301.000000,34817.000000,292485.000000,40965.000000,27000971.000000,0.000000
82000016.000000,5327.000000,34192.000000,292522.000000,40683.000000,27334176.000000,0.000000
83000048.000000,5260.000000,35300.000000,292088.000000,41256.000000,27667520.000000,0.000000
84000176.000000,5383.000000,33914.000000,293106.000000,40272.000000,28000898.000000,0.000000
85000400.000000,5219.000000,36176.000000,291815.000000,41592.000000,28334305.000000,0.000000
86000336.000000,5401.000000,32840.000000,293192.000000,40120.000000,28667617.000000,0.000000
87000368.000000,5090.000000,35162.000000,290721.000000,42623.000000,29000961.000000,0.000000
88000304.000000,5082.000000,34441.000000,290632.000000,42680.000000,29334273.000000,0.000000
89000144.000000,5413.000000,31413.000000,293272.000000,40008.000000,29667553.000000,0.000000
90000080.000000,5430.000000,31204.000000,293416.000000,39896.000000,30000865.000000,0.000000
91000020.000000,5312.000000,32800.000000,292465.000000,40848.000000,30334178.000000,0.000000
92000048.000000,5352.000000,32047.000000,292831.000000,40512.000000,30667521.000000,0.000000
93000656.000000,5354.000000,31684.000000,293000.000000,40536.000000,31001057.000000,0.000000
94000208.000000,5427.000000,31697.000000,293304.000000,39880.000000,31334241.000000,0.000000
95000144.000000,5495.000000,30956.000000,293944.000000,39368.000000,31667553.000000,0.000000
96000368.000000,5358.000000,32421.000000,292912.000000,40496.000000,32000961.000000,0.000000
97000208.000000,5385.000000,32140.000000,293048.000000,40232.000000,32334241.000000,0.000000
98000053.000000,5376.000000,31914.000000,292945.000000,40335.000000,32667521.000000,0.000000
99000464.000000,5708.000000,29559.000000,295784.000000,37688.000000,33000993.000000,0.000000
100000016.000000,5303.000000,31770.000000,292296.000000,40888.000000,33334177.000000,0.000000
101000010.000000,5427.000000,31803.000000,293493.000000,39962.000000,33667632.000000,17.000000
102000426.000000,5474.000000,31650.000000,293889.000000,39583.000000,34001104.000000,0.000000
103000266.000000,5446.000000,32053.000000,293521.000000,39759.000000,34334384.000000,0.000000
104000298.000000,5444.000000,31289.000000,293553.000000,39791.000000,34667728.000000,0.000000
105000138.000000,5066.000000,34997.000000,290488.000000,42792.000000,35001008.000000,0.000000
106000650.000000,4886.000000,36810.000000,289216.000000,44288.000000,35334512.000000,0.000000
107000106.000000,4880.000000,36760.000000,288904.000000,44248.000000,35667664.000000,0.000000
108000047.000000,4884.000000,36796.000000,289024.000000,44288.000000,36000976.000000,0.000000
109000266.000000,4882.000000,36774.000000,289144.000000,44264.000000,36334384.000000,0.000000
110000394.000000,4884.000000,36796.000000,289104.000000,44272.000000,36667760.000000,0.000000
111000047.000000,4883.000000,36773.000000,288952.000000,44264.000000,37000976.000000,0.000000
112000554.000000,4883.000000,36797.000000,289216.000000,44288.000000,37334480.000000,0.000000
113000010.000000,4880.000000,36760.000000,288904.000000,44248.000000,37667632.000000,0.000000
114000138.000000,4884.000000,36796.000000,289104.000000,44272.000000,38001008.000000,0.000000
115000458.000000,4884.000000,36796.000000,289152.000000,44288.000000,38334448.000000,0.000000
116000298.000000,4882.000000,36774.000000,289016.000000,44264.000000,38667728.000000,0.000000
117000618.000000,4884.000000,36796.000000,289152.000000,44288.000000,39001168.000000,0.000000
118000463.000000,4882.000000,36774.000000,289016.000000,44264.000000,39334448.000000,0.000000
119000202.000000,4882.000000,36782.000000,288992.000000,44256.000000,39667696.000000,0.000000
120000042.000000,4882.000000,36774.000000,289016.000000,44264.000000,40000976.000000,0.000000
121000362.000000,4884.000000,36796.000000,289152.000000,44288.000000,40334416.000000,0.000000
122000207.000000,4882.000000,36774.000000,289016.000000,44264.000000,40667696.000000,0.000000
123000042.000000,4883.000000,36789.000000,289015.000000,44264.000000,41000975.000000,0.000000
124000170.000000,4883.000000,36781.000000,289105.000000,44272.000000,41334352.000000,0.000000
125000106.000000,4882.000000,36782.000000,289040.000000,44272.000000,41667664.000000,0.000000
126000042.000000,4883.000000,36781.000000,289039.000000,44272.000000,42000975.000000,0.000000
127000079.000000,4885.000000,36803.000000,289065.000000,44280.000000,42334320.000000,0.000000
128000010.000000,4881.000000,36767.000000,289055.000000,44256.000000,42667631.000000,0.000000
129000047.000000,4883.000000,36789.000000,289065.000000,44280.000000,43000976.000000,0.000000
130000074.000000,4882.000000,36774.000000,289080.000000,44264.000000,43334320.000000,0.000000
131000586.000000,4886.000000,36810.000000,289216.000000,44288.000000,43667824.000000,0.000000
132000042.000000,4880.000000,36760.000000,288904.000000,44248.000000,44000976.000000,0.000000
133000024.000000,4885.000000,36802.000000,289032.000000,44295.000000,44334303.000000,0.000000
134000202.000000,4881.000000,36768.000000,289136.000000,44257.000000,44667696.000000,0.000000
135000330.000000,4884.000000,36796.000000,289104.000000,44272.000000,45001072.000000,0.000000
136000650.000000,4884.000000,36796.000000,289152.000000,44288.000000,45334512.000000,0.000000
137000490.000000,4882.000000,36774.000000,289016.000000,44264.000000,45667792.000000,0.000000
138000042.000000,4881.000000,36767.000000,288927.000000,44256.000000,46000975.000000,0.000000
139000074.000000,4883.000000,36789.000000,289081.000000,44264.000000,46334320.000000,0.000000
140000394.000000,4884.000000,36796.000000,289152.000000,44288.000000,46667760.000000,0.000000
141000234.000000,4882.000000,36774.000000,289016.000000,44264.000000,47001040.000000,0.000000
142000554.000000,4884.000000,36796.000000,289152.000000,44288.000000,47334480.000000,0.000000
143000399.000000,4882.000000,36774.000000,289016.000000,44264.000000,47667760.000000,0.000000
144000138.000000,4882.000000,36782.000000,288992.000000,44256.000000,48001008.000000,0.000000
145000074.000000,4883.000000,36781.000000,289039.000000,44272.000000,48334319.000000,0.000000
146000298.000000,4883.000000,36789.000000,289129.000000,44280.000000,48667728.000000,0.000000
147000143.000000,4882.000000,36774.000000,289016.000000,44264.000000,49001008.000000,0.000000
148000079.000000,4884.000000,36796.000000,289040.000000,44272.000000,49334320.000000,0.000000
149000106.000000,4882.000000,36774.000000,289080.000000,44264.000000,49667664.000000,0.000000
150000042.000000,4882.000000,36782.000000,289040.000000,44272.000000,50000976.000000,0.000000
151000266.000000,4884.000000,36788.000000,289128.000000,44280.000000,50334384.000000,0.000000
152000093.000000,5475.000000,31834.000000,293747.000000,39582.000000,50667713.000000,21.000000
153000029.000000,5475.000000,31373.000000,293775.000000,39536.000000,51001024.000000,0.000000
154000157.000000,5493.000000,31275.000000,293984.000000,39392.000000,51334400.000000,0.000000
155000477.000000,5496.000000,31304.000000,294049.000000,39392.000000,51667841.000000,0.000000
156000321.000000,5494.000000,31307.000000,293887.000000,39393.000000,52001121.000000,0.000000
157000541.000000,5492.000000,31275.000000,294017.000000,39391.000000,52334529.000000,0.000000
158000098.000000,5491.000000,31291.000000,293800.000000,39384.000000,52667713.000000,0.000000
159000125.000000,5495.000000,31299.000000,293968.000000,39376.000000,53001057.000000,0.000000
160000061.000000,5493.000000,31275.000000,293919.000000,39392.000000,53334368.000000,0.000000
161000189.000000,5492.000000,31290.000000,293993.000000,39384.000000,53667745.000000,0.000000
162000029.000000,5491.000000,31287.000000,293888.000000,39392.000000,54001025.000000,0.000000
163000253.000000,5497.000000,31295.000000,294024.000000,39384.000000,54334433.000000,0.000000
164000015.000000,5492.000000,31293.000000,293867.000000,39387.000000,54667687.000000,0.000000
165000029.000000,5493.000000,31282.000000,293949.000000,39389.000000,55001025.000000,0.000000
166000637.000000,5495.000000,31321.000000,294128.000000,39408.000000,55334561.000000,0.000000
167000861.000000,5494.000000,31282.000000,294007.000000,39400.000000,55667968.000000,0.000000
168000029.000000,5490.000000,31270.000000,293704.000000,39352.000000,56001024.000000,0.000000
169000061.000000,5493.000000,31307.000000,293953.000000,39392.000000,56334369.000000,0.000000
170000189.000000,5494.000000,31274.000000,293984.000000,39392.000000,56667745.000000,0.000000
171000605.000000,5494.000000,31312.000000,294064.000000,39408.000000,57001217.000000,0.000000
172000061.000000,5494.000000,31292.000000,293783.000000,39368.000000,57334368.000000,0.000000
173000093.000000,5490.000000,31270.000000,293961.000000,39384.000000,57667713.000000,0.000000
174000029.000000,5494.000000,31304.000000,293911.000000,39400.000000,58001024.000000,0.000000
175000354.000000,5493.000000,31285.000000,294049.000000,39392.000000,58334465.000000,0.000000
176000189.000000,5494.000000,31290.000000,293905.000000,39376.000000,58667746.000000,0.000000
177000125.000000,5492.000000,31290.000000,293927.000000,39384.000000,59001057.000000,0.000000
178000157.000000,5493.000000,31285.000000,293952.000000,39392.000000,59334401.000000,0.000000
179000093.000000,5494.000000,31290.000000,293936.000000,39376.000000,59667713.000000,0.000000
180000413.000000,5495.000000,31303.000000,294040.000000,39400.000000,60001153.000000,0.000000
181000061.000000,5491.000000,31279.000000,293832.000000,39384.000000,60334369.000000,0.000000
182000189.000000,5493.000000,31307.000000,293984.000000,39392.000000,60667745.000000,0.000000
183000029.000000,5494.000000,31274.000000,293887.000000,39392.000000,61001024.000000,0.000000
184000157.000000,5493.000000,31291.000000,294001.000000,39376.000000,61334401.000000,0.000000
185000001.000000,5494.000000,31307.000000,293887.000000,39393.000000,61667681.000000,0.000000
186000221.000000,5492.000000,31275.000000,294017.000000,39391.000000,62001089.000000,0.000000
187000061.000000,5430.000000,31983.000000,293391.000000,39888.000000,62334368.000000,0.000000
188000381.000000,5478.000000,31727.000000,293913.000000,39528.000000,62667809.000000,0.000000
189000509.000000,5491.000000,31464.000000,293953.000000,39423.000000,63001185.000000,0.000000
190000637.000000,5076.000000,35119.000000,290640.000000,42736.000000,63334561.000000,0.000000
191000093.000000,4880.000000,36760.000000,288904.000000,44248.000000,63667713.000000,0.000000
192000221.000000,4884.000000,36796.000000,289104.000000,44272.000000,64001089.000000,0.000000
193000541.000000,4884.000000,36796.000000,289152.000000,44288.000000,64334529.000000,0.000000
194000381.000000,4882.000000,36774.000000,289016.000000,44264.000000,64667809.000000,0.000000
195000034.000000,4883.000000,36773.000000,288952.000000,44264.000000,65001025.000000,0.000000
196000061.000000,4882.000000,36790.000000,289079.000000,44264.000000,65334368.000000,0.000000
197000285.000000,4883.000000,36789.000000,289129.000000,44280.000000,65667777.000000,0.000000
198000125.000000,4882.000000,36774.000000,289016.000000,44264.000000,66001057.000000,0.000000
199000445.000000,4884.000000,36796.000000,289152.000000,44288.000000,66334497.000000,0.000000
200000290.000000,4882.000000,36774.000000,289016.000000,44264.000000,66667777.000000,0.000000
201000029.000000,4882.000000,36782.000000,288992.000000,44256.000000,67001025.000000,0.000000
202000048.000000,5295.000000,33137.000000,292274.000000,41029.000000,67334328.000000,28.000000
203000368.000000,5496.000000,31256.000000,294049.000000,39392.000000,67667769.000000,0.000000
204000212.000000,5494.000000,31225.000000,293887.000000,39393.000000,68001049.000000,0.000000
205000432.000000,5492.000000,31193.000000,294017.000000,39391.000000,68334457.000000,0.000000
206000368.000000,5492.000000,31216.000000,293920.000000,39392.000000,68667769.000000,0.000000
207000016.000000,5494.000000,31212.000000,293848.000000,39368.000000,69000985.000000,0.000000
208000144.000000,5494.000000,31200.000000,293977.000000,39400.000000,69334362.000000,0.000000
209000080.000000,5491.000000,31201.000000,293935.000000,39376.000000,69667673.000000,0.000000
210000016.000000,5493.000000,31213.000000,293911.000000,39400.000000,70000984.000000,0.000000
211000144.000000,5467.000000,31559.000000,293770.000000,39608.000000,70334362.000000,0.000000
212000368.000000,5272.000000,33079.000000,292232.000000,41175.000000,70667769.000000,0.000000
213000208.000000,5248.000000,33160.000000,291936.000000,41344.000000,71001049.000000,0.000000
214000240.000000,5249.000000,33159.000000,292016.000000,41328.000000,71334393.000000,0.000000
215000752.000000,5252.000000,33172.000000,292144.000000,41360.000000,71667897.000000,0.000000
216000304.000000,5247.000000,33161.000000,291848.000000,41336.000000,72001081.000000,0.000000
217000144.000000,5249.000000,33159.000000,291952.000000,41328.000000,72334361.000000,0.000000
218000080.000000,5248.000000,33152.000000,291975.000000,41336.000000,72667672.000000,0.000000
219000496.000000,5249.000000,33175.000000,292105.000000,41368.000000,73001145.000000,0.000000
220000240.000000,5251.000000,33165.000000,291928.000000,41320.000000,73334393.000000,0.000000
221000464.000000,5249.000000,33159.000000,292064.000000,41344.000000,73667801.000000,0.000000
222000020.000000,5247.000000,33161.000000,291833.000000,41352.000000,74000986.000000,0.000000
223000245.000000,5248.000000,33152.000000,292071.000000,41336.000000,74334393.000000,0.000000
224000368.000000,5253.000000,33179.000000,292040.000000,41336.000000,74667769.000000,0.000000
225000016.000000,5245.000000,33147.000000,291879.000000,41336.000000,75000984.000000,0.000000
226000048.000000,5250.000000,33166.000000,291992.000000,41352.000000,75334328.000000,0.000000
227000005.000000,5249.000000,33155.000000,291996.000000,41324.000000,75667648.000000,0.000000
228000112.000000,5249.000000,33163.000000,292029.000000,41340.000000,76001017.000000,0.000000
229000336.000000,5249.000000,33175.000000,292048.000000,41360.000000,76334425.000000,0.000000
230000272.000000,5251.000000,33165.000000,291976.000000,41336.000000,76667737.000000,0.000000
231000016.000000,5248.000000,33152.000000,291911.000000,41336.000000,77000984.000000,0.000000
232000240.000000,5249.000000,33175.000000,292057.000000,41352.000000,77334393.000000,0.000000
233000272.000000,5249.000000,33159.000000,292016.000000,41328.000000,77667737.000000,0.000000
234000112.000000,5249.000000,33151.000000,291944.000000,41336.000000,78001017.000000,0.000000
235000240.000000,5247.000000,33169.000000,292016.000000,41360.000000,78334393.000000,0.000000
236000176.000000,5252.000000,33172.000000,291984.000000,41328.000000,78667705.000000,0.000000
237000112.000000,5249.000000,33151.000000,291976.000000,41336.000000,79001017.000000,0.000000
238000144.000000,5248.000000,33168.000000,291985.000000,41360.000000,79334362.000000,0.000000
239000080.000000,5247.000000,33153.000000,291974.000000,41336.000000,79667672.000000,0.000000
240000021.000000,5252.000000,33172.000000,291985.000000,41328.000000,80000985.000000,0.000000
241000048.000000,5247.000000,33153.000000,292000.000000,41344.000000,80334329.000000,0.000000
242000176.000000,5249.000000,33167.000000,292024.000000,41352.000000,80667705.000000,0.000000
243000016.000000,5249.000000,33159.000000,291951.000000,41328.000000,81000984.000000,0.000000
244000432.000000,5251.000000,33165.000000,292121.000000,41352.000000,81334457.000000,0.000000
245000080.000000,5248.000000,33168.000000,291871.000000,41344.000000,81667672.000000,0.000000
246000112.000000,5249.000000,33159.000000,292017.000000,41328.000000,82001017.000000,0.000000
247000240.000000,5251.000000,33165.000000,292024.000000,41352.000000,82334393.000000,0.000000
248000176.000000,5245.000000,33155.000000,291968.000000,41344.000000,82667705.000000,0.000000
249000016.000000,5252.000000,33172.000000,291951.000000,41328.000000,83000984.000000,0.000000
250000144.000000,5248.000000,33152.000000,292041.000000,41336.000000,83334361.000000,0.000000
251000272.000000,5249.000000,33175.000000,292008.000000,41368.000000,83667737.000000,0.000000
252000098.000000,5274.000000,33008.000000,291878.000000,41189.000000,84000804.000000,44.000000
253000130.000000,5314.000000,32524.000000,292536.000000,40808.000000,84334148.000000,0.000000
254000450.000000,5442.000000,32871.000000,293593.000000,39847.000000,84667588.000000,0.000000
255000002.000000,5531.000000,33509.000000,294143.000000,39040.000000,85000771.000000,0.000000
256000226.000000,5317.000000,32007.000000,292585.000000,40824.000000,85334180.000000,0.000000
257000450.000000,5230.000000,31446.000000,291912.000000,41496.000000,85667588.000000,0.000000
258000674.000000,5297.000000,31307.000000,292432.000000,40976.000000,86000996.000000,0.000000
259000322.000000,5481.000000,31208.000000,293753.000000,39463.000000,86334212.000000,0.000000
260000066.000000,4925.000000,36386.000000,289311.000000,43936.000000,86667459.000000,0.000000
261000002.000000,4881.000000,36767.000000,289057.000000,44256.000000,87000772.000000,0.000000
262000514.000000,4886.000000,36810.000000,289216.000000,44288.000000,87334276.000000,0.000000
263000066.000000,4881.000000,36767.000000,288927.000000,44256.000000,87667459.000000,0.000000
264000674.000000,4885.000000,36803.000000,289241.000000,44296.000000,88000996.000000,0.000000
265000130.000000,4880.000000,36760.000000,288904.000000,44248.000000,88334148.000000,0.000000
266000258.000000,4884.000000,36796.000000,289104.000000,44272.000000,88667524.000000,0.000000
267000578.000000,4884.000000,36796.000000,289152.000000,44288.000000,89000964.000000,0.000000
268000418.000000,4882.000000,36774.000000,289016.000000,44264.000000,89334244.000000,0.000000
269000071.000000,4883.000000,36773.000000,288952.000000,44264.000000,89667460.000000,0.000000
270000002.000000,4881.000000,36783.000000,289056.000000,44256.000000,90000772.000000,0.000000
271000322.000000,4884.000000,36796.000000,289152.000000,44288.000000,90334212.000000,0.000000
272000162.000000,4882.000000,36774.000000,289016.000000,44264.000000,90667492.000000,0.000000
273000482.000000,4884.000000,36796.000000,289152.000000,44288.000000,91000932.000000,0.000000
274000327.000000,4882.000000,36774.000000,289016.000000,44264.000000,91334212.000000,0.000000
275000066.000000,4882.000000,36782.000000,288992.000000,44256.000000,91667460.000000,0.000000
276000002.000000,4883.000000,36781.000000,289039.000000,44272.000000,92000771.000000,0.000000
277000226.000000,4883.000000,36789.000000,289129.000000,44280.000000,92334180.000000,0.000000
278000071.000000,4882.000000,36774.000000,289016.000000,44264.000000,92667460.000000,0.000000
279000007.000000,4884.000000,36796.000000,289040.000000,44272.000000,93000772.000000,0.000000
280000034.000000,4882.000000,36774.000000,289080.000000,44264.000000,93334116.000000,0.000000
281000066.000000,4883.000000,36789.000000,289063.000000,44280.000000,93667459.000000,0.000000
282000194.000000,4883.000000,36781.000000,289105.000000,44272.000000,94000836.000000,0.000000
283000706.000000,4886.000000,36810.000000,289216.000000,44288.000000,94334340.000000,0.000000
284000162.000000,4880.000000,36760.000000,288904.000000,44248.000000,94667492.000000,0.000000
285000002.000000,4883.000000,36789.000000,288999.000000,44280.000000,95000771.000000,0.000000
286000034.000000,4882.000000,36774.000000,289080.000000,44264.000000,95334115.000000,0.000000
287000450.000000,4885.000000,36803.000000,289193.000000,44280.000000,95667588.000000,0.000000
288000002.000000,4881.000000,36767.000000,288927.000000,44256.000000,96000771.000000,0.000000
289000610.000000,4885.000000,36803.000000,289241.000000,44296.000000,96334308.000000,0.000000
290000066.000000,4880.000000,36760.000000,288904.000000,44248.000000,96667460.000000,0.000000
291000194.000000,4884.000000,36796.000000,289104.000000,44272.000000,97000836.000000,0.000000
292000514.000000,4884.000000,36796.000000,289152.000000,44288.000000,97334276.000000,0.000000
293000354.000000,4882.000000,36774.000000,289016.000000,44264.000000,97667556.000000,0.000000
294000007.000000,4883.000000,36773.000000,288952.000000,44264.000000,98000772.000000,0.000000
295000034.000000,4882.000000,36790.000000,289079.000000,44264.000000,98334115.000000,0.000000
296000258.000000,4883.000000,36789.000000,289129.000000,44280.000000,98667524.000000,0.000000
297000098.000000,4882.000000,36774.000000,289016.000000,44264.000000,99000804.000000,0.000000
298000418.000000,4884.000000,36796.000000,289152.000000,44288.000000,99334244.000000,0.000000
299000263.000000,4882.000000,36774.000000,289016.000000,44264.000000,99667524.000000,0.000000
300000002.000000,4882.000000,36782.000000,288992.000000,44256.000000,100000772.000000,0.000000
301000226.000000,4884.000000,36788.000000,289128.000000,44280.000000,100334180.000000,0.000000
302000162.000000,4882.000000,36782.000000,289040.000000,44272.000000,100667492.000000,0.000000
303000118.000000,5102.000000,33601.000000,290233.000000,42655.000000,101000380.000000,81.000000
304000054.000000,5045.000000,33878.000000,290335.000000,42976.000000,101333691.000000,0.000000
305000091.000000,5045.000000,33879.000000,290385.000000,42960.000000,101667036.000000,0.000000
306000022.000000,5047.000000,33904.000000,290352.000000,42960.000000,102000348.000000,0.000000
307000342.000000,5046.000000,33916.000000,290456.000000,42984.000000,102333788.000000,0.000000
308000182.000000,5044.000000,33891.000000,290312.000000,42968.000000,102667068.000000,0.000000
309000123.000000,5045.000000,33907.000000,290336.000000,42976.000000,103000380.000000,0.000000
310000246.000000,5048.000000,33897.000000,290424.000000,42952.000000,103333756.000000,0.000000
311000086.000000,5044.000000,33901.000000,290312.000000,42968.000000,103667036.000000,0.000000
312000022.000000,5045.000000,33901.000000,290335.000000,42976.000000,104000347.000000,0.000000
313000342.000000,5045.000000,33908.000000,290465.000000,42976.000000,104333788.000000,0.000000
314000086.000000,5048.000000,33895.000000,290295.000000,42952.000000,104667035.000000,0.000000
315000406.000000,5045.000000,33902.000000,290465.000000,42976.000000,105000476.000000,0.000000
316000246.000000,5044.000000,33904.000000,290312.000000,42968.000000,105333756.000000,0.000000
317000086.000000,5044.000000,33888.000000,290312.000000,42968.000000,105667036.000000,0.000000
318000598.000000,5049.000000,33912.000000,290519.000000,42984.000000,106000539.000000,0.000000
319000150.000000,5044.000000,33891.000000,290241.000000,42944.000000,106333724.000000,0.000000
320000086.000000,5045.000000,33910.000000,290335.000000,42976.000000,106667035.000000,0.000000
321000027.000000,5046.000000,33898.000000,290337.000000,42976.000000,107000348.000000,0.000000
322000342.000000,5046.000000,33899.000000,290471.000000,42968.000000,107333787.000000,0.000000
323000036.000000,5046.000000,33906.000000,290273.000000,42959.000000,107667019.000000,0.000000
324000310.000000,5093.000000,33330.000000,290832.000000,42593.000000,108000444.000000,0.000000
325000054.000000,5146.000000,32712.000000,291065.000000,42184.000000,108333693.000000,0.000000
326000086.000000,5138.000000,32742.000000,291151.000000,42192.000000,108667036.000000,0.000000
327000214.000000,5147.000000,32736.000000,291208.000000,42168.000000,109000412.000000,0.000000
328000150.000000,5209.000000,33072.000000,291648.000000,41664.000000,109333724.000000,0.000000
329000566.000000,5177.000000,34133.000000,291528.000000,41944.000000,109667196.000000,0.000000
330000214.000000,5201.000000,34566.000000,291512.000000,41704.000000,110000412.000000,0.000000
331000054.000000,5213.000000,33645.000000,291657.000000,41624.000000,110333693.000000,0.000000
332000566.000000,5342.000000,31890.000000,292879.000000,40624.000000,110667196.000000,0.000000
333000022.000000,5413.000000,31825.000000,293151.000000,40000.000000,111000347.000000,0.000000
334000054.000000,5268.000000,33156.000000,292153.000000,41191.000000,111333691.000000,0.000000
335000470.000000,4885.000000,36803.000000,289193.000000,44280.000000,111667164.000000,0.000000
336000022.000000,4881.000000,36767.000000,288927.000000,44256.000000,112000347.000000,0.000000
337000630.000000,4885.000000,36803.000000,289241.000000,44296.000000,112333884.000000,0.000000
338000086.000000,4880.000000,36760.000000,288904.000000,44248.000000,112667036.000000,0.000000
339000214.000000,4884.000000,36796.000000,289104.000000,44272.000000,113000412.000000,0.000000
340000534.000000,4884.000000,36796.000000,289152.000000,44288.000000,113333852.000000,0.000000
341000374.000000,4882.000000,36774.000000,289016.000000,44264.000000,113667132.000000,0.000000
342000027.000000,4883.000000,36773.000000,288952.000000,44264.000000,114000348.000000,0.000000
343000054.000000,4882.000000,36790.000000,289079.000000,44264.000000,114333691.000000,0.000000
344000278.000000,4883.000000,36789.000000,289129.000000,44280.000000,114667100.000000,0.000000
345000118.000000,4882.000000,36774.000000,289016.000000,44264.000000,115000380.000000,0.000000
346000438.000000,4884.000000,36796.000000,289152.000000,44288.000000,115333820.000000,0.000000
347000283.000000,4882.000000,36774.000000,289016.000000,44264.000000,115667100.000000,0.000000
348000022.000000,4882.000000,36782.000000,288992.000000,44256.000000,116000348.000000,0.000000
349000246.000000,4884.000000,36788.000000,289128.000000,44280.000000,116333756.000000,0.000000
350000182.000000,4882.000000,36782.000000,289040.000000,44272.000000,116667068.000000,0.000000
351000027.000000,4882.000000,36774.000000,289016.000000,44264.000000,117000348.000000,0.000000
352000054.000000,4885.000000,36803.000000,289063.000000,44280.000000,117333691.000000,0.000000
353000048.000000,5169.000000,34909.000000,289830.000000,42404.000000,117665925.000000,171.000000
354000272.000000,5045.000000,36627.000000,290433.000000,42976.000000,117999334.000000,0.000000
355000112.000000,5046.000000,36618.000000,290313.000000,42968.000000,118332615.000000,0.000000
356000144.000000,5044.000000,36620.000000,290375.000000,42968.000000,118665958.000000,0.000000
357000085.000000,5048.000000,36624.000000,290344.000000,42968.000000,118999270.000000,0.000000
358000016.000000,5043.000000,36613.000000,290352.000000,42960.000000,119332582.000000,0.000000
359000053.000000,5048.000000,36632.000000,290360.000000,42984.000000,119665926.000000,0.000000
360000272.000000,5045.000000,36619.000000,290440.000000,42968.000000,119999334.000000,0.000000
361000784.000000,5047.000000,36641.000000,290511.000000,42992.000000,120332837.000000,0.000000
362000144.000000,5044.000000,36596.000000,290185.000000,42936.000000,120665958.000000,0.000000
363000560.000000,5046.000000,36642.000000,290480.000000,42992.000000,120999430.000000,0.000000
364000016.000000,5044.000000,36596.000000,290208.000000,42944.000000,121332582.000000,0.000000
365000528.000000,5047.000000,36641.000000,290511.000000,42992.000000,121666085.000000,0.000000
366000085.000000,5046.000000,36610.000000,290233.000000,42952.000000,121999270.000000,0.000000
367000112.000000,5189.000000,34684.000000,291536.000000,41808.000000,122332614.000000,0.000000
368000148.000000,5354.000000,32468.000000,292825.000000,40520.000000,122665959.000000,0.000000
369000272.000000,5321.000000,32599.000000,292622.000000,40752.000000,122999333.000000,0.000000
370000304.000000,5315.000000,32815.000000,292529.000000,40816.000000,123332678.000000,0.000000
371000144.000000,5309.000000,32648.000000,292416.000000,40864.000000,123665958.000000,0.000000
372000308.000000,5352.000000,32296.000000,292846.000000,40542.000000,123999346.000000,0.000000
373000021.000000,4951.000000,35836.000000,289562.000000,43674.000000,124332582.000000,0.000000
374000048.000000,4885.000000,36701.000000,289063.000000,44280.000000,124665925.000000,0.000000
375000080.000000,4882.000000,36673.000000,289080.000000,44264.000000,124999269.000000,0.000000
376000016.000000,4882.000000,36682.000000,289040.000000,44272.000000,125332581.000000,0.000000
377000144.000000,4883.000000,36681.000000,289105.000000,44272.000000,125665958.000000,0.000000
378000656.000000,4886.000000,36710.000000,289216.000000,44288.000000,125999462.000000,0.000000
379000112.000000,4880.000000,36659.000000,288904.000000,44248.000000,126332614.000000,0.000000
380000053.000000,4884.000000,36696.000000,289024.000000,44288.000000,126665926.000000,0.000000
381000272.000000,4882.000000,36674.000000,289144.000000,44264.000000,126999334.000000,0.000000
382000400.000000,4884.000000,36696.000000,289104.000000,44272.000000,127332710.000000,0.000000
383000053.000000,4883.000000,36673.000000,288952.000000,44264.000000,127665926.000000,0.000000
384000560.000000,4883.000000,36696.000000,289216.000000,44288.000000,127999430.000000,0.000000
385000016.000000,4880.000000,36660.000000,288904.000000,44248.000000,128332582.000000,0.000000
386000144.000000,4884.000000,36694.000000,289104.000000,44272.000000,128665958.000000,0.000000
387000464.000000,4884.000000,36696.000000,289152.000000,44288.000000,128999398.000000,0.000000
388000304.000000,4882.000000,36674.000000,289016.000000,44264.000000,129332678.000000,0.000000
389000624.000000,4884.000000,36693.000000,289152.000000,44288.000000,129666118.000000,0.000000
390000469.000000,4882.000000,36674.000000,289016.000000,44264.000000,129999398.000000,0.000000
391000208.000000,4882.000000,36682.000000,288992.000000,44256.000000,130332646.000000,0.000000
392000048.000000,4882.000000,36674.000000,289016.000000,44264.000000,130665926.000000,0.000000
393000368.000000,4884.000000,36694.000000,289152.000000,44288.000000,130999366.000000,0.000000
394000213.000000,4882.000000,36671.000000,289016.000000,44264.000000,131332646.000000,0.000000
395000048.000000,4883.000000,36686.000000,289015.000000,44264.000000,131665925.000000,0.000000
396000176.000000,4883.000000,36680.000000,289105.000000,44272.000000,131999302.000000,0.000000
397000112.000000,4882.000000,36681.000000,289040.000000,44272.000000,132332614.000000,0.000000
398000048.000000,4883.000000,36680.000000,289039.000000,44272.000000,132665925.000000,0.000000
399000085.000000,4885.000000,36703.000000,289065.000000,44280.000000,132999270.000000,0.000000
400000016.000000,4881.000000,36664.000000,289055.000000,44256.000000,133332581.000000,0.000000
401000053.000000,4883.000000,36687.000000,289065.000000,44280.000000,133665926.000000,0.000000
402000080.000000,4882.000000,36672.000000,289080.000000,44264.000000,133999270.000000,0.000000
403000153.000000,5273.000000,35396.000000,288235.000000,42777.000000,134330282.000000,405.000000
404000089.000000,5256.000000,34981.000000,292003.000000,41309.000000,134663594.000000,0.000000
405000217.000000,5299.000000,34835.000000,292425.000000,40951.000000,134996970.000000,0.000000
406000153.000000,4883.000000,36773.000000,289048.000000,44264.000000,135330282.000000,0.000000
407000473.000000,4884.000000,36796.000000,289152.000000,44288.000000,135663722.000000,0.000000
408000313.000000,4882.000000,36774.000000,289016.000000,44264.000000,135997002.000000,0.000000
409000633.000000,4884.000000,36796.000000,289152.000000,44288.000000,136330442.000000,0.000000
410000478.000000,4882.000000,36774.000000,289016.000000,44264.000000,136663722.000000,0.000000
411000217.000000,4882.000000,36782.000000,288992.000000,44256.000000,136996970.000000,0.000000
412000057.000000,4882.000000,36774.000000,289016.000000,44264.000000,137330250.000000,0.000000
413000377.000000,4884.000000,36796.000000,289152.000000,44288.000000,137663690.000000,0.000000
414000222.000000,4882.000000,36774.000000,289016.000000,44264.000000,137996970.000000,0.000000
415000057.000000,4883.000000,36789.000000,289015.000000,44264.000000,138330249.000000,0.000000
416000185.000000,4883.000000,36781.000000,289105.000000,44272.000000,138663626.000000,0.000000
417000121.000000,4882.000000,36782.000000,289040.000000,44272.000000,138996938.000000,0.000000
418000057.000000,4883.000000,36781.000000,289039.000000,44272.000000,139330249.000000,0.000000
419000094.000000,4885.000000,36803.000000,289065.000000,44280.000000,139663594.000000,0.000000
420000025.000000,4881.000000,36767.000000,289055.000000,44256.000000,139996905.000000,0.000000
421000062.000000,4883.000000,36789.000000,289065.000000,44280.000000,140330250.000000,0.000000
422000089.000000,4882.000000,36774.000000,289080.000000,44264.000000,140663594.000000,0.000000
423000601.000000,4886.000000,36810.000000,289216.000000,44288.000000,140997098.000000,0.000000
424000057.000000,4880.000000,36760.000000,288904.000000,44248.000000,141330250.000000,0.000000
425000039.000000,4885.000000,36802.000000,289032.000000,44295.000000,141663577.000000,0.000000
426000217.000000,4881.000000,36768.000000,289136.000000,44257.000000,141996970.000000,0.000000
427000345.000000,4884.000000,36796.000000,289104.000000,44272.000000,142330346.000000,0.000000
428000665.000000,4884.000000,36796.000000,289152.000000,44288.000000,142663786.000000,0.000000
429000505.000000,4882.000000,36774.000000,289016.000000,44264.000000,142997066.000000,0.000000
430000057.000000,4881.000000,36767.000000,288927.000000,44256.000000,143330249.000000,0.000000
431000089.000000,4883.000000,36789.000000,289081.000000,44264.000000,143663594.000000,0.000000
432000409.000000,4884.000000,36796.000000,289152.000000,44288.000000,143997034.000000,0.000000
433000249.000000,4882.000000,36774.000000,289016.000000,44264.000000,144330314.000000,0.000000
434000569.000000,4884.000000,36796.000000,289152.000000,44288.000000,144663754.000000,0.000000
435000414.000000,4882.000000,36774.000000,289016.000000,44264.000000,144997034.000000,0.000000
436000153.000000,4882.000000,36782.000000,288992.000000,44256.000000,145330282.000000,0.000000
437000089.000000,4883.000000,36781.000000,289039.000000,44272.000000,145663593.000000,0.000000
438000313.000000,4883.000000,36789.000000,289129.000000,44280.000000,145997002.000000,0.000000
439000158.000000,4882.000000,36774.000000,289016.000000,44264.000000,146330282.000000,0.000000
440000094.000000,4884.000000,36796.000000,289040.000000,44272.000000,146663594.000000,0.000000
441000121.000000,4882.000000,36774.000000,289080.000000,44264.000000,146996938.000000,0.000000
442000057.000000,4882.000000,36782.000000,289040.000000,44272.000000,147330250.000000,0.000000
443000281.000000,4884.000000,36788.000000,289128.000000,44280.000000,147663658.000000,0.000000
444000030.000000,4884.000000,36796.000000,288976.000000,44272.000000,147996906.000000,0.000000
445000249.000000,4882.000000,36774.000000,289144.000000,44264.000000,148330314.000000,0.000000
446000089.000000,4883.000000,36789.000000,288999.000000,44280.000000,148663593.000000,0.000000
447000025.000000,4881.000000,36767.000000,289057.000000,44256.000000,148996906.000000,0.000000
448000537.000000,4886.000000,36810.000000,289216.000000,44288.000000,149330410.000000,0.000000
449000089.000000,4881.000000,36767.000000,288927.000000,44256.000000,149663593.000000,0.000000
450000697.000000,4885.000000,36803.000000,289241.000000,44296.000000,149997130.000000,0.000000
451000153.000000,4880.000000,36760.000000,288904.000000,44248.000000,150330282.000000,0.000000
452000281.000000,4884.000000,36796.000000,289104.000000,44272.000000,150663658.000000,0.000000
453000601.000000,4884.000000,36796.000000,289152.000000,44288.000000,150997098.000000,0.000000
454000141.000000,5957.000000,30463.000000,289397.000000,38933.000000,151325428.000000,793.000000
455000361.000000,5246.000000,35027.000000,292048.000000,41360.000000,151658836.000000,0.000000
456000009.000000,5288.000000,34463.000000,292206.000000,41008.000000,151992050.000000,0.000000
457000137.000000,5255.000000,33885.000000,292074.000000,41303.000000,152325427.000000,0.000000
458000073.000000,5212.000000,35418.000000,291665.000000,41648.000000,152658740.000000,0.000000
459000105.000000,5207.000000,36457.000000,291679.000000,41664.000000,152992083.000000,0.000000
460000046.000000,5210.000000,36462.000000,291640.000000,41672.000000,153325395.000000,0.000000
461000073.000000,5207.000000,36457.000000,291679.000000,41664.000000,153658738.000000,0.000000
462000014.000000,5210.000000,36462.000000,291641.000000,41672.000000,153992051.000000,0.000000
463000233.000000,5208.000000,36456.000000,291744.000000,41664.000000,154325459.000000,0.000000
464000649.000000,5209.000000,36479.000000,291784.000000,41688.000000,154658931.000000,0.000000
465000105.000000,5207.000000,36433.000000,291512.000000,41640.000000,154992083.000000,0.000000
466000521.000000,5209.000000,36479.000000,291784.000000,41688.000000,155325555.000000,0.000000
467000073.000000,5208.000000,36440.000000,291535.000000,41648.000000,155658738.000000,0.000000
468000393.000000,5208.000000,36472.000000,291761.000000,41680.000000,155992179.000000,0.000000
469000046.000000,5209.000000,36447.000000,291560.000000,41656.000000,156325395.000000,0.000000
470000265.000000,5207.000000,36465.000000,291736.000000,41672.000000,156658803.000000,0.000000
471000489.000000,5210.000000,36462.000000,291736.000000,41672.000000,156992211.000000,0.000000
472000137.000000,5206.000000,36450.000000,291560.000000,41656.000000,157325427.000000,0.000000
473000361.000000,5210.000000,36462.000000,291736.000000,41672.000000,157658835.000000,0.000000
474000009.000000,5206.000000,36450.000000,291560.000000,41656.000000,157992051.000000,0.000000
475000233.000000,5210.000000,36462.000000,291736.000000,41672.000000,158325459.000000,0.000000
476000078.000000,5209.000000,36463.000000,291608.000000,41672.000000,158658739.000000,0.000000
477000105.000000,5207.000000,36449.000000,291688.000000,41656.000000,158992083.000000,0.000000
478000425.000000,5210.000000,36470.000000,291760.000000,41680.000000,159325523.000000,0.000000
479000007.000000,5207.000000,36446.000000,291541.000000,41653.000000,159658717.000000,0.000000
480000297.000000,5209.000000,36466.000000,291755.000000,41675.000000,159992147.000000,0.000000
481000137.000000,5209.000000,36455.000000,291617.000000,41664.000000,160325428.000000,0.000000
482000169.000000,5207.000000,36457.000000,291679.000000,41664.000000,160658771.000000,0.000000
483000009.000000,5209.000000,36455.000000,291617.000000,41664.000000,160992052.000000,0.000000
484000041.000000,5207.000000,36457.000000,291679.000000,41664.000000,161325395.000000,0.000000
485000078.000000,5211.000000,36469.000000,291664.000000,41680.000000,161658739.000000,0.000000
486000009.000000,5206.000000,36450.000000,291655.000000,41656.000000,161992050.000000,0.000000
487000713.000000,5211.000000,36485.000000,291873.000000,41696.000000,162325619.000000,0.000000
488000169.000000,5207.000000,36433.000000,291512.000000,41640.000000,162658771.000000,0.000000
489000585.000000,5209.000000,36479.000000,291784.000000,41688.000000,162992243.000000,0.000000
490000041.000000,5207.000000,36433.000000,291512.000000,41640.000000,163325395.000000,0.000000
491000457.000000,5209.000000,36479.000000,291784.000000,41688.000000,163658867.000000,0.000000
492000009.000000,5208.000000,36440.000000,291535.000000,41648.000000,163992050.000000,0.000000
493000329.000000,5208.000000,36472.000000,291761.000000,41680.000000,164325491.000000,0.000000
494000553.000000,5210.000000,36462.000000,291736.000000,41672.000000,164658899.000000,0.000000
495000201.000000,5206.000000,36450.000000,291560.000000,41656.000000,164992115.000000,0.000000
496000425.000000,5210.000000,36462.000000,291736.000000,41672.000000,165325523.000000,0.000000
497000073.000000,5206.000000,36450.000000,291560.000000,41656.000000,165658739.000000,0.000000
498000297.000000,5210.000000,36462.000000,291736.000000,41672.000000,165992147.000000,0.000000
499000041.000000,5208.000000,36456.000000,291583.000000,41664.000000,166325394.000000,0.000000
500000169.000000,5208.000000,36456.000000,291713.000000,41664.000000,166658771.000000,0.000000
501000014.000000,5209.000000,36463.000000,291608.000000,41672.000000,166992051.000000,0.000000
502000041.000000,5207.000000,36449.000000,291688.000000,41656.000000,167325395.000000,0.000000
503000361.000000,5210.000000,36470.000000,291760.000000,41680.000000,167658835.000000,0.000000
504000011.000000,6425.000000,31063.000000,284631.000000,38767.000000,167982233.000000,1566.000000
505000009.000000,5371.000000,32392.000000,292977.000000,40355.000000,168315565.000000,0.000000
506000041.000000,5372.000000,32396.000000,292970.000000,40376.000000,168648911.000000,0.000000
507000073.000000,5369.000000,32391.000000,292975.000000,40368.000000,168982254.000000,0.000000
508000210.000000,5373.000000,32389.000000,293009.000000,40370.000000,169315633.000000,0.000000
509000041.000000,5371.000000,32379.000000,292935.000000,40342.000000,169648910.000000,0.000000
510000073.000000,5304.000000,32666.000000,292431.000000,40912.000000,169982253.000000,0.000000
511000681.000000,5024.000000,35462.000000,290361.000000,43176.000000,170315790.000000,0.000000
512000137.000000,4880.000000,36760.000000,288904.000000,44248.000000,170648942.000000,0.000000
513000265.000000,4884.000000,36796.000000,289104.000000,44272.000000,170982318.000000,0.000000
514000585.000000,4884.000000,36796.000000,289152.000000,44288.000000,171315758.000000,0.000000
515000425.000000,4882.000000,36774.000000,289016.000000,44264.000000,171649038.000000,0.000000
516000005.000000,4882.000000,36770.000000,288933.000000,44260.000000,171982231.000000,0.000000
517000009.000000,4882.000000,36786.000000,289075.000000,44260.000000,172315566.000000,0.000000
518000329.000000,4884.000000,36796.000000,289152.000000,44288.000000,172649006.000000,0.000000
519000169.000000,4882.000000,36774.000000,289016.000000,44264.000000,172982286.000000,0.000000
520000489.000000,4884.000000,36796.000000,289152.000000,44288.000000,173315726.000000,0.000000
521000334.000000,4882.000000,36774.000000,289016.000000,44264.000000,173649006.000000,0.000000
522000073.000000,4882.000000,36782.000000,288992.000000,44256.000000,173982254.000000,0.000000
523000009.000000,4883.000000,36781.000000,289039.000000,44272.000000,174315565.000000,0.000000
524000233.000000,4883.000000,36789.000000,289129.000000,44280.000000,174648974.000000,0.000000
525000078.000000,4882.000000,36774.000000,289016.000000,44264.000000,174982254.000000,0.000000
526000014.000000,4884.000000,36796.000000,289040.000000,44272.000000,175315566.000000,0.000000
527000041.000000,4882.000000,36774.000000,289080.000000,44264.000000,175648910.000000,0.000000
528000073.000000,4883.000000,36789.000000,289063.000000,44280.000000,175982253.000000,0.000000
529000201.000000,4883.000000,36781.000000,289105.000000,44272.000000,176315630.000000,0.000000
530000713.000000,4886.000000,36810.000000,289216.000000,44288.000000,176649134.000000,0.000000
531000169.000000,4880.000000,36760.000000,288904.000000,44248.000000,176982286.000000,0.000000
532000009.000000,4883.000000,36789.000000,288999.000000,44280.000000,177315565.000000,0.000000
533000041.000000,4882.000000,36774.000000,289080.000000,44264.000000,177648909.000000,0.000000
534000457.000000,4885.000000,36803.000000,289193.000000,44280.000000,177982382.000000,0.000000
535000009.000000,4881.000000,36767.000000,288927.000000,44256.000000,178315565.000000,0.000000
536000617.000000,4885.000000,36803.000000,289241.000000,44296.000000,178649102.000000,0.000000
537000073.000000,4880.000000,36760.000000,288904.000000,44248.000000,178982254.000000,0.000000
538000201.000000,4884.000000,36796.000000,289104.000000,44272.000000,179315630.000000,0.000000
539000521.000000,4884.000000,36796.000000,289152.000000,44288.000000,179649070.000000,0.000000
540000361.000000,4882.000000,36774.000000,289016.000000,44264.000000,179982350.000000,0.000000
541000014.000000,4883.000000,36773.000000,288952.000000,44264.000000,180315566.000000,0.000000
542000041.000000,4882.000000,36790.000000,289079.000000,44264.000000,180648909.000000,0.000000
543000265.000000,4883.000000,36789.000000,289129.000000,44280.000000,180982318.000000,0.000000
544000105.000000,4882.000000,36774.000000,289016.000000,44264.000000,181315598.000000,0.000000
545000425.000000,4884.000000,36796.000000,289152.000000,44288.000000,181649038.000000,0.000000
546000270.000000,4882.000000,36774.000000,289016.000000,44264.000000,181982318.000000,0.000000
547000009.000000,4882.000000,36782.000000,288992.000000,44256.000000,182315566.000000,0.000000
548000233.000000,4884.000000,36788.000000,289128.000000,44280.000000,182648974.000000,0.000000
549000169.000000,4882.000000,36782.000000,289040.000000,44272.000000,182982286.000000,0.000000
550000014.000000,4882.000000,36774.000000,289016.000000,44264.000000,183315566.000000,0.000000
551000041.000000,4885.000000,36803.000000,289063.000000,44280.000000,183648909.000000,0.000000
552000073.000000,4882.000000,36774.000000,289080.000000,44264.000000,183982253.000000,0.000000
553000009.000000,4882.000000,36782.000000,289040.000000,44272.000000,184315565.000000,0.000000
554000075.000000,6894.000000,34744.000000,286079.000000,44318.000000,184645962.000000,2010.000000
555000105.000000,5665.000000,30945.000000,279433.000000,37124.000000,184962519.000000,1107.000000
556000137.000000,5300.000000,34642.000000,292402.000000,40942.000000,185295863.000000,0.000000
557000078.000000,5289.000000,34933.000000,292272.000000,41040.000000,185629175.000000,0.000000
558000393.000000,5188.000000,34220.000000,291608.000000,41832.000000,185962615.000000,0.000000
559000046.000000,5302.000000,34899.000000,292312.000000,40904.000000,186295831.000000,0.000000
560000073.000000,5282.000000,34793.000000,292263.000000,41080.000000,186629174.000000,0.000000
561000297.000000,5119.000000,35402.000000,291025.000000,42384.000000,186962583.000000,0.000000
562000142.000000,4882.000000,36774.000000,289016.000000,44264.000000,187295863.000000,0.000000
563000078.000000,4884.000000,36796.000000,289040.000000,44272.000000,187629175.000000,0.000000
564000105.000000,4882.000000,36774.000000,289080.000000,44264.000000,187962519.000000,0.000000
565000041.000000,4882.000000,36782.000000,289040.000000,44272.000000,188295831.000000,0.000000
566000265.000000,4884.000000,36788.000000,289128.000000,44280.000000,188629239.000000,0.000000
567000014.000000,4884.000000,36796.000000,288976.000000,44272.000000,188962487.000000,0.000000
568000233.000000,4882.000000,36774.000000,289144.000000,44264.000000,189295895.000000,0.000000
569000073.000000,4883.000000,36789.000000,288999.000000,44280.000000,189629174.000000,0.000000
570000009.000000,4881.000000,36767.000000,289057.000000,44256.000000,189962487.000000,0.000000
571000521.000000,4886.000000,36810.000000,289216.000000,44288.000000,190295991.000000,0.000000
572000073.000000,4881.000000,36767.000000,288927.000000,44256.000000,190629174.000000,0.000000
573000681.000000,4885.000000,36803.000000,289241.000000,44296.000000,190962711.000000,0.000000
574000137.000000,4880.000000,36760.000000,288904.000000,44248.000000,191295863.000000,0.000000
575000265.000000,4884.000000,36796.000000,289104.000000,44272.000000,191629239.000000,0.000000
576000585.000000,4884.000000,36796.000000,289152.000000,44288.000000,191962679.000000,0.000000
577000425.000000,4882.000000,36774.000000,289016.000000,44264.000000,192295959.000000,0.000000
578000018.000000,4882.000000,36772.000000,288935.000000,44262.000000,192629156.000000,0.000000
579000009.000000,4882.000000,36784.000000,289073.000000,44258.000000,192962487.000000,0.000000
580000329.000000,4884.000000,36796.000000,289152.000000,44288.000000,193295927.000000,0.000000
581000169.000000,4882.000000,36774.000000,289016.000000,44264.000000,193629207.000000,0.000000
582000489.000000,4884.000000,36796.000000,289152.000000,44288.000000,193962647.000000,0.000000
583000334.000000,4882.000000,36774.000000,289016.000000,44264.000000,194295927.000000,0.000000
584000073.000000,4882.000000,36782.000000,288992.000000,44256.000000,194629175.000000,0.000000
585000009.000000,4883.000000,36781.000000,289039.000000,44272.000000,194962486.000000,0.000000
586000233.000000,4883.000000,36789.000000,289129.000000,44280.000000,195295895.000000,0.000000
587000078.000000,4882.000000,36774.000000,289016.000000,44264.000000,195629175.000000,0.000000
588000014.000000,4884.000000,36796.000000,289040.000000,44272.000000,195962487.000000,0.000000
589000041.000000,4882.000000,36774.000000,289080.000000,44264.000000,196295831.000000,0.000000
590000073.000000,4883.000000,36789.000000,289063.000000,44280.000000,196629174.000000,0.000000
591000201.000000,4883.000000,36781.000000,289105.000000,44272.000000,196962551.000000,0.000000
592000713.000000,4886.000000,36810.000000,289216.000000,44288.000000,197296055.000000,0.000000
593000169.000000,4880.000000,36760.000000,288904.000000,44248.000000,197629207.000000,0.000000
594000009.000000,4883.000000,36789.000000,288999.000000,44280.000000,197962486.000000,0.000000
595000041.000000,4882.000000,36774.000000,289080.000000,44264.000000,198295830.000000,0.000000
596000457.000000,4885.000000,36803.000000,289193.000000,44280.000000,198629303.000000,0.000000
597000009.000000,4881.000000,36767.000000,288927.000000,44256.000000,198962486.000000,0.000000
598000617.000000,4885.000000,36803.000000,289241.000000,44296.000000,199296023.000000,0.000000
599000073.000000,4880.000000,36760.000000,288904.000000,44248.000000,199629175.000000,0.000000
600000201.000000,4884.000000,36796.000000,289104.000000,44272.000000,199962551.000000,0.000000
601000521.000000,4884.000000,36796.000000,289152.000000,44288.000000,200295991.000000,0.000000
602000361.000000,4882.000000,36774.000000,289016.000000,44264.000000,200629271.000000,0.000000
603000014.000000,4883.000000,36773.000000,288952.000000,44264.000000,200962487.000000,0.000000
604000041.000000,4882.000000,36790.000000,289079.000000,44264.000000,201295830.000000,0.000000
605000037.000000,10366.000000,23575.000000,257806.000000,35974.000000,201589610.000000,6201.000000
606000357.000000,5132.000000,35045.000000,291161.000000,42280.000000,201923051.000000,15.000000
607000197.000000,5044.000000,33877.000000,290312.000000,42968.000000,202256331.000000,0.000000
608000709.000000,5049.000000,33878.000000,290519.000000,42984.000000,202589834.000000,0.000000
609000261.000000,5044.000000,33887.000000,290241.000000,42944.000000,202923019.000000,0.000000
610000101.000000,5044.000000,33895.000000,290312.000000,42968.000000,203256299.000000,0.000000
611000037.000000,5045.000000,33912.000000,290335.000000,42976.000000,203589610.000000,0.000000
612000453.000000,5048.000000,33887.000000,290496.000000,42976.000000,203923082.000000,0.000000
613000005.000000,5044.000000,33907.000000,290241.000000,42944.000000,204256267.000000,0.000000
614000042.000000,5047.000000,33904.000000,290360.000000,42984.000000,204589611.000000,0.000000
615000261.000000,5046.000000,33915.000000,290424.000000,42984.000000,204923019.000000,0.000000
616000197.000000,5044.000000,33873.000000,290359.000000,42952.000000,205256330.000000,0.000000
617000037.000000,5048.000000,33924.000000,290312.000000,42968.000000,205589610.000000,0.000000
618000165.000000,5045.000000,33902.000000,290401.000000,42976.000000,205922987.000000,0.000000
619000005.000000,5044.000000,33898.000000,290312.000000,42968.000000,206256267.000000,0.000000
620000042.000000,5045.000000,33886.000000,290384.000000,42960.000000,206589611.000000,0.000000
621000069.000000,5048.000000,33915.000000,290376.000000,42968.000000,206922955.000000,0.000000
622000005.000000,5045.000000,33901.000000,290335.000000,42976.000000,207256266.000000,0.000000
623000229.000000,5045.000000,33905.000000,290433.000000,42976.000000,207589675.000000,0.000000
624000170.000000,5045.000000,33908.000000,290336.000000,42976.000000,207922987.000000,0.000000
625000293.000000,5048.000000,33888.000000,290424.000000,42952.000000,208256363.000000,0.000000
626000133.000000,5044.000000,33907.000000,290312.000000,42968.000000,208589643.000000,0.000000
627000069.000000,5045.000000,33897.000000,290335.000000,42976.000000,208922954.000000,0.000000
628000389.000000,5045.000000,33910.000000,290465.000000,42976.000000,209256395.000000,0.000000
629000037.000000,5047.000000,33888.000000,290272.000000,42944.000000,209589611.000000,0.000000
630000453.000000,5046.000000,33915.000000,290488.000000,42984.000000,209923083.000000,0.000000
631000293.000000,5044.000000,33895.000000,290312.000000,42968.000000,210256363.000000,0.000000
632000133.000000,5044.000000,33900.000000,290312.000000,42968.000000,210589643.000000,0.000000
633000645.000000,5049.000000,33904.000000,290519.000000,42984.000000,210923146.000000,0.000000
634000197.000000,5044.000000,33897.000000,290241.000000,42944.000000,211256331.000000,0.000000
635000037.000000,5044.000000,33895.000000,290312.000000,42968.000000,211589611.000000,0.000000
636000019.000000,5046.000000,33909.000000,290344.000000,42983.000000,211922938.000000,0.000000
637000389.000000,5047.000000,33898.000000,290487.000000,42969.000000,212256394.000000,0.000000
638000037.000000,5045.000000,33895.000000,290264.000000,42952.000000,212589610.000000,0.000000
639000069.000000,5047.000000,33918.000000,290360.000000,42984.000000,212922954.000000,0.000000
640000197.000000,5045.000000,33898.000000,290401.000000,42976.000000,213256331.000000,0.000000
641000133.000000,5044.000000,33886.000000,290359.000000,42952.000000,213589642.000000,0.000000
642000261.000000,5049.000000,33917.000000,290401.000000,42976.000000,213923019.000000,0.000000
643000101.000000,5044.000000,33900.000000,290312.000000,42968.000000,214256299.000000,0.000000
644000037.000000,5045.000000,33902.000000,290335.000000,42976.000000,214589610.000000,0.000000
645000074.000000,5045.000000,33891.000000,290385.000000,42960.000000,214922955.000000,0.000000
646000005.000000,5047.000000,33907.000000,290352.000000,42960.000000,215256267.000000,0.000000
647000037.000000,5042.000000,33862.000000,290359.000000,42984.000000,215589610.000000,0.000000
648000453.000000,4884.000000,35492.000000,289185.000000,44288.000000,215923083.000000,0.000000
649000010.000000,4882.000000,35478.000000,288912.000000,44272.000000,216256267.000000,0.000000
650000517.000000,4884.000000,35500.000000,289232.000000,44272.000000,216589771.000000,0.000000
651000074.000000,4883.000000,35469.000000,288920.000000,44264.000000,216922955.000000,0.000000
652000197.000000,4881.000000,35471.000000,289112.000000,44264.000000,217256331.000000,0.000000
653000037.000000,4913.000000,35255.000000,289248.000000,44032.000000,217589611.000000,0.000000
654000261.000000,5167.000000,33661.000000,291408.000000,42000.000000,217923019.000000,0.000000
655000005.000000,5140.000000,33891.000000,291033.000000,42216.000000,218256268.000000,0.000000
656000082.000000,14727.000000,15152.000000,259839.000000,32241.000000,218548348.000000,10788.000000
657000033.000000,6482.000000,27388.000000,258249.000000,36212.000000,218842809.000000,1503.000000
658000161.000000,5323.000000,32623.000000,292623.000000,40752.000000,219176184.000000,0.000000
659000102.000000,5369.000000,32410.000000,292944.000000,40368.000000,219509496.000000,0.000000
660000038.000000,5205.000000,33981.000000,291608.000000,41704.000000,219842808.000000,0.000000
661000065.000000,4882.000000,36774.000000,289080.000000,44264.000000,220176152.000000,0.000000
662000001.000000,4882.000000,36782.000000,289040.000000,44272.000000,220509464.000000,0.000000
663000225.000000,4884.000000,36788.000000,289128.000000,44280.000000,220842872.000000,0.000000
664000015.000000,4885.000000,36802.000000,288984.000000,44279.000000,221176135.000000,0.000000
665000193.000000,4881.000000,36768.000000,289136.000000,44257.000000,221509528.000000,0.000000
666000033.000000,4883.000000,36789.000000,288999.000000,44280.000000,221842807.000000,0.000000
667000065.000000,4882.000000,36774.000000,289080.000000,44264.000000,222176151.000000,0.000000
668000481.000000,4885.000000,36803.000000,289193.000000,44280.000000,222509624.000000,0.000000
669000033.000000,4881.000000,36767.000000,288927.000000,44256.000000,222842807.000000,0.000000
670000641.000000,4885.000000,36803.000000,289241.000000,44296.000000,223176344.000000,0.000000
671000097.000000,4880.000000,36760.000000,288904.000000,44248.000000,223509496.000000,0.000000
672000225.000000,4884.000000,36796.000000,289104.000000,44272.000000,223842872.000000,0.000000
673000545.000000,4884.000000,36796.000000,289152.000000,44288.000000,224176312.000000,0.000000
674000385.000000,4882.000000,36774.000000,289016.000000,44264.000000,224509592.000000,0.000000
675000038.000000,4883.000000,36773.000000,288952.000000,44264.000000,224842808.000000,0.000000
676000065.000000,4882.000000,36790.000000,289079.000000,44264.000000,225176151.000000,0.000000
677000289.000000,4883.000000,36789.000000,289129.000000,44280.000000,225509560.000000,0.000000
678000129.000000,4882.000000,36774.000000,289016.000000,44264.000000,225842840.000000,0.000000
679000449.000000,4884.000000,36796.000000,289152.000000,44288.000000,226176280.000000,0.000000
680000294.000000,4882.000000,36774.000000,289016.000000,44264.000000,226509560.000000,0.000000
681000033.000000,4882.000000,36782.000000,288992.000000,44256.000000,226842808.000000,0.000000
682000257.000000,4884.000000,36788.000000,289128.000000,44280.000000,227176216.000000,0.000000
683000193.000000,4882.000000,36782.000000,289040.000000,44272.000000,227509528.000000,0.000000
684000038.000000,4882.000000,36774.000000,289016.000000,44264.000000,227842808.000000,0.000000
685000065.000000,4885.000000,36803.000000,289063.000000,44280.000000,228176151.000000,0.000000
686000001.000000,4881.000000,36767.000000,289057.000000,44256.000000,228509464.000000,0.000000
687000033.000000,4883.000000,36789.000000,289063.000000,44280.000000,228842807.000000,0.000000
688000161.000000,4883.000000,36781.000000,289105.000000,44272.000000,229176184.000000,0.000000
689000673.000000,4886.000000,36810.000000,289216.000000,44288.000000,229509688.000000,0.000000
690000129.000000,4880.000000,36760.000000,288904.000000,44248.000000,229842840.000000,0.000000
691000070.000000,4884.000000,36796.000000,289024.000000,44288.000000,230176152.000000,0.000000
692000001.000000,4881.000000,36767.000000,289055.000000,44256.000000,230509463.000000,0.000000
693000417.000000,4885.000000,36803.000000,289193.000000,44280.000000,230842936.000000,0.000000
694000070.000000,4883.000000,36773.000000,288952.000000,44264.000000,231176152.000000,0.000000
695000577.000000,4883.000000,36797.000000,289216.000000,44288.000000,231509656.000000,0.000000
696000033.000000,4880.000000,36760.000000,288904.000000,44248.000000,231842808.000000,0.000000
697000161.000000,4884.000000,36796.000000,289104.000000,44272.000000,232176184.000000,0.000000
698000481.000000,4884.000000,36796.000000,289152.000000,44288.000000,232509624.000000,0.000000
699000321.000000,4882.000000,36774.000000,289016.000000,44264.000000,232842904.000000,0.000000
700000641.000000,4884.000000,36796.000000,289152.000000,44288.000000,233176344.000000,0.000000
701000001.000000,4881.000000,36767.000000,288879.000000,44240.000000,233509463.000000,0.000000
702000225.000000,4883.000000,36789.000000,289129.000000,44280.000000,233842872.000000,0.000000
703000065.000000,4882.000000,36774.000000,289016.000000,44264.000000,234176152.000000,0.000000
704000385.000000,4884.000000,36796.000000,289152.000000,44288.000000,234509592.000000,0.000000
705000230.000000,4882.000000,36774.000000,289016.000000,44264.000000,234842872.000000,0.000000
706000065.000000,4883.000000,36789.000000,289015.000000,44264.000000,235176151.000000,0.000000
707000005.000000,16160.000000,25362.000000,273093.000000,44273.000000,235493517.000000,11474.000000
708000025.000000,12664.000000,6496.000000,244710.000000,21384.000000,235759611.000000,9831.000000
709000064.000000,7318.000000,24680.000000,222435.000000,33407.000000,236015453.000000,2753.000000
710000192.000000,5241.000000,33497.000000,291952.000000,41424.000000,236348829.000000,0.000000
711000128.000000,5124.000000,35037.000000,290984.000000,42328.000000,236682141.000000,0.000000
712000256.000000,5180.000000,33797.000000,291464.000000,41912.000000,237015517.000000,0.000000
713000005.000000,5302.000000,32997.000000,292336.000000,40912.000000,237348765.000000,0.000000
714000032.000000,5189.000000,34450.000000,291528.000000,41816.000000,237682109.000000,0.000000
715000544.000000,5286.000000,33351.000000,292432.000000,41072.000000,238015613.000000,0.000000
716000005.000000,5305.000000,33130.000000,292288.000000,40864.000000,238348765.000000,0.000000
717000416.000000,5189.000000,34604.000000,291624.000000,41848.000000,238682237.000000,0.000000
718000544.000000,5224.000000,33391.000000,291832.000000,41544.000000,239015613.000000,0.000000
719000198.000000,5289.000000,33060.000000,292209.000000,41009.000000,239348831.000000,0.000000
720000037.000000,5307.000000,33176.000000,292407.000000,40871.000000,239682109.000000,0.000000
721000064.000000,5284.000000,33200.000000,292279.000000,41064.000000,240015452.000000,0.000000
722000042.000000,5310.000000,33057.000000,292480.000000,40847.000000,240348779.000000,0.000000
723000128.000000,5311.000000,32974.000000,292521.000000,40841.000000,240682141.000000,0.000000
724000068.000000,5196.000000,33572.000000,291529.000000,41784.000000,241015454.000000,0.000000
725000096.000000,5315.000000,33189.000000,292550.000000,40792.000000,241348796.000000,0.000000
726000512.000000,5312.000000,33191.000000,292608.000000,40864.000000,241682268.000000,0.000000
727000448.000000,5341.000000,32975.000000,292713.000000,40600.000000,242015581.000000,0.000000
728000384.000000,5342.000000,32907.000000,292720.000000,40592.000000,242348893.000000,0.000000
729000320.000000,5115.000000,34513.000000,290890.000000,42422.000000,242682205.000000,0.000000
730000261.000000,5059.000000,35114.000000,290456.000000,42856.000000,243015517.000000,0.000000
731000096.000000,4883.000000,36789.000000,289015.000000,44264.000000,243348796.000000,0.000000
732000224.000000,4883.000000,36781.000000,289105.000000,44272.000000,243682173.000000,0.000000
733000160.000000,4882.000000,36782.000000,289040.000000,44272.000000,244015485.000000,0.000000
734000005.000000,4882.000000,36774.000000,289016.000000,44264.000000,244348765.000000,0.000000
735000032.000000,4885.000000,36803.000000,289063.000000,44280.000000,244682108.000000,0.000000
736000064.000000,4882.000000,36774.000000,289080.000000,44264.000000,245015452.000000,0.000000
737000101.000000,4883.000000,36789.000000,289065.000000,44280.000000,245348797.000000,0.000000
738000128.000000,4882.000000,36774.000000,289080.000000,44264.000000,245682141.000000,0.000000
739000640.000000,4886.000000,36810.000000,289216.000000,44288.000000,246015645.000000,0.000000
740000096.000000,4880.000000,36760.000000,288904.000000,44248.000000,246348797.000000,0.000000
741000037.000000,4884.000000,36796.000000,289024.000000,44288.000000,246682109.000000,0.000000
742000256.000000,4882.000000,36774.000000,289144.000000,44264.000000,247015517.000000,0.000000
743000384.000000,4884.000000,36796.000000,289104.000000,44272.000000,247348893.000000,0.000000
744000037.000000,4883.000000,36773.000000,288952.000000,44264.000000,247682109.000000,0.000000
745000544.000000,4883.000000,36797.000000,289216.000000,44288.000000,248015613.000000,0.000000
746000096.000000,4881.000000,36767.000000,288927.000000,44256.000000,248348796.000000,0.000000
747000128.000000,4883.000000,36789.000000,289081.000000,44264.000000,248682141.000000,0.000000
748000448.000000,4884.000000,36796.000000,289152.000000,44288.000000,249015581.000000,0.000000
749000288.000000,4882.000000,36774.000000,289016.000000,44264.000000,249348861.000000,0.000000
750000608.000000,4884.000000,36796.000000,289152.000000,44288.000000,249682301.000000,0.000000
751000453.000000,4882.000000,36774.000000,289016.000000,44264.000000,250015581.000000,0.000000
752000192.000000,4882.000000,36782.000000,288992.000000,44256.000000,250348829.000000,0.000000
753000032.000000,4882.000000,36774.000000,289016.000000,44264.000000,250682109.000000,0.000000
754000352.000000,4884.000000,36796.000000,289152.000000,44288.000000,251015549.000000,0.000000
755000197.000000,4882.000000,36774.000000,289016.000000,44264.000000,251348829.000000,0.000000
756000032.000000,4883.000000,36789.000000,289015.000000,44264.000000,251682108.000000,0.000000
757000160.000000,4883.000000,36781.000000,289105.000000,44272.000000,252015485.000000,0.000000
758000096.000000,4882.000000,36782.000000,289040.000000,44272.000000,252348797.000000,0.000000
759000021.000000,8594.000000,34592.000000,286174.000000,45928.000000,252680899.000000,3415.000000
760000053.000000,28421.000000,4519.000000,243859.000000,35472.000000,252960230.000000,25209.000000
761000145.000000,15687.000000,19376.000000,284450.000000,46231.000000,253290911.000000,7788.000000
762000081.000000,9401.000000,302.000000,239895.000000,10093.000000,253540899.000000,7612.000000
763000432.000000,8428.000000,22718.000000,166901.000000,32947.000000,253740747.000000,3422.000000
764000085.000000,5306.000000,33508.000000,292329.000000,40887.000000,254073963.000000,0.000000
765000304.000000,5385.000000,33626.000000,293160.000000,40248.000000,254407371.000000,0.000000
766000240.000000,5535.000000,32233.000000,294248.000000,39064.000000,254740683.000000,0.000000
767000176.000000,5531.000000,32229.000000,294248.000000,39064.000000,255073995.000000,0.000000
768000400.000000,5536.000000,32224.000000,294344.000000,39064.000000,255407403.000000,0.000000
769000048.000000,5532.000000,32212.000000,294168.000000,39048.000000,255740619.000000,0.000000
770000080.000000,5536.000000,32240.000000,294271.000000,39072.000000,256073962.000000,0.000000
771000016.000000,5532.000000,32228.000000,294248.000000,39064.000000,256407274.000000,0.000000
772000144.000000,5534.000000,32218.000000,294321.000000,39056.000000,256740651.000000,0.000000
773000560.000000,5537.000000,32231.000000,294400.000000,39072.000000,257074123.000000,0.000000
774000304.000000,5533.000000,32235.000000,294184.000000,39064.000000,257407371.000000,0.000000
775000144.000000,5532.000000,32220.000000,294224.000000,39056.000000,257740651.000000,0.000000
776000030.000000,5534.000000,32225.000000,294232.000000,39063.000000,258073946.000000,0.000000
777000304.000000,5535.000000,32218.000000,294368.000000,39057.000000,258407371.000000,0.000000
778000048.000000,5533.000000,32235.000000,294184.000000,39064.000000,258740619.000000,0.000000
779000085.000000,5535.000000,32233.000000,294272.000000,39072.000000,259073963.000000,0.000000
780000016.000000,5532.000000,32212.000000,294264.000000,39048.000000,259407275.000000,0.000000
781000048.000000,5534.000000,32218.000000,294288.000000,39056.000000,259740619.000000,0.000000
782000272.000000,5535.000000,32241.000000,294336.000000,39072.000000,260074027.000000,0.000000
783000208.000000,5534.000000,32234.000000,294240.000000,39072.000000,260407339.000000,0.000000
784000624.000000,5534.000000,32242.000000,294392.000000,39080.000000,260740811.000000,0.000000
785000080.000000,5534.000000,32202.000000,294111.000000,39040.000000,261073962.000000,0.000000
786000016.000000,5532.000000,32220.000000,294265.000000,39048.000000,261407275.000000,0.000000
787000144.000000,5536.000000,32240.000000,294297.000000,39080.000000,261740652.000000,0.000000
788000368.000000,5532.000000,32236.000000,294335.000000,39072.000000,262074059.000000,0.000000
789000592.000000,5536.000000,32224.000000,294344.000000,39064.000000,262407467.000000,0.000000
790000240.000000,5532.000000,32212.000000,294168.000000,39048.000000,262740683.000000,0.000000
791000176.000000,5535.000000,32233.000000,294248.000000,39064.000000,263073995.000000,0.000000
792000112.000000,5531.000000,32229.000000,294248.000000,39064.000000,263407307.000000,0.000000
793000336.000000,5536.000000,32224.000000,294344.000000,39064.000000,263740715.000000,0.000000
794000008.000000,5533.000000,32215.000000,294172.000000,39052.000000,264073939.000000,0.000000
795000016.000000,5535.000000,32237.000000,294267.000000,39068.000000,264407274.000000,0.000000
796000336.000000,5534.000000,32234.000000,294369.000000,39072.000000,264740715.000000,0.000000
797000080.000000,5532.000000,32212.000000,294200.000000,39048.000000,265073963.000000,0.000000
798000496.000000,5537.000000,32231.000000,294400.000000,39072.000000,265407435.000000,0.000000
799000240.000000,5533.000000,32235.000000,294184.000000,39064.000000,265740683.000000,0.000000
800000080.000000,5532.000000,32220.000000,294224.000000,39056.000000,266073963.000000,0.000000
801000208.000000,5535.000000,32225.000000,294312.000000,39064.000000,266407339.000000,0.000000
802000240.000000,5534.000000,32218.000000,294288.000000,39056.000000,266740683.000000,0.000000
803000008.000000,5534.000000,32238.000000,294188.000000,39068.000000,267073939.000000,0.000000
804000021.000000,5534.000000,32230.000000,294268.000000,39068.000000,267407275.000000,0.000000
805000048.000000,5533.000000,32219.000000,294287.000000,39056.000000,267740618.000000,0.000000
806000080.000000,5534.000000,32218.000000,294288.000000,39056.000000,268073962.000000,0.000000
807000208.000000,5534.000000,32234.000000,294313.000000,39064.000000,268407339.000000,0.000000
808000144.000000,5534.000000,32234.000000,294240.000000,39072.000000,268740651.000000,0.000000
809000560.000000,5534.000000,32242.000000,294392.000000,39080.000000,269074123.000000,0.000000
810000016.000000,5534.000000,32202.000000,294111.000000,39040.000000,269407274.000000,0.000000
811000048.000000,5533.000000,32227.000000,294288.000000,39056.000000,269740618.000000,0.000000
812000080.000000,5535.000000,32233.000000,294274.000000,39072.000000,270073964.000000,0.000000
813000304.000000,5532.000000,32236.000000,294335.000000,39072.000000,270407371.000000,0.000000
814000043.000000,37930.000000,14976.000000,262743.000000,57524.000000,270727638.000000,32063.000000
815000100.000000,18889.000000,2263.000000,240453.000000,23713.000000,270991804.000000,16728.000000
816000119.000000,18809.000000,26605.000000,267081.000000,53879.000000,271312764.000000,12359.000000
817000055.000000,8689.000000,245.000000,239880.000000,10104.000000,271562748.000000,6885.000000
818000119.000000,8892.000000,270.000000,239940.000000,10079.000000,271812767.000000,7038.000000
819000055.000000,8668.000000,303.000000,239907.000000,10077.000000,272062751.000000,6814.000000
820000079.000000,8663.000000,307.000000,239902.000000,10095.000000,272312748.000000,6847.000000
821000288.000000,8284.000000,35455.000000,100463.000000,46592.000000,272459803.000000,1148.000000
822000086.000000,5434.000000,35118.000000,270139.000000,43271.000000,272773213.000000,17.000000
823000310.000000,5303.000000,33867.000000,292472.000000,40936.000000,273106621.000000,0.000000
824000172.000000,5464.000000,31649.000000,293676.000000,39611.000000,273439908.000000,0.000000
825000086.000000,5500.000000,31182.000000,293982.000000,39323.000000,273773213.000000,0.000000
826000118.000000,5457.000000,31546.000000,293664.000000,39680.000000,274106557.000000,0.000000
827000095.000000,5326.000000,32135.000000,292568.000000,40757.000000,274439882.000000,0.000000
828000278.000000,5414.000000,31772.000000,293384.000000,40010.000000,274773276.000000,0.000000
829000118.000000,5408.000000,31716.000000,293225.000000,40056.000000,275106557.000000,0.000000
830000246.000000,5338.000000,32221.000000,292728.000000,40648.000000,275439933.000000,0.000000
831000470.000000,5400.000000,32011.000000,293264.000000,40144.000000,275773341.000000,0.000000
832000022.000000,5348.000000,32506.000000,292672.000000,40512.000000,276106525.000000,0.000000
833000054.000000,5509.000000,31125.000000,294080.000000,39264.000000,276439869.000000,0.000000
834000182.000000,5384.000000,31307.000000,293097.000000,40280.000000,276773246.000000,0.000000
835000022.000000,5277.000000,32074.000000,292174.000000,41104.000000,277106524.000000,0.000000
836000054.000000,5353.000000,32123.000000,292826.000000,40520.000000,277439870.000000,0.000000
837000086.000000,5457.000000,31776.000000,293676.000000,39667.000000,277773213.000000,0.000000
838000502.000000,5439.000000,31727.000000,293609.000000,39863.000000,278106685.000000,0.000000
839000054.000000,5368.000000,32132.000000,292817.000000,40367.000000,278439869.000000,0.000000
840000086.000000,5330.000000,32491.000000,292631.000000,40712.000000,278773212.000000,0.000000
841000118.000000,5355.000000,32224.000000,292865.000000,40480.000000,279106557.000000,0.000000
842000059.000000,5392.000000,31930.000000,293096.000000,40216.000000,279439869.000000,0.000000
843000086.000000,5388.000000,31882.000000,293128.000000,40216.000000,279773213.000000,0.000000
844000022.000000,5119.000000,34442.000000,290952.000000,42360.000000,280106525.000000,0.000000
845000150.000000,4884.000000,36796.000000,289104.000000,44272.000000,280439901.000000,0.000000
846000470.000000,4884.000000,36796.000000,289152.000000,44288.000000,280773341.000000,0.000000
847000310.000000,4882.000000,36774.000000,289016.000000,44264.000000,281106621.000000,0.000000
848000630.000000,4884.000000,36796.000000,289152.000000,44288.000000,281440061.000000,0.000000
849000475.000000,4882.000000,36774.000000,289016.000000,44264.000000,281773341.000000,0.000000
850000214.000000,4882.000000,36782.000000,288992.000000,44256.000000,282106589.000000,0.000000
851000054.000000,4882.000000,36774.000000,289016.000000,44264.000000,282439869.000000,0.000000
852000374.000000,4884.000000,36796.000000,289152.000000,44288.000000,282773309.000000,0.000000
853000219.000000,4882.000000,36774.000000,289016.000000,44264.000000,283106589.000000,0.000000
854000054.000000,4883.000000,36789.000000,289015.000000,44264.000000,283439868.000000,0.000000
855000182.000000,4883.000000,36781.000000,289105.000000,44272.000000,283773245.000000,0.000000
856000118.000000,4882.000000,36782.000000,289040.000000,44272.000000,284106557.000000,0.000000
857000054.000000,4883.000000,36781.000000,289039.000000,44272.000000,284439868.000000,0.000000
858000091.000000,4885.000000,36803.000000,289065.000000,44280.000000,284773213.000000,0.000000
859000022.000000,4881.000000,36767.000000,289055.000000,44256.000000,285106524.000000,0.000000
860000059.000000,4883.000000,36789.000000,289065.000000,44280.000000,285439869.000000,0.000000
861000086.000000,4882.000000,36774.000000,289080.000000,44264.000000,285773213.000000,0.000000
862000598.000000,4886.000000,36810.000000,289216.000000,44288.000000,286106717.000000,0.000000
863000054.000000,4880.000000,36760.000000,288904.000000,44248.000000,286439869.000000,0.000000
864000036.000000,4885.000000,36802.000000,289032.000000,44295.000000,286773196.000000,0.000000
865000214.000000,4881.000000,36768.000000,289136.000000,44257.000000,287106589.000000,0.000000
866000342.000000,4884.000000,36796.000000,289104.000000,44272.000000,287439965.000000,0.000000
867000662.000000,4884.000000,36796.000000,289152.000000,44288.000000,287773405.000000,0.000000
868000502.000000,4882.000000,36774.000000,289016.000000,44264.000000,288106685.000000,0.000000
869000054.000000,4881.000000,36767.000000,288927.000000,44256.000000,288439868.000000,0.000000
870000086.000000,4883.000000,36789.000000,289081.000000,44264.000000,288773213.000000,0.000000
871000406.000000,4884.000000,36796.000000,289152.000000,44288.000000,289106653.000000,0.000000
872000021.000000,30438.000000,21384.000000,268340.000000,56267.000000,289431260.000000,24846.000000
873000053.000000,43934.000000,9070.000000,250950.000000,60445.000000,289742655.000000,38665.000000
874000004.000000,20489.000000,2646.000000,240135.000000,24003.000000,290006793.000000,18339.000000
875000008.000000,20006.000000,2645.000000,240150.000000,24002.000000,290270945.000000,17756.000000
876000012.000000,19044.000000,2654.000000,240144.000000,24008.000000,290535097.000000,17027.000000
877000093.000000,17604.000000,55517.000000,289229.000000,87591.000000,290911917.000000,7627.000000
878000029.000000,9550.000000,290.000000,239905.000000,10081.000000,291161903.000000,7720.000000
879000093.000000,9363.000000,274.000000,239924.000000,10093.000000,291411920.000000,7553.000000
880000029.000000,9364.000000,303.000000,239897.000000,10086.000000,291661903.000000,7558.000000
881000093.000000,9373.000000,294.000000,239928.000000,10089.000000,291911920.000000,7567.000000
882000029.000000,9185.000000,281.000000,239909.000000,10076.000000,292161905.000000,7405.000000
883000053.000000,9009.000000,322.000000,239915.000000,10085.000000,292411905.000000,7177.000000
884000029.000000,8680.000000,280.000000,239945.000000,10058.000000,292661908.000000,6854.000000
885000093.000000,8685.000000,284.000000,239935.000000,10081.000000,292911924.000000,6916.000000
886000390.000000,8361.000000,33346.000000,108487.000000,44405.000000,293064816.000000,1455.000000
887000110.000000,8071.000000,40367.000000,81738.000000,51558.000000,293198112.000000,0.000000
888000028.000000,5643.000000,34311.000000,264114.000000,42687.000000,293504913.000000,17.000000
889000156.000000,5349.000000,33404.000000,292833.000000,40544.000000,293838290.000000,0.000000
890000001.000000,5255.000000,34104.000000,291976.000000,41304.000000,294171570.000000,0.000000
891000028.000000,5200.000000,35030.000000,291615.000000,41728.000000,294504913.000000,0.000000
892000060.000000,5239.000000,34348.000000,291937.000000,41408.000000,294838258.000000,0.000000
893000188.000000,5251.000000,34145.000000,292040.000000,41336.000000,295171634.000000,0.000000
894000220.000000,5297.000000,34279.000000,292384.000000,40960.000000,295504978.000000,0.000000
895000252.000000,5265.000000,35463.000000,292120.000000,41224.000000,295838322.000000,0.000000
896000476.000000,5295.000000,34548.000000,292416.000000,40992.000000,296171730.000000,0.000000
897000124.000000,5326.000000,34330.000000,292521.000000,40696.000000,296504947.000000,0.000000
898000060.000000,5239.000000,34504.000000,291903.000000,41408.000000,296838258.000000,0.000000
899000380.000000,5304.000000,33624.000000,292512.000000,40928.000000,297171698.000000,0.000000
900000028.000000,5216.000000,34959.000000,291631.000000,41584.000000,297504913.000000,0.000000
901000636.000000,5267.000000,34811.000000,292297.000000,41240.000000,297838450.000000,0.000000
902000188.000000,5219.000000,35823.000000,291640.000000,41544.000000,298171634.000000,0.000000
903000508.000000,5293.000000,33578.000000,292424.000000,41016.000000,298505074.000000,0.000000
904000252.000000,5261.000000,35517.000000,292024.000000,41224.000000,298838322.000000,0.000000
905000380.000000,5285.000000,34860.000000,292311.000000,41064.000000,299171697.000000,0.000000
906000028.000000,5205.000000,35633.000000,291553.000000,41664.000000,299504914.000000,0.000000
907000252.000000,5339.000000,33269.000000,292768.000000,40640.000000,299838322.000000,0.000000
908000284.000000,5349.000000,33828.000000,292784.000000,40560.000000,300171666.000000,0.000000
909000124.000000,5302.000000,34301.000000,292392.000000,40888.000000,300504946.000000,0.000000
910000010.000000,5433.000000,31567.000000,293408.000000,39887.000000,300838241.000000,0.000000
911000284.000000,5392.000000,32347.000000,293216.000000,40209.000000,301171666.000000,0.000000
912000028.000000,5421.000000,31643.000000,293303.000000,39944.000000,301504913.000000,0.000000
913000252.000000,5428.000000,31867.000000,293475.000000,39934.000000,301838322.000000,0.000000
914000188.000000,5380.000000,32203.000000,293032.000000,40280.000000,302171634.000000,0.000000
915000220.000000,5414.000000,32280.000000,293312.000000,40032.000000,302504978.000000,0.000000
916000348.000000,5453.000000,31644.000000,293648.000000,39728.000000,302838354.000000,0.000000
917000002.000000,5486.000000,31227.000000,293809.000000,39409.000000,303171572.000000,0.000000
918000220.000000,5480.000000,31336.000000,293903.000000,39503.000000,303504978.000000,0.000000
919000252.000000,5326.000000,31565.000000,292609.000000,40735.000000,303838322.000000,0.000000
920000092.000000,5471.000000,31634.000000,293704.000000,39575.000000,304171601.000000,0.000000
921000220.000000,5454.000000,31594.000000,293681.000000,39696.000000,304504978.000000,0.000000
922000060.000000,5502.000000,30984.000000,293959.000000,39320.000000,304838257.000000,0.000000
923000032.000000,5513.000000,31000.000000,294103.000000,39222.000000,305171582.000000,0.000000
924000220.000000,5217.000000,34695.000000,291779.000000,41617.000000,305504978.000000,0.000000
925000065.000000,5161.000000,34097.000000,291232.000000,42048.000000,305838258.000000,0.000000
926000092.000000,4882.000000,36790.000000,289079.000000,44264.000000,306171601.000000,0.000000
927000316.000000,4883.000000,36789.000000,289129.000000,44280.000000,306505010.000000,0.000000
928000156.000000,4882.000000,36774.000000,289016.000000,44264.000000,306838290.000000,0.000000
929000476.000000,4884.000000,36796.000000,289152.000000,44288.000000,307171730.000000,0.000000
930000321.000000,4882.000000,36774.000000,289016.000000,44264.000000,307505010.000000,0.000000
931000060.000000,4882.000000,36782.000000,288992.000000,44256.000000,307838258.000000,0.000000
932000284.000000,4884.000000,36788.000000,289128.000000,44280.000000,308171666.000000,0.000000
933000220.000000,4882.000000,36782.000000,289040.000000,44272.000000,308504978.000000,0.000000
934000065.000000,4882.000000,36774.000000,289016.000000,44264.000000,308838258.000000,0.000000
935000001.000000,4884.000000,36796.000000,289040.000000,44272.000000,309171570.000000,0.000000
936000028.000000,4882.000000,36774.000000,289080.000000,44264.000000,309504914.000000,0.000000
937000060.000000,4883.000000,36789.000000,289063.000000,44280.000000,309838257.000000,0.000000
938000017.000000,29065.000000,22516.000000,269591.000000,55632.000000,310163480.000000,23431.000000
939000005.000000,47639.000000,10027.000000,252472.000000,65706.000000,310481658.000000,41969.000000
940000037.000000,48895.000000,9631.000000,252835.000000,65357.000000,310799850.000000,43134.000000
941000031.000000,29585.000000,4915.000000,244693.000000,38322.000000,311082865.000000,26122.000000
942000035.000000,20394.000000,2386.000000,240324.000000,23828.000000,311347017.000000,18155.000000
943000039.000000,19659.000000,2378.000000,240320.000000,23832.000000,311611169.000000,17429.000000
944000043.000000,19292.000000,2387.000000,240316.000000,23836.000000,311875321.000000,17044.000000
945000047.000000,20535.000000,2381.000000,240328.000000,23824.000000,312139473.000000,18304.000000
946000051.000000,20092.000000,2385.000000,240318.000000,23834.000000,312403625.000000,17814.000000
947000055.000000,19095.000000,2384.000000,240322.000000,23830.000000,312667777.000000,16917.000000
948000026.000000,20817.000000,77594.000000,309176.000000,121041.000000,313097994.000000,5199.000000
949000038.000000,10663.000000,9228.000000,248065.000000,22545.000000,313368604.000000,7038.000000
950000102.000000,9341.000000,313.000000,239930.000000,10087.000000,313618621.000000,7542.000000
951000038.000000,9401.000000,278.000000,239921.000000,10063.000000,313868605.000000,7602.000000
952000086.000000,9372.000000,327.000000,239897.000000,10113.000000,314118615.000000,7568.000000
953000022.000000,9176.000000,311.000000,239889.000000,10095.000000,314368599.000000,7392.000000
954000062.000000,9102.000000,286.000000,239933.000000,10073.000000,314618605.000000,7299.000000
955000038.000000,8778.000000,309.000000,239912.000000,10091.000000,314868608.000000,6987.000000
956000102.000000,8678.000000,261.000000,239967.000000,10052.000000,315118627.000000,6849.000000
957000038.000000,9317.000000,284.000000,239920.000000,10064.000000,315368611.000000,7498.000000
958000102.000000,9496.000000,281.000000,239959.000000,10057.000000,315618627.000000,7689.000000
959000038.000000,9343.000000,289.000000,239881.000000,10103.000000,315868611.000000,7540.000000
960000086.000000,9382.000000,325.000000,239888.000000,10120.000000,316118619.000000,7570.000000
961000038.000000,9313.000000,330.000000,239878.000000,10118.000000,316368615.000000,7540.000000
962000062.000000,9085.000000,319.000000,239875.000000,10122.000000,316618612.000000,7313.000000
963000166.000000,8908.000000,289.000000,239943.000000,10091.000000,316868646.000000,7126.000000
964000102.000000,8660.000000,320.000000,239869.000000,10115.000000,317118630.000000,6842.000000
965000120.000000,8721.000000,5823.000000,217831.000000,15867.000000,317352328.000000,6221.000000
966000020.000000,8223.000000,39148.000000,82662.000000,50658.000000,317485648.000000,0.000000
967000100.000000,8287.000000,39067.000000,83064.000000,50280.000000,317618992.000000,0.000000
968000001.000000,8202.000000,39250.000000,82542.000000,50779.000000,317752313.000000,0.000000
969000350.000000,7744.000000,37516.000000,127216.000000,47874.000000,317927403.000000,15.000000
970000190.000000,5296.000000,33950.000000,292328.000000,40952.000000,318260683.000000,0.000000
971000126.000000,5138.000000,34609.000000,291088.000000,42224.000000,318593995.000000,0.000000
972000062.000000,4883.000000,36781.000000,289039.000000,44272.000000,318927306.000000,0.000000
973000099.000000,4885.000000,36803.000000,289065.000000,44280.000000,319260651.000000,0.000000
974000030.000000,4881.000000,36767.000000,289055.000000,44256.000000,319593962.000000,0.000000
975000067.000000,4883.000000,36789.000000,289065.000000,44280.000000,319927307.000000,0.000000
976000094.000000,4882.000000,36774.000000,289080.000000,44264.000000,320260651.000000,0.000000
977000606.000000,4886.000000,36810.000000,289216.000000,44288.000000,320594155.000000,0.000000
978000062.000000,4880.000000,36760.000000,288904.000000,44248.000000,320927307.000000,0.000000
979000003.000000,4884.000000,36796.000000,289024.000000,44288.000000,321260619.000000,0.000000
980000222.000000,4882.000000,36774.000000,289144.000000,44264.000000,321594027.000000,0.000000
981000350.000000,4884.000000,36796.000000,289104.000000,44272.000000,321927403.000000,0.000000
982000003.000000,4883.000000,36773.000000,288952.000000,44264.000000,322260619.000000,0.000000
983000510.000000,4883.000000,36797.000000,289216.000000,44288.000000,322594123.000000,0.000000
984000062.000000,4881.000000,36767.000000,288927.000000,44256.000000,322927306.000000,0.000000
985000094.000000,4883.000000,36789.000000,289081.000000,44264.000000,323260651.000000,0.000000
986000414.000000,4884.000000,36796.000000,289152.000000,44288.000000,323594091.000000,0.000000
987000254.000000,4882.000000,36774.000000,289016.000000,44264.000000,323927371.000000,0.000000
988000574.000000,4884.000000,36796.000000,289152.000000,44288.000000,324260811.000000,0.000000
989000419.000000,4882.000000,36774.000000,289016.000000,44264.000000,324594091.000000,0.000000
990000158.000000,4882.000000,36782.000000,288992.000000,44256.000000,324927339.000000,0.000000
991000094.000000,4883.000000,36781.000000,289039.000000,44272.000000,325260650.000000,0.000000
992000318.000000,4883.000000,36789.000000,289129.000000,44280.000000,325594059.000000,0.000000
993000163.000000,4882.000000,36774.000000,289016.000000,44264.000000,325927339.000000,0.000000
994000099.000000,4884.000000,36796.000000,289040.000000,44272.000000,326260651.000000,0.000000
995000126.000000,4882.000000,36774.000000,289080.000000,44264.000000,326593995.000000,0.000000
996000062.000000,4882.000000,36782.000000,289040.000000,44272.000000,326927307.000000,0.000000
997000286.000000,4884.000000,36788.000000,289128.000000,44280.000000,327260715.000000,0.000000
998000035.000000,4884.000000,36796.000000,288976.000000,44272.000000,327593963.000000,0.000000
999000254.000000,4882.000000,36774.000000,289144.000000,44264.000000,327927371.000000,0.000000
