Instruction,pfIssued,pfInCache,overallMisses,overallHits,overallAccesses,unusedPrefetches
1001262.000000,1007.000000,2912.000000,365573.000000,4561.000000,370134.000000,51.000000
2001281.000000,950.000000,2739.000000,364516.000000,4199.000000,738849.000000,6.000000
3001157.000000,954.000000,2797.000000,364370.000000,4231.000000,1107450.000000,3.000000
4002904.000000,966.000000,2748.000000,365164.000000,4134.000000,1476748.000000,8.000000
5004516.000000,955.000000,2726.000000,365114.000000,4138.000000,1846000.000000,2.000000
6001026.000000,953.000000,2837.000000,363182.000000,4204.000000,2213386.000000,5.000000
7000933.000000,940.000000,2832.000000,364870.000000,4258.000000,2582514.000000,1.000000
8000154.000000,922.000000,2545.000000,360292.000000,4006.000000,2946812.000000,5.000000
9003077.000000,906.000000,2529.000000,360463.000000,4008.000000,3311283.000000,5.000000
10000334.000000,887.000000,2622.000000,358297.000000,4081.000000,3673661.000000,2.000000
11001985.000000,661.000000,1352.000000,356569.000000,2278.000000,4032508.000000,36.000000
12002046.000000,378.000000,95.000000,353987.000000,494.000000,4386989.000000,214.000000
13001459.000000,231.000000,53.000000,354173.000000,314.000000,4741476.000000,117.000000
14000633.000000,210.000000,82.000000,354006.000000,313.000000,5095795.000000,81.000000
15002903.000000,228.000000,79.000000,355452.000000,319.000000,5451566.000000,90.000000
16003948.000000,266.000000,70.000000,359041.000000,344.000000,5810951.000000,97.000000
17012459.000000,216.000000,61.000000,357321.000000,294.000000,6168566.000000,98.000000
18009191.000000,210.000000,83.000000,353232.000000,307.000000,6522105.000000,86.000000
19002394.000000,242.000000,63.000000,351865.000000,327.000000,6874297.000000,94.000000
20001468.000000,246.000000,55.000000,358678.000000,311.000000,7233286.000000,96.000000
21003577.000000,337.000000,84.000000,353589.000000,438.000000,7587313.000000,166.000000
22004113.000000,311.000000,83.000000,353700.000000,417.000000,7941430.000000,177.000000
23001118.000000,267.000000,82.000000,351386.000000,359.000000,8293175.000000,156.000000
24000839.000000,345.000000,90.000000,352330.000000,453.000000,8645958.000000,159.000000
25004267.000000,338.000000,110.000000,353460.000000,464.000000,8999882.000000,200.000000
26000663.000000,344.000000,75.000000,351051.000000,445.000000,9351378.000000,192.000000
27003759.000000,302.000000,76.000000,353410.000000,390.000000,9705178.000000,174.000000
28005624.000000,262.000000,61.000000,353676.000000,335.000000,10059189.000000,121.000000
29002373.000000,300.000000,69.000000,351749.000000,375.000000,10411313.000000,148.000000
30000761.000000,314.000000,75.000000,352879.000000,421.000000,10764613.000000,179.000000
31002727.000000,387.000000,76.000000,351948.000000,491.000000,11117052.000000,206.000000
32000958.000000,398.000000,62.000000,352737.000000,476.000000,11470265.000000,233.000000
33003139.000000,431.000000,69.000000,353264.000000,512.000000,11824041.000000,283.000000
34001066.000000,370.000000,70.000000,352810.000000,454.000000,12177305.000000,236.000000
35000100.000000,215.000000,60.000000,354056.000000,285.000000,12531646.000000,121.000000
36004128.000000,225.000000,72.000000,355346.000000,303.000000,12887295.000000,86.000000
37001014.000000,215.000000,74.000000,354005.000000,310.000000,13241610.000000,92.000000
38002307.000000,253.000000,81.000000,353055.000000,357.000000,13595022.000000,93.000000
39004455.000000,210.000000,74.000000,354942.000000,298.000000,13950262.000000,96.000000
40003755.000000,209.000000,76.000000,354025.000000,288.000000,14304575.000000,78.000000
41002056.000000,232.000000,75.000000,353934.000000,320.000000,14658829.000000,89.000000
42003000.000000,222.000000,55.000000,348637.000000,294.000000,15007760.000000,85.000000
43001050.000000,275.000000,61.000000,353181.000000,372.000000,15361313.000000,119.000000
44002623.000000,315.000000,68.000000,354487.000000,395.000000,15716195.000000,156.000000
45006168.000000,299.000000,76.000000,355364.000000,394.000000,16071953.000000,146.000000
46000923.000000,298.000000,67.000000,351079.000000,377.000000,16423409.000000,157.000000
47006352.000000,293.000000,86.000000,354646.000000,398.000000,16778453.000000,157.000000
48000703.000000,337.000000,77.000000,352659.000000,431.000000,17131543.000000,182.000000
49004051.000000,331.000000,81.000000,357687.000000,425.000000,17489655.000000,191.000000
50000335.000000,281.000000,75.000000,353717.000000,364.000000,17843736.000000,146.000000
51003460.000000,353.000000,92.000000,356328.000000,458.000000,18200522.000000,192.000000
52016114.000000,337.000000,52.000000,359994.000000,405.000000,18560921.000000,204.000000
53009531.000000,333.000000,74.000000,352436.000000,434.000000,18913791.000000,177.000000
54000147.000000,313.000000,82.000000,351948.000000,416.000000,19266155.000000,185.000000
55002811.000000,255.000000,70.000000,356286.000000,345.000000,19622786.000000,121.000000
56001809.000000,316.000000,102.000000,355435.000000,438.000000,19978659.000000,153.000000
57000146.000000,296.000000,84.000000,354967.000000,399.000000,20334025.000000,153.000000
58003559.000000,377.000000,86.000000,350222.000000,482.000000,20684729.000000,211.000000
59001820.000000,356.000000,75.000000,350207.000000,444.000000,21035380.000000,190.000000
60000163.000000,399.000000,75.000000,352583.000000,490.000000,21388453.000000,241.000000
61000572.000000,365.000000,78.000000,351561.000000,472.000000,21740486.000000,225.000000
62001555.000000,412.000000,83.000000,352550.000000,522.000000,22093558.000000,248.000000
63004727.000000,384.000000,85.000000,349638.000000,494.000000,22443690.000000,243.000000
64005063.000000,303.000000,78.000000,352348.000000,408.000000,22796446.000000,183.000000
65002581.000000,324.000000,64.000000,352983.000000,405.000000,23149834.000000,176.000000
66005589.000000,345.000000,72.000000,353795.000000,435.000000,23504064.000000,201.000000
67000039.000000,292.000000,64.000000,353441.000000,377.000000,23857882.000000,162.000000
68001432.000000,349.000000,64.000000,354977.000000,435.000000,24213294.000000,176.000000
69001352.000000,262.000000,55.000000,354240.000000,337.000000,24567871.000000,143.000000
70000633.000000,205.000000,52.000000,354038.000000,284.000000,24922193.000000,90.000000
71007190.000000,230.000000,56.000000,356559.000000,318.000000,25279070.000000,79.000000
72002039.000000,217.000000,50.000000,356060.000000,272.000000,25635402.000000,88.000000
73005518.000000,274.000000,66.000000,356661.000000,366.000000,25992429.000000,115.000000
74009109.000000,208.000000,87.000000,355540.000000,309.000000,26348278.000000,89.000000
75004367.000000,239.000000,50.000000,352622.000000,294.000000,26701194.000000,87.000000
76008405.000000,206.000000,88.000000,358105.000000,304.000000,27059603.000000,89.000000
77004870.000000,315.000000,77.000000,355272.000000,399.000000,27415274.000000,125.000000
78000750.000000,335.000000,88.000000,354005.000000,434.000000,27769713.000000,204.000000
79003773.000000,309.000000,79.000000,356993.000000,398.000000,28127104.000000,186.000000
80002040.000000,314.000000,70.000000,354353.000000,395.000000,28481852.000000,151.000000
81001658.000000,332.000000,91.000000,355355.000000,446.000000,28837653.000000,193.000000
82001267.000000,345.000000,64.000000,354601.000000,435.000000,29192689.000000,185.000000
83006517.000000,334.000000,71.000000,357200.000000,425.000000,29550314.000000,196.000000
84001827.000000,248.000000,56.000000,353821.000000,322.000000,29904457.000000,146.000000
85001242.000000,297.000000,49.000000,354767.000000,365.000000,30259589.000000,136.000000
86003618.000000,314.000000,80.000000,356852.000000,416.000000,30616857.000000,153.000000
87001255.000000,408.000000,69.000000,353382.000000,505.000000,30970744.000000,223.000000
88001821.000000,376.000000,75.000000,351806.000000,473.000000,31323023.000000,255.000000
89000597.000000,276.000000,51.000000,352238.000000,344.000000,31675605.000000,155.000000
90002055.000000,238.000000,52.000000,350090.000000,303.000000,32025998.000000,112.000000
91006399.000000,377.000000,63.000000,354118.000000,448.000000,32380564.000000,196.000000
92008311.000000,269.000000,77.000000,350486.000000,366.000000,32731416.000000,145.000000
93001486.000000,316.000000,83.000000,349742.000000,421.000000,33081579.000000,155.000000
94004272.000000,301.000000,73.000000,354190.000000,384.000000,33436153.000000,161.000000
95010168.000000,269.000000,69.000000,353380.000000,356.000000,33789889.000000,131.000000
96000786.000000,317.000000,92.000000,348120.000000,419.000000,34138428.000000,167.000000
97000377.000000,369.000000,67.000000,350525.000000,464.000000,34489417.000000,184.000000
98001128.000000,362.000000,66.000000,352053.000000,447.000000,34841917.000000,235.000000
99000862.000000,354.000000,73.000000,351231.000000,445.000000,35193593.000000,207.000000
100000567.000000,374.000000,97.000000,353766.000000,494.000000,35547853.000000,221.000000
101001273.000000,356.000000,67.000000,354464.000000,442.000000,35902759.000000,207.000000
102005933.000000,340.000000,53.000000,353516.000000,412.000000,36256687.000000,183.000000
103003574.000000,322.000000,67.000000,345428.000000,410.000000,36602525.000000,190.000000
104000058.000000,349.000000,53.000000,350696.000000,412.000000,36953633.000000,189.000000
105000530.000000,450.000000,79.000000,353269.000000,550.000000,37307452.000000,251.000000
106002005.000000,404.000000,67.000000,352585.000000,490.000000,37660527.000000,277.000000
107000854.000000,334.000000,78.000000,350499.000000,444.000000,38011470.000000,205.000000
108000977.000000,303.000000,64.000000,351418.000000,385.000000,38363273.000000,176.000000
109011124.000000,389.000000,79.000000,355245.000000,496.000000,38719014.000000,214.000000
110000920.000000,326.000000,59.000000,347116.000000,414.000000,39066544.000000,190.000000
111002856.000000,398.000000,67.000000,350703.000000,486.000000,39417733.000000,231.000000
112009162.000000,239.000000,72.000000,354050.000000,332.000000,39772115.000000,160.000000
113005012.000000,245.000000,74.000000,349373.000000,330.000000,40121818.000000,96.000000
114003400.000000,332.000000,65.000000,351804.000000,432.000000,40474054.000000,152.000000
115012318.000000,302.000000,78.000000,357328.000000,394.000000,40831776.000000,168.000000
116001097.000000,381.000000,80.000000,344516.000000,482.000000,41176774.000000,236.000000
117001206.000000,377.000000,94.000000,351974.000000,489.000000,41529237.000000,206.000000
118001921.000000,424.000000,90.000000,353062.000000,538.000000,41882837.000000,274.000000
119006421.000000,413.000000,78.000000,354527.000000,523.000000,42237887.000000,280.000000
120001378.000000,437.000000,65.000000,350658.000000,539.000000,42589084.000000,266.000000
121000557.000000,491.000000,71.000000,350201.000000,586.000000,42939871.000000,329.000000
122009376.000000,305.000000,62.000000,352932.000000,393.000000,43293196.000000,207.000000
123000888.000000,276.000000,67.000000,349412.000000,365.000000,43642973.000000,137.000000
124001234.000000,307.000000,90.000000,350062.000000,414.000000,43993449.000000,149.000000
125001199.000000,327.000000,62.000000,350388.000000,395.000000,44344232.000000,192.000000
126002358.000000,290.000000,52.000000,352374.000000,365.000000,44696971.000000,141.000000
127001437.000000,381.000000,69.000000,351061.000000,483.000000,45048515.000000,217.000000
128004188.000000,309.000000,78.000000,351625.000000,398.000000,45400538.000000,188.000000
129001984.000000,252.000000,77.000000,347961.000000,342.000000,45748841.000000,123.000000
130002174.000000,307.000000,65.000000,350055.000000,394.000000,46099290.000000,138.000000
131001624.000000,336.000000,79.000000,353697.000000,439.000000,46453426.000000,199.000000
132001504.000000,346.000000,86.000000,348123.000000,474.000000,46802023.000000,174.000000
133006862.000000,314.000000,71.000000,354209.000000,403.000000,47156635.000000,183.000000
134002053.000000,312.000000,64.000000,352080.000000,392.000000,47509107.000000,171.000000
135002121.000000,378.000000,64.000000,353719.000000,480.000000,47863306.000000,204.000000
136003646.000000,348.000000,86.000000,348455.000000,455.000000,48212216.000000,222.000000
137003787.000000,266.000000,72.000000,350304.000000,351.000000,48562871.000000,141.000000
138004257.000000,255.000000,77.000000,352216.000000,346.000000,48915433.000000,126.000000
139005642.000000,255.000000,55.000000,350620.000000,324.000000,49266377.000000,105.000000
140000144.000000,260.000000,55.000000,351586.000000,325.000000,49618288.000000,123.000000
141002096.000000,272.000000,62.000000,347302.000000,352.000000,49965942.000000,120.000000
142000269.000000,283.000000,62.000000,351120.000000,355.000000,50317417.000000,137.000000
143003083.000000,426.000000,70.000000,352046.000000,524.000000,50669987.000000,242.000000
144004734.000000,357.000000,66.000000,353213.000000,439.000000,51023639.000000,230.000000
145000247.000000,354.000000,79.000000,350873.000000,457.000000,51374969.000000,200.000000
146001285.000000,308.000000,70.000000,351775.000000,395.000000,51727139.000000,186.000000
147001260.000000,347.000000,77.000000,349593.000000,450.000000,52077182.000000,189.000000
148000883.000000,271.000000,83.000000,348963.000000,373.000000,52426518.000000,147.000000
149004814.000000,293.000000,62.000000,351077.000000,373.000000,52777968.000000,137.000000
150005410.000000,270.000000,69.000000,351135.000000,353.000000,53129456.000000,136.000000
151003275.000000,254.000000,79.000000,350652.000000,349.000000,53480457.000000,118.000000
152003945.000000,341.000000,51.000000,354150.000000,421.000000,53835028.000000,174.000000
153004425.000000,362.000000,70.000000,353348.000000,443.000000,54188819.000000,184.000000
154001288.000000,303.000000,62.000000,351922.000000,378.000000,54541119.000000,190.000000
155001486.000000,373.000000,76.000000,351084.000000,471.000000,54892674.000000,200.000000
156001118.000000,317.000000,62.000000,353374.000000,394.000000,55246442.000000,197.000000
157003393.000000,318.000000,75.000000,350972.000000,428.000000,55597842.000000,174.000000
158001155.000000,519.000000,84.000000,350257.000000,635.000000,55948734.000000,305.000000
159002652.000000,456.000000,83.000000,352476.000000,560.000000,56301770.000000,337.000000
160006737.000000,306.000000,69.000000,352226.000000,393.000000,56654389.000000,183.000000
161013415.000000,376.000000,83.000000,354732.000000,489.000000,57009610.000000,224.000000
162000740.000000,277.000000,77.000000,346984.000000,374.000000,57356968.000000,159.000000
163003896.000000,244.000000,57.000000,348163.000000,319.000000,57705450.000000,115.000000
164001289.000000,273.000000,87.000000,342074.000000,366.000000,58047890.000000,127.000000
165000195.000000,290.000000,69.000000,345339.000000,386.000000,58393615.000000,134.000000
166000464.000000,293.000000,60.000000,350880.000000,377.000000,58744872.000000,150.000000
167000168.000000,363.000000,75.000000,347546.000000,452.000000,59092870.000000,204.000000
168002116.000000,237.000000,88.000000,349038.000000,346.000000,59442254.000000,142.000000
169002933.000000,259.000000,54.000000,350332.000000,345.000000,59792931.000000,107.000000
170004326.000000,214.000000,70.000000,341939.000000,297.000000,60135167.000000,110.000000
171005812.000000,298.000000,80.000000,349856.000000,401.000000,60485424.000000,116.000000
172004305.000000,320.000000,72.000000,350607.000000,421.000000,60836452.000000,193.000000
173002039.000000,234.000000,65.000000,352069.000000,314.000000,61188835.000000,118.000000
174000642.000000,277.000000,58.000000,347780.000000,350.000000,61536965.000000,114.000000
175000474.000000,320.000000,78.000000,352050.000000,418.000000,61889433.000000,170.000000
176001863.000000,375.000000,85.000000,353398.000000,482.000000,62243313.000000,201.000000
177001730.000000,369.000000,65.000000,350479.000000,462.000000,62594254.000000,218.000000
178011232.000000,332.000000,88.000000,352488.000000,456.000000,62947198.000000,233.000000
179004492.000000,335.000000,65.000000,347822.000000,429.000000,63295449.000000,154.000000
180006662.000000,245.000000,71.000000,349835.000000,335.000000,63645619.000000,143.000000
181003547.000000,261.000000,60.000000,349596.000000,327.000000,63995542.000000,118.000000
182017109.000000,272.000000,65.000000,358915.000000,348.000000,64354805.000000,120.000000
183000642.000000,245.000000,53.000000,348514.000000,313.000000,64703632.000000,116.000000
184005947.000000,319.000000,65.000000,351511.000000,399.000000,65055542.000000,140.000000
185004432.000000,284.000000,72.000000,347469.000000,372.000000,65403383.000000,158.000000
186013863.000000,315.000000,66.000000,351508.000000,400.000000,65755291.000000,146.000000
187002147.000000,307.000000,55.000000,347158.000000,380.000000,66102829.000000,164.000000
188000586.000000,264.000000,58.000000,351935.000000,335.000000,66455099.000000,148.000000
189000008.000000,359.000000,64.000000,352033.000000,448.000000,66807580.000000,171.000000
190000879.000000,294.000000,71.000000,354102.000000,381.000000,67162063.000000,186.000000
191004180.000000,278.000000,65.000000,352161.000000,365.000000,67514589.000000,134.000000
192002435.000000,286.000000,70.000000,351311.000000,372.000000,67866272.000000,128.000000
193003233.000000,319.000000,56.000000,352609.000000,392.000000,68219273.000000,164.000000
194008174.000000,313.000000,79.000000,352715.000000,410.000000,68572398.000000,161.000000
195000790.000000,278.000000,79.000000,346389.000000,372.000000,68919159.000000,146.000000
196003644.000000,247.000000,91.000000,352818.000000,353.000000,69272330.000000,124.000000
197001711.000000,250.000000,76.000000,350972.000000,337.000000,69623639.000000,99.000000
198004897.000000,235.000000,56.000000,351868.000000,313.000000,69975820.000000,102.000000
199003068.000000,328.000000,88.000000,349754.000000,446.000000,70326020.000000,159.000000
200001353.000000,245.000000,76.000000,351188.000000,330.000000,70677538.000000,130.000000
201005169.000000,232.000000,79.000000,354996.000000,330.000000,71032864.000000,95.000000
202004253.000000,278.000000,55.000000,353344.000000,340.000000,71386548.000000,106.000000
203002136.000000,311.000000,80.000000,350121.000000,407.000000,71737076.000000,158.000000
204003617.000000,356.000000,65.000000,350684.000000,440.000000,72088200.000000,186.000000
205001257.000000,324.000000,72.000000,353512.000000,419.000000,72442131.000000,193.000000
206000041.000000,10742.000000,4774.000000,297128.000000,34959.000000,72774218.000000,431.000000
207002145.000000,34474.000000,63847.000000,274605.000000,128086.000000,73176909.000000,2563.000000
208000002.000000,58103.000000,6366.000000,179142.000000,186248.000000,73542299.000000,56493.000000
209003025.000000,55686.000000,7446.000000,188049.000000,182482.000000,73912830.000000,52666.000000
210000037.000000,47457.000000,26627.000000,209377.000000,161356.000000,74283563.000000,36700.000000
211000006.000000,51634.000000,10614.000000,200197.000000,174878.000000,74658638.000000,44794.000000
212000029.000000,45249.000000,28382.000000,223909.000000,155198.000000,75037745.000000,32431.000000
213000747.000000,52919.000000,12816.000000,209923.000000,178810.000000,75426478.000000,48783.000000
214000008.000000,46928.000000,22104.000000,215609.000000,165437.000000,75807524.000000,42835.000000
215003183.000000,42839.000000,35270.000000,240464.000000,151935.000000,76199923.000000,33002.000000
216001618.000000,50060.000000,19733.000000,230816.000000,171632.000000,76602371.000000,48571.000000
217000031.000000,50480.000000,21156.000000,227291.000000,175215.000000,77004877.000000,48394.000000
218000009.000000,45719.000000,34191.000000,240943.000000,158058.000000,77403878.000000,36919.000000
219000002.000000,52356.000000,20046.000000,225005.000000,179941.000000,77808824.000000,51185.000000
220000010.000000,46983.000000,30033.000000,245058.000000,164165.000000,78218047.000000,40134.000000
221000014.000000,49984.000000,24117.000000,243330.000000,170746.000000,78632123.000000,46198.000000
222000044.000000,50315.000000,21083.000000,241112.000000,173887.000000,79047122.000000,48733.000000
223000007.000000,46156.000000,36154.000000,250322.000000,160745.000000,79458189.000000,37045.000000
224003667.000000,52103.000000,21799.000000,242789.000000,180598.000000,79881576.000000,50938.000000
225000572.000000,52812.000000,21547.000000,244534.000000,181676.000000,80307786.000000,51344.000000
226004056.000000,48582.000000,36016.000000,251086.000000,165230.000000,80724102.000000,39741.000000
227000006.000000,52917.000000,21426.000000,246353.000000,179186.000000,81149641.000000,51500.000000
228000025.000000,53008.000000,20492.000000,255391.000000,180787.000000,81585819.000000,51562.000000
229000007.000000,47952.000000,38681.000000,256740.000000,163180.000000,82005739.000000,39424.000000
230000002.000000,50748.000000,25354.000000,262732.000000,173765.000000,82442236.000000,49325.000000
231000018.000000,50975.000000,26690.000000,258604.000000,173657.000000,82874497.000000,48354.000000
232000035.000000,47158.000000,37829.000000,256747.000000,161335.000000,83292579.000000,38166.000000
233000020.000000,51949.000000,27706.000000,257473.000000,175651.000000,83725703.000000,50164.000000
234001630.000000,49657.000000,25701.000000,260755.000000,172422.000000,84158880.000000,47012.000000
235000009.000000,47714.000000,39571.000000,260809.000000,162383.000000,84582072.000000,38982.000000
236000019.000000,51710.000000,28073.000000,258991.000000,175346.000000,85016409.000000,50065.000000
237000014.000000,51829.000000,23842.000000,257293.000000,174851.000000,85448553.000000,49813.000000
238003052.000000,48346.000000,37196.000000,257669.000000,165153.000000,85871375.000000,39872.000000
239000017.000000,51263.000000,22869.000000,252920.000000,179595.000000,86303890.000000,50131.000000
240000015.000000,50350.000000,28433.000000,257221.000000,172246.000000,86733357.000000,46177.000000
241000029.000000,47927.000000,27642.000000,260092.000000,163818.000000,87157267.000000,41662.000000
242000007.000000,51494.000000,20211.000000,262279.000000,174412.000000,87593958.000000,49944.000000
243000076.000000,48489.000000,35282.000000,260779.000000,164031.000000,88018768.000000,40695.000000
244000406.000000,52375.000000,22687.000000,258318.000000,178243.000000,88455329.000000,49975.000000
245000001.000000,53061.000000,20979.000000,256853.000000,179737.000000,88891919.000000,51414.000000
246002033.000000,50667.000000,36490.000000,256329.000000,168846.000000,89317094.000000,41925.000000
247000002.000000,53387.000000,21039.000000,264464.000000,177909.000000,89759467.000000,51860.000000
248000020.000000,52905.000000,22539.000000,263511.000000,180937.000000,90203915.000000,51358.000000
249000003.000000,49878.000000,41956.000000,270307.000000,166333.000000,90640555.000000,40950.000000
250000010.000000,52010.000000,23965.000000,266043.000000,178845.000000,91085443.000000,50378.000000
251000008.000000,53179.000000,30791.000000,275718.000000,175285.000000,91536446.000000,50899.000000
252000009.000000,50376.000000,40691.000000,269885.000000,167020.000000,91973351.000000,41657.000000
253002522.000000,52674.000000,28603.000000,271648.000000,178631.000000,92423630.000000,51318.000000
254000031.000000,52812.000000,28959.000000,267030.000000,180677.000000,92871337.000000,50507.000000
255000263.000000,50748.000000,42847.000000,265527.000000,170044.000000,93306908.000000,41789.000000
256000014.000000,52478.000000,28508.000000,266789.000000,179135.000000,93752832.000000,50824.000000
257000051.000000,53378.000000,27502.000000,273089.000000,179734.000000,94205655.000000,51805.000000
258000006.000000,51941.000000,43068.000000,265914.000000,172773.000000,94644342.000000,43455.000000
259000004.000000,53786.000000,26952.000000,272936.000000,181365.000000,95098643.000000,52360.000000
260002982.000000,54372.000000,27350.000000,277232.000000,182679.000000,95558554.000000,52536.000000
261000005.000000,51928.000000,40699.000000,261946.000000,174908.000000,95995408.000000,43471.000000
262001118.000000,54412.000000,30903.000000,273502.000000,180960.000000,96449870.000000,52366.000000
263000018.000000,53410.000000,27939.000000,283296.000000,177420.000000,96910586.000000,51416.000000
264000033.000000,50269.000000,33748.000000,276499.000000,170674.000000,97357759.000000,44260.000000
265000004.000000,54473.000000,37322.000000,277230.000000,179216.000000,97814205.000000,50023.000000
266000017.000000,53672.000000,29042.000000,275641.000000,180756.000000,98270602.000000,51277.000000
267000014.000000,53349.000000,29999.000000,278308.000000,179394.000000,98728304.000000,49907.000000
268003362.000000,52398.000000,41763.000000,277604.000000,171717.000000,99177625.000000,45577.000000
269000364.000000,53112.000000,28586.000000,279763.000000,179361.000000,99636749.000000,51169.000000
270000006.000000,52431.000000,28246.000000,288284.000000,176341.000000,100101374.000000,49636.000000
271000040.000000,53146.000000,43501.000000,270231.000000,174511.000000,100546116.000000,45569.000000
272000023.000000,53320.000000,28331.000000,280835.000000,178405.000000,101005356.000000,51148.000000
273004459.000000,52715.000000,27464.000000,291258.000000,174826.000000,101471440.000000,49648.000000
274000013.000000,54620.000000,43728.000000,266447.000000,178194.000000,101916081.000000,47004.000000
275000013.000000,54040.000000,27776.000000,283621.000000,180193.000000,102379895.000000,52422.000000
276000011.000000,53170.000000,28765.000000,287066.000000,178221.000000,102845182.000000,50226.000000
277000038.000000,54275.000000,45201.000000,268100.000000,177313.000000,103290595.000000,46554.000000
278002690.000000,52925.000000,28881.000000,288975.000000,175988.000000,103755558.000000,51200.000000
279004857.000000,51582.000000,30296.000000,292620.000000,175015.000000,104223193.000000,48655.000000
280000012.000000,53630.000000,46194.000000,269056.000000,176279.000000,104668528.000000,45896.000000
281000003.000000,53365.000000,28575.000000,290427.000000,177477.000000,105136432.000000,51538.000000
282000053.000000,52254.000000,28986.000000,287239.000000,176021.000000,105599692.000000,49168.000000
283000022.000000,53799.000000,46034.000000,274047.000000,176218.000000,106049957.000000,46511.000000
284000022.000000,53100.000000,29324.000000,288585.000000,176106.000000,106514648.000000,51252.000000
285000570.000000,55008.000000,29703.000000,282839.000000,185210.000000,106982697.000000,52720.000000
286000023.000000,51491.000000,33927.000000,284246.000000,173200.000000,107440143.000000,46327.000000
287000003.000000,55779.000000,40469.000000,277017.000000,182404.000000,107899564.000000,51805.000000
288002221.000000,53410.000000,29818.000000,287167.000000,179305.000000,108366036.000000,50642.000000
289000013.000000,51348.000000,29734.000000,291746.000000,172802.000000,108830584.000000,48207.000000
290000211.000000,54784.000000,46002.000000,272524.000000,177809.000000,109280917.000000,48264.000000
291000007.000000,52610.000000,29418.000000,288039.000000,176827.000000,109745783.000000,51162.000000
292000701.000000,52820.000000,30398.000000,289363.000000,178941.000000,110214087.000000,49748.000000
293000016.000000,57248.000000,46704.000000,262536.000000,186475.000000,110663098.000000,50716.000000
294001322.000000,54355.000000,29871.000000,287346.000000,179819.000000,111130263.000000,52067.000000
295000015.000000,53898.000000,29873.000000,287378.000000,179027.000000,111596668.000000,51311.000000
296000013.000000,56205.000000,45725.000000,270839.000000,181627.000000,112049134.000000,49801.000000
297005082.000000,53889.000000,29527.000000,290839.000000,180884.000000,112520857.000000,51883.000000
298000028.000000,54201.000000,38104.000000,278672.000000,177439.000000,112976968.000000,50202.000000
299000018.000000,54439.000000,45819.000000,267789.000000,177541.000000,113422298.000000,47378.000000
300003459.000000,53405.000000,29336.000000,287370.000000,178538.000000,113888206.000000,51364.000000
301000017.000000,52949.000000,28242.000000,285472.000000,177698.000000,114351376.000000,50281.000000
302000032.000000,56374.000000,46339.000000,270337.000000,182587.000000,114804300.000000,49672.000000
303000158.000000,53186.000000,28136.000000,286421.000000,179066.000000,115269787.000000,51164.000000
304004220.000000,52730.000000,27811.000000,282578.000000,179682.000000,115732047.000000,50200.000000
305003039.000000,56283.000000,46613.000000,271680.000000,182063.000000,116185790.000000,49567.000000
306000013.000000,53871.000000,33044.000000,290087.000000,177271.000000,116653148.000000,51460.000000
307000005.000000,53940.000000,30510.000000,286574.000000,180879.000000,117120601.000000,50897.000000
308000019.000000,55992.000000,41017.000000,278021.000000,182576.000000,117581198.000000,49821.000000
309000154.000000,56363.000000,34381.000000,281830.000000,184833.000000,118047861.000000,54181.000000
310000051.000000,52779.000000,33261.000000,295102.000000,175416.000000,118518379.000000,49725.000000
311000015.000000,52180.000000,32349.000000,297831.000000,175651.000000,118991861.000000,49360.000000
312000018.000000,56495.000000,47730.000000,276866.000000,180839.000000,119449566.000000,50715.000000
313004399.000000,52418.000000,32387.000000,299847.000000,176074.000000,119925487.000000,49594.000000
314000006.000000,54539.000000,41857.000000,289326.000000,174506.000000,120389319.000000,50618.000000
315002483.000000,57526.000000,52343.000000,272521.000000,183312.000000,120845152.000000,50904.000000
316000014.000000,52319.000000,32369.000000,291401.000000,178403.000000,121314956.000000,49412.000000
317002175.000000,52321.000000,32182.000000,292828.000000,177475.000000,121785259.000000,48832.000000
318000002.000000,57126.000000,47689.000000,268419.000000,186240.000000,122239918.000000,50588.000000
319000002.000000,52970.000000,31243.000000,292199.000000,181098.000000,122713215.000000,50318.000000
320000003.000000,53352.000000,31234.000000,288831.000000,181955.000000,123184001.000000,50642.000000
321002231.000000,57084.000000,46297.000000,277069.000000,185143.000000,123646213.000000,50914.000000
322000672.000000,52171.000000,32630.000000,290726.000000,175681.000000,124112620.000000,49410.000000
323003600.000000,52613.000000,30059.000000,295484.000000,177087.000000,124585191.000000,49267.000000
324000003.000000,55199.000000,41310.000000,278530.000000,180185.000000,125043906.000000,49280.000000
325000013.000000,53834.000000,37477.000000,288513.000000,178084.000000,125510503.000000,50197.000000
326003827.000000,50771.000000,32099.000000,295226.000000,173826.000000,125979555.000000,47335.000000
327000021.000000,52168.000000,33462.000000,293930.000000,175465.000000,126448950.000000,47966.000000
328002864.000000,57778.000000,44655.000000,281583.000000,183952.000000,126914485.000000,52428.000000
329000003.000000,52039.000000,28166.000000,297612.000000,175934.000000,127388031.000000,48956.000000
330003653.000000,52298.000000,28711.000000,302390.000000,176576.000000,127866997.000000,48951.000000
331000005.000000,58494.000000,46707.000000,272969.000000,187414.000000,128327380.000000,52280.000000
332000561.000000,55071.000000,29193.000000,294472.000000,183371.000000,128805223.000000,52386.000000
333000019.000000,55628.000000,29162.000000,299149.000000,182260.000000,129286632.000000,52831.000000
334004901.000000,59972.000000,47592.000000,281805.000000,188933.000000,129757370.000000,54475.000000
335000018.000000,53160.000000,30299.000000,302980.000000,177025.000000,130237375.000000,50260.000000
336000019.000000,52700.000000,30799.000000,302200.000000,177011.000000,130716586.000000,50022.000000
337000026.000000,58324.000000,48295.000000,279771.000000,185238.000000,131181595.000000,52864.000000
338000006.000000,52705.000000,31183.000000,307862.000000,175327.000000,131664784.000000,50209.000000
339000034.000000,52752.000000,32549.000000,310420.000000,173117.000000,132148321.000000,50017.000000
340000018.000000,56692.000000,49158.000000,280884.000000,178093.000000,132607298.000000,50722.000000
341000014.000000,51757.000000,30612.000000,312253.000000,170719.000000,133090270.000000,49016.000000
342000002.000000,52974.000000,31775.000000,306699.000000,174353.000000,133571322.000000,49931.000000
343000005.000000,52084.000000,35292.000000,300525.000000,174761.000000,134046608.000000,47341.000000
344001585.000000,57514.000000,42991.000000,295824.000000,178023.000000,134520455.000000,53836.000000
345002150.000000,52751.000000,28044.000000,311828.000000,171300.000000,135003583.000000,50068.000000
346004863.000000,52949.000000,32412.000000,311941.000000,173808.000000,135489332.000000,49954.000000
347000004.000000,57989.000000,48777.000000,284254.000000,182614.000000,135956200.000000,52673.000000
348000009.000000,52327.000000,29614.000000,306971.000000,174746.000000,136437917.000000,49621.000000
349004051.000000,52360.000000,33420.000000,315240.000000,169558.000000,136922715.000000,49201.000000
350000015.000000,58372.000000,50183.000000,281111.000000,179265.000000,137383091.000000,52280.000000
351005341.000000,50950.000000,31618.000000,313191.000000,166129.000000,137862411.000000,47811.000000
352000013.000000,51469.000000,30989.000000,309088.000000,170857.000000,138342356.000000,48466.000000
353000038.000000,58058.000000,46137.000000,288336.000000,183467.000000,138814159.000000,53010.000000
354000004.000000,53367.000000,33396.000000,304253.000000,174445.000000,139292857.000000,50026.000000
355000039.000000,49721.000000,30616.000000,308172.000000,165473.000000,139766502.000000,46811.000000
356000009.000000,51646.000000,30616.000000,312350.000000,170980.000000,140249832.000000,48762.000000
357000016.000000,59033.000000,52023.000000,287459.000000,182762.000000,140720053.000000,53554.000000
358001676.000000,53026.000000,36610.000000,310357.000000,176103.000000,141206513.000000,49982.000000
359000017.000000,53818.000000,38738.000000,305660.000000,179158.000000,141691331.000000,50684.000000
360000006.000000,60437.000000,52512.000000,286558.000000,187714.000000,142165603.000000,55011.000000
361000004.000000,52113.000000,34969.000000,314727.000000,167773.000000,142648103.000000,49303.000000
362002689.000000,52301.000000,31684.000000,315389.000000,172263.000000,143135755.000000,49640.000000
363000026.000000,55884.000000,45226.000000,297713.000000,179072.000000,143612540.000000,51113.000000
364000005.000000,55507.000000,38817.000000,301394.000000,182021.000000,144095955.000000,52054.000000
365000005.000000,51881.000000,33047.000000,310717.000000,172249.000000,144578921.000000,48919.000000
366000957.000000,51701.000000,31226.000000,316379.000000,168324.000000,145063624.000000,48849.000000
367002741.000000,60005.000000,49842.000000,288739.000000,185990.000000,145538353.000000,54885.000000
368000040.000000,52886.000000,32761.000000,314026.000000,171042.000000,146023421.000000,50214.000000
369000039.000000,52858.000000,29735.000000,314035.000000,175147.000000,146512603.000000,50070.000000
370000001.000000,60638.000000,48944.000000,285375.000000,191313.000000,146989291.000000,55670.000000
371000022.000000,55006.000000,39705.000000,311755.000000,172064.000000,147473110.000000,51310.000000
372003579.000000,54838.000000,37558.000000,318393.000000,170853.000000,147962356.000000,51583.000000
373000002.000000,55352.000000,42070.000000,295002.000000,174692.000000,148432050.000000,50289.000000
374000009.000000,53831.000000,36502.000000,294448.000000,172790.000000,148899288.000000,50349.000000
375005699.000000,49858.000000,27974.000000,301671.000000,167502.000000,149368461.000000,47085.000000
376003909.000000,51069.000000,29841.000000,302279.000000,170437.000000,149841177.000000,47888.000000
377002739.000000,58648.000000,47916.000000,279922.000000,182033.000000,150303132.000000,53393.000000
378000001.000000,54737.000000,36582.000000,306922.000000,169828.000000,150779882.000000,51197.000000
379000004.000000,52242.000000,28195.000000,323688.000000,166607.000000,151270177.000000,49727.000000
380007415.000000,60124.000000,50680.000000,297973.000000,181113.000000,151749263.000000,54924.000000
381002598.000000,53568.000000,38211.000000,307280.000000,173658.000000,152230201.000000,50239.000000
382000023.000000,51258.000000,31844.000000,304959.000000,173551.000000,152708711.000000,48454.000000
383000022.000000,56267.000000,43590.000000,293192.000000,180077.000000,153181980.000000,52437.000000
384003453.000000,59149.000000,51729.000000,302729.000000,178422.000000,153663131.000000,53947.000000
385000017.000000,54760.000000,41008.000000,307832.000000,172053.000000,154143016.000000,50738.000000
386002336.000000,53715.000000,29720.000000,309973.000000,174473.000000,154627462.000000,50866.000000
387003257.000000,62631.000000,51978.000000,283401.000000,194635.000000,155105498.000000,57623.000000
388004020.000000,58770.000000,48588.000000,298904.000000,178064.000000,155582466.000000,54474.000000
389000003.000000,54502.000000,45084.000000,311797.000000,169428.000000,156063691.000000,50701.000000
390002489.000000,53970.000000,36852.000000,307394.000000,169956.000000,156541041.000000,50419.000000
391000012.000000,59990.000000,49487.000000,291526.000000,184433.000000,157017000.000000,55079.000000
392000046.000000,53745.000000,27348.000000,317368.000000,173047.000000,157507415.000000,50788.000000
393000004.000000,52731.000000,30917.000000,319197.000000,174071.000000,158000683.000000,50056.000000
394002821.000000,62298.000000,52088.000000,287971.000000,192815.000000,158481469.000000,57133.000000
395000538.000000,53386.000000,29445.000000,312488.000000,175563.000000,158969520.000000,50650.000000
396000002.000000,58218.000000,48801.000000,303820.000000,173773.000000,159447113.000000,54180.000000
397004724.000000,52414.000000,34869.000000,317160.000000,166375.000000,159930648.000000,48884.000000
398000008.000000,61684.000000,49875.000000,286444.000000,189703.000000,160406795.000000,56514.000000
399002821.000000,51905.000000,27462.000000,318978.000000,171368.000000,160897141.000000,48657.000000
400000026.000000,54345.000000,29744.000000,313050.000000,176436.000000,161386627.000000,51235.000000
401005738.000000,66039.000000,61380.000000,284486.000000,194565.000000,161865678.000000,60257.000000
402000635.000000,54643.000000,39309.000000,313056.000000,167730.000000,162346464.000000,50948.000000
403000222.000000,52847.000000,30284.000000,319713.000000,169519.000000,162835696.000000,50278.000000
404000024.000000,61289.000000,49944.000000,294100.000000,191571.000000,163321367.000000,56888.000000
405000002.000000,55306.000000,36138.000000,308341.000000,180782.000000,163810490.000000,52078.000000
406000001.000000,52085.000000,31612.000000,318025.000000,173750.000000,164302265.000000,49517.000000
407000010.000000,53714.000000,31495.000000,316838.000000,175227.000000,164794330.000000,50900.000000
408000027.000000,62081.000000,52015.000000,291331.000000,188068.000000,165273729.000000,57323.000000
409000033.000000,55922.000000,43221.000000,313141.000000,170697.000000,165757567.000000,51783.000000
410002692.000000,55106.000000,37064.000000,311912.000000,171498.000000,166240977.000000,51435.000000
411000015.000000,60678.000000,50396.000000,294326.000000,188594.000000,166723897.000000,55753.000000
412000006.000000,55863.000000,38871.000000,315135.000000,172460.000000,167211492.000000,52041.000000
413000052.000000,56913.000000,38972.000000,314596.000000,174431.000000,167700519.000000,53153.000000
414000009.000000,53691.000000,29959.000000,322367.000000,170632.000000,168193518.000000,50881.000000
415000020.000000,62122.000000,51251.000000,298544.000000,187205.000000,168679267.000000,57678.000000
416000005.000000,56941.000000,42573.000000,311642.000000,177164.000000,169168073.000000,52807.000000
417000003.000000,53510.000000,33907.000000,328316.000000,170488.000000,169666877.000000,50121.000000
418000004.000000,63129.000000,59775.000000,291450.000000,186857.000000,170145184.000000,57386.000000
419005668.000000,57818.000000,50475.000000,310832.000000,179086.000000,170635102.000000,53122.000000
420002776.000000,52241.000000,34397.000000,329596.000000,163723.000000,171128421.000000,49280.000000
421000006.000000,59784.000000,49504.000000,307771.000000,173551.000000,171609743.000000,54875.000000
422001883.000000,62803.000000,53080.000000,302318.000000,185906.000000,172097967.000000,58506.000000
423006040.000000,56032.000000,42538.000000,312914.000000,171887.000000,172582768.000000,51928.000000
424000024.000000,52905.000000,35620.000000,318844.000000,171007.000000,173072619.000000,49448.000000
425000018.000000,52672.000000,32814.000000,325227.000000,170924.000000,173568770.000000,49965.000000
426000017.000000,66764.000000,62510.000000,285110.000000,190570.000000,174044450.000000,61184.000000
427000008.000000,54271.000000,40408.000000,314028.000000,168167.000000,174526645.000000,50562.000000
428000010.000000,53232.000000,32686.000000,321547.000000,171608.000000,175019800.000000,50389.000000
429000024.000000,61939.000000,51892.000000,299386.000000,191340.000000,175510526.000000,57758.000000
430004645.000000,55210.000000,38673.000000,313337.000000,178517.000000,176002380.000000,51362.000000
431003564.000000,53379.000000,34474.000000,321484.000000,170594.000000,176494458.000000,50570.000000
432004856.000000,57042.000000,42273.000000,315813.000000,169770.000000,176980041.000000,52799.000000
433000817.000000,65446.000000,61614.000000,286931.000000,190367.000000,177457339.000000,59818.000000
434000002.000000,57438.000000,43948.000000,317776.000000,170310.000000,177945425.000000,53569.000000
435000001.000000,59966.000000,50267.000000,307745.000000,171097.000000,178424267.000000,55058.000000
436000015.000000,52430.000000,33103.000000,329370.000000,168483.000000,178922120.000000,49284.000000
437000317.000000,61772.000000,53586.000000,304546.000000,186949.000000,179413615.000000,57085.000000
438000007.000000,55797.000000,41995.000000,317051.000000,170528.000000,179901194.000000,51805.000000
439000035.000000,57277.000000,45559.000000,315832.000000,170847.000000,180387873.000000,53177.000000
440000004.000000,57725.000000,42164.000000,320459.000000,171665.000000,180879997.000000,53865.000000
441000024.000000,65098.000000,61772.000000,287590.000000,187589.000000,181355176.000000,59427.000000
442000003.000000,53485.000000,34440.000000,329086.000000,170462.000000,181854724.000000,50590.000000
443000006.000000,54240.000000,44106.000000,317237.000000,168510.000000,182340471.000000,49762.000000
444000030.000000,53931.000000,43107.000000,304335.000000,171864.000000,182816670.000000,49910.000000
445002415.000000,62589.000000,55391.000000,292516.000000,190126.000000,183299312.000000,58703.000000
446000050.000000,51689.000000,39100.000000,317852.000000,165025.000000,183782189.000000,48405.000000
447000001.000000,52046.000000,39454.000000,316849.000000,168589.000000,184267627.000000,48684.000000
448000002.000000,62210.000000,58806.000000,290725.000000,190864.000000,184749216.000000,57349.000000
449000015.000000,53082.000000,39738.000000,312948.000000,173847.000000,185236011.000000,49931.000000
450006345.000000,53758.000000,38085.000000,319865.000000,173187.000000,185729063.000000,50440.000000
451000004.000000,54899.000000,36366.000000,314619.000000,172281.000000,186215963.000000,51823.000000
452000001.000000,64452.000000,55295.000000,294761.000000,190866.000000,186701590.000000,60074.000000
453000020.000000,53693.000000,35942.000000,321351.000000,170290.000000,187193231.000000,50069.000000
454000014.000000,53561.000000,36699.000000,322822.000000,172311.000000,187688364.000000,49856.000000
455000020.000000,64270.000000,58444.000000,294114.000000,196357.000000,188178835.000000,59368.000000
456000016.000000,54921.000000,37752.000000,320471.000000,174271.000000,188673577.000000,51830.000000
457000014.000000,53998.000000,36443.000000,319725.000000,169352.000000,189162654.000000,50871.000000
458000010.000000,52951.000000,37286.000000,321332.000000,164605.000000,189648591.000000,49628.000000
459000040.000000,64528.000000,58113.000000,296297.000000,191696.000000,190136584.000000,59765.000000
460004638.000000,53298.000000,37785.000000,321619.000000,171685.000000,190629888.000000,49914.000000
461000017.000000,53655.000000,38585.000000,313155.000000,173364.000000,191116407.000000,50626.000000
462006144.000000,68123.000000,66433.000000,285696.000000,195280.000000,191597383.000000,63142.000000
463000013.000000,55550.000000,39481.000000,312405.000000,166246.000000,192076034.000000,51894.000000
464000001.000000,51839.000000,30293.000000,324113.000000,161801.000000,192561948.000000,49246.000000
465000003.000000,60478.000000,51371.000000,304049.000000,170011.000000,193036008.000000,55638.000000
466000012.000000,63082.000000,54954.000000,297973.000000,191165.000000,193525146.000000,59507.000000
467002423.000000,56424.000000,45137.000000,305186.000000,172680.000000,194003012.000000,52565.000000
468000013.000000,61506.000000,53872.000000,298122.000000,176594.000000,194477728.000000,56526.000000
469000018.000000,52846.000000,30553.000000,335876.000000,164643.000000,194978247.000000,50242.000000
470000018.000000,64088.000000,55368.000000,303034.000000,185815.000000,195467096.000000,60053.000000
471000011.000000,52011.000000,35601.000000,334822.000000,160726.000000,195962644.000000,49126.000000
472000016.000000,54121.000000,40054.000000,331169.000000,168313.000000,196462126.000000,50769.000000
473000018.000000,53846.000000,41000.000000,323887.000000,169940.000000,196955953.000000,51020.000000
474000014.000000,64332.000000,58718.000000,301533.000000,191313.000000,197448799.000000,59906.000000
475000027.000000,54379.000000,41850.000000,330134.000000,169082.000000,197948015.000000,50665.000000
476000020.000000,52356.000000,36820.000000,329612.000000,164240.000000,198441867.000000,49625.000000
477000012.000000,61239.000000,56844.000000,304433.000000,172598.000000,198918898.000000,55747.000000
478000003.000000,63057.000000,54797.000000,307320.000000,183518.000000,199409736.000000,58348.000000
479000002.000000,59038.000000,47934.000000,313120.000000,171994.000000,199894850.000000,54264.000000
480001852.000000,53252.000000,39129.000000,326344.000000,170851.000000,200392045.000000,49814.000000
481000006.000000,64001.000000,56225.000000,304350.000000,194279.000000,200890674.000000,59594.000000
482000013.000000,53228.000000,38091.000000,329357.000000,165305.000000,201385336.000000,49466.000000
483000013.000000,54561.000000,43163.000000,328299.000000,169447.000000,201883082.000000,50930.000000
484000025.000000,58589.000000,51945.000000,315565.000000,173764.000000,202372411.000000,54242.000000
485000020.000000,67747.000000,70931.000000,290315.000000,195127.000000,202857853.000000,61781.000000
486000013.000000,60598.000000,52958.000000,306957.000000,175921.000000,203340731.000000,55642.000000
487005101.000000,57790.000000,44953.000000,317729.000000,173303.000000,203831763.000000,53455.000000
488000006.000000,53655.000000,42003.000000,324754.000000,171018.000000,204327535.000000,50060.000000
489000005.000000,65743.000000,66431.000000,300099.000000,192034.000000,204819668.000000,60802.000000
490004148.000000,56161.000000,44445.000000,325605.000000,171953.000000,205317226.000000,52238.000000
491000001.000000,53820.000000,40153.000000,328680.000000,168735.000000,205814641.000000,50664.000000
492000019.000000,58865.000000,49548.000000,318794.000000,174538.000000,206307973.000000,54478.000000
493000024.000000,66147.000000,61331.000000,299133.000000,196849.000000,206803955.000000,61418.000000
494000003.000000,58187.000000,49260.000000,314467.000000,177297.000000,207295719.000000,54072.000000
495002247.000000,57065.000000,40746.000000,321850.000000,169882.000000,207787451.000000,53101.000000
496000014.000000,53250.000000,38800.000000,329797.000000,167227.000000,208284475.000000,49920.000000
497000006.000000,68969.000000,66754.000000,291645.000000,194011.000000,208770131.000000,63353.000000
498000009.000000,53414.000000,39690.000000,333224.000000,163127.000000,209266482.000000,49914.000000
499000016.000000,62752.000000,62268.000000,301097.000000,181484.000000,209749063.000000,56601.000000
500004281.000000,58184.000000,51065.000000,315820.000000,178530.000000,210243413.000000,53147.000000
501000035.000000,69519.000000,72251.000000,285295.000000,201513.000000,210730221.000000,63650.000000
502004943.000000,54831.000000,42635.000000,332478.000000,176555.000000,211239254.000000,51322.000000
503000003.000000,58275.000000,50652.000000,313526.000000,175327.000000,211728107.000000,54202.000000
504000027.000000,54374.000000,37209.000000,333782.000000,167787.000000,212229676.000000,51235.000000
505000045.000000,65690.000000,55009.000000,305981.000000,193738.000000,212729395.000000,61889.000000
506001317.000000,54459.000000,38244.000000,328236.000000,174035.000000,213231666.000000,51476.000000
507000038.000000,56010.000000,42102.000000,321863.000000,177749.000000,213731278.000000,52557.000000
508000011.000000,60392.000000,49176.000000,320283.000000,186738.000000,214238299.000000,56875.000000
509000719.000000,58491.000000,47401.000000,317167.000000,176929.000000,214732395.000000,54695.000000
510000008.000000,54049.000000,39049.000000,332069.000000,170208.000000,215234672.000000,50905.000000
511000029.000000,56874.000000,41883.000000,325633.000000,171976.000000,215732281.000000,53429.000000
512000007.000000,66045.000000,58376.000000,300385.000000,191266.000000,216223932.000000,62061.000000
513000003.000000,58226.000000,47632.000000,316478.000000,177059.000000,216717469.000000,54153.000000
514000004.000000,55748.000000,39346.000000,327784.000000,175972.000000,217221225.000000,52403.000000
515000043.000000,57948.000000,39000.000000,319492.000000,170942.000000,217711659.000000,54519.000000
516000013.000000,70017.000000,63567.000000,293106.000000,193728.000000,218198493.000000,65169.000000
517000025.000000,55331.000000,34586.000000,333521.000000,167174.000000,218699188.000000,52518.000000
518000033.000000,53736.000000,37945.000000,331335.000000,167114.000000,219197637.000000,50437.000000
519000005.000000,61119.000000,50447.000000,318212.000000,186440.000000,219702289.000000,57238.000000
520000018.000000,59080.000000,42678.000000,321625.000000,183874.000000,220207788.000000,55649.000000
521000030.000000,54116.000000,33568.000000,332389.000000,169455.000000,220709632.000000,50887.000000
522000007.000000,55692.000000,44239.000000,326994.000000,171595.000000,221208221.000000,52198.000000
523000022.000000,66035.000000,61453.000000,304803.000000,193466.000000,221706490.000000,61119.000000
524000007.000000,57404.000000,44142.000000,318859.000000,170094.000000,222195443.000000,52876.000000
525000001.000000,61137.000000,55912.000000,302007.000000,176415.000000,222673865.000000,55729.000000
526001935.000000,54440.000000,32058.000000,332642.000000,173816.000000,223180323.000000,51352.000000
527000003.000000,68799.000000,66689.000000,292629.000000,194592.000000,223667544.000000,63199.000000
528005083.000000,57346.000000,46757.000000,322244.000000,173226.000000,224163014.000000,52952.000000
529000009.000000,58715.000000,50603.000000,308822.000000,175722.000000,224647558.000000,54282.000000
530000030.000000,53314.000000,38734.000000,335388.000000,167759.000000,225150705.000000,50587.000000
531000013.000000,64923.000000,55067.000000,311133.000000,191926.000000,225653764.000000,61206.000000
532000007.000000,55178.000000,38372.000000,330637.000000,173149.000000,226157550.000000,51809.000000
533003467.000000,53207.000000,31098.000000,338780.000000,167194.000000,226663524.000000,50541.000000
534002066.000000,65831.000000,55340.000000,306414.000000,193476.000000,227163414.000000,61898.000000
535000013.000000,54326.000000,32838.000000,333027.000000,167645.000000,227664086.000000,51597.000000
536002779.000000,57464.000000,40806.000000,324058.000000,168277.000000,228156421.000000,53480.000000
537000002.000000,54799.000000,32451.000000,326294.000000,173791.000000,228656506.000000,51808.000000
538000066.000000,66085.000000,53993.000000,301306.000000,197232.000000,229155044.000000,62118.000000
539004393.000000,59000.000000,41940.000000,316962.000000,177955.000000,229649961.000000,55105.000000
540000002.000000,54444.000000,35242.000000,331054.000000,170169.000000,230151184.000000,51222.000000
541000049.000000,66533.000000,65774.000000,302731.000000,193904.000000,230647819.000000,61554.000000
542000002.000000,54872.000000,43660.000000,330886.000000,173648.000000,231152353.000000,51627.000000
543004223.000000,53638.000000,36277.000000,337334.000000,170541.000000,231660228.000000,50625.000000
544000001.000000,53902.000000,35397.000000,329111.000000,172212.000000,232161551.000000,50996.000000
545000999.000000,63894.000000,52571.000000,311941.000000,188407.000000,232661899.000000,60355.000000
546000557.000000,53051.000000,35249.000000,335124.000000,167014.000000,233164037.000000,49972.000000
547000003.000000,54539.000000,34267.000000,338492.000000,168995.000000,233671524.000000,51607.000000
548002501.000000,66355.000000,61949.000000,307322.000000,195296.000000,234174142.000000,61389.000000
549000005.000000,55387.000000,41710.000000,326908.000000,173792.000000,234674842.000000,51677.000000
550000279.000000,55160.000000,39444.000000,329746.000000,172518.000000,235177106.000000,51242.000000
551000042.000000,55052.000000,37886.000000,331419.000000,172974.000000,235681499.000000,51700.000000
552000004.000000,64682.000000,54238.000000,311002.000000,192337.000000,236184838.000000,60758.000000
553003854.000000,55033.000000,38182.000000,332884.000000,172958.000000,236690680.000000,51762.000000
554000033.000000,57296.000000,45538.000000,324596.000000,178666.000000,237193942.000000,53168.000000
555000010.000000,65266.000000,60794.000000,305360.000000,195998.000000,237695300.000000,60328.000000
556000017.000000,56419.000000,42028.000000,328699.000000,178767.000000,238202766.000000,52662.000000
557004075.000000,58316.000000,45301.000000,327834.000000,180979.000000,238711579.000000,54713.000000
558000019.000000,57038.000000,46347.000000,327284.000000,180382.000000,239219245.000000,53413.000000
559000805.000000,66937.000000,60793.000000,309228.000000,196903.000000,239725376.000000,62344.000000
560000008.000000,56968.000000,40080.000000,325979.000000,171380.000000,240222735.000000,52853.000000
561000006.000000,55827.000000,32918.000000,325205.000000,171064.000000,240719004.000000,52584.000000
562000002.000000,69512.000000,62308.000000,295721.000000,198972.000000,241213697.000000,64285.000000
563000001.000000,52800.000000,31071.000000,336088.000000,165316.000000,241715101.000000,49946.000000
564001482.000000,53905.000000,30970.000000,334658.000000,169831.000000,242219590.000000,51615.000000
565000020.000000,58439.000000,39572.000000,326115.000000,178940.000000,242724645.000000,55159.000000
566004296.000000,61727.000000,44073.000000,323304.000000,183222.000000,243231171.000000,58628.000000
567004542.000000,56255.000000,37823.000000,329306.000000,176242.000000,243736719.000000,52880.000000
568000034.000000,54329.000000,35725.000000,331930.000000,173008.000000,244241657.000000,51061.000000
569001813.000000,65938.000000,55978.000000,314520.000000,193175.000000,244749352.000000,61517.000000
570003468.000000,54950.000000,36308.000000,337458.000000,172634.000000,245259444.000000,51997.000000
571000066.000000,55660.000000,42372.000000,327694.000000,172675.000000,245759813.000000,51980.000000
572003932.000000,65501.000000,56046.000000,314821.000000,193103.000000,246267737.000000,61605.000000
573004624.000000,54870.000000,38187.000000,333494.000000,173107.000000,246774338.000000,51649.000000
574000005.000000,55334.000000,35509.000000,331430.000000,176744.000000,247282512.000000,52160.000000
575000044.000000,54451.000000,35338.000000,333086.000000,170471.000000,247786069.000000,51425.000000
576000026.000000,65983.000000,57198.000000,310341.000000,190786.000000,248287196.000000,61525.000000
577002163.000000,54633.000000,34249.000000,337232.000000,170706.000000,248795134.000000,51794.000000
578000035.000000,53718.000000,34593.000000,333903.000000,171039.000000,249300076.000000,50605.000000
579000002.000000,65546.000000,57792.000000,313139.000000,194913.000000,249808128.000000,61370.000000
580000003.000000,55483.000000,39702.000000,333217.000000,174502.000000,250315847.000000,51924.000000
581000003.000000,54296.000000,34471.000000,335926.000000,171427.000000,250823200.000000,51587.000000
582000009.000000,55861.000000,39173.000000,331683.000000,175942.000000,251330825.000000,52844.000000
583005697.000000,67454.000000,62328.000000,310248.000000,200108.000000,251841181.000000,62828.000000
584000018.000000,55818.000000,37092.000000,333599.000000,177384.000000,252352164.000000,52597.000000
585000133.000000,55288.000000,34202.000000,334692.000000,175788.000000,252862644.000000,52456.000000
586000007.000000,66989.000000,57294.000000,310580.000000,199362.000000,253372586.000000,62941.000000
587002850.000000,55509.000000,37448.000000,334815.000000,174894.000000,253882295.000000,52362.000000
588000009.000000,54560.000000,36892.000000,330698.000000,174985.000000,254387978.000000,51660.000000
589003882.000000,66736.000000,57663.000000,311742.000000,195542.000000,254895262.000000,62640.000000
590000005.000000,53981.000000,34057.000000,330946.000000,169044.000000,255395252.000000,51168.000000
591000005.000000,55562.000000,43698.000000,324183.000000,172879.000000,255892314.000000,51716.000000
592000004.000000,54956.000000,32567.000000,333721.000000,172410.000000,256398445.000000,52087.000000
593000006.000000,65231.000000,51371.000000,312954.000000,189919.000000,256901318.000000,61430.000000
594001473.000000,55157.000000,39990.000000,334154.000000,173031.000000,257408503.000000,51730.000000
595002833.000000,54304.000000,34316.000000,335360.000000,174275.000000,257918138.000000,51243.000000
596004923.000000,65697.000000,55801.000000,310383.000000,193083.000000,258421604.000000,61508.000000
597000005.000000,55318.000000,46297.000000,320498.000000,175335.000000,258917437.000000,51512.000000
598005333.000000,55806.000000,43048.000000,333859.000000,180409.000000,259431705.000000,52174.000000
599003964.000000,54664.000000,34669.000000,334242.000000,170886.000000,259936833.000000,51561.000000
600005100.000000,66071.000000,57486.000000,312462.000000,192826.000000,260442121.000000,61797.000000
601001944.000000,55890.000000,34905.000000,333939.000000,175899.000000,260951959.000000,53022.000000
602000014.000000,55455.000000,36606.000000,331795.000000,176720.000000,261460474.000000,52103.000000
603000001.000000,66550.000000,58208.000000,311779.000000,196303.000000,261968556.000000,61800.000000
604000009.000000,55638.000000,35451.000000,330719.000000,178628.000000,262477903.000000,52730.000000
605000021.000000,55452.000000,32717.000000,335289.000000,173585.000000,262986777.000000,52821.000000
606000002.000000,65706.000000,53877.000000,314803.000000,192824.000000,263494404.000000,61656.000000
607000005.000000,55487.000000,32033.000000,331519.000000,177322.000000,264003245.000000,53095.000000
608003211.000000,54992.000000,32938.000000,335523.000000,175109.000000,264513877.000000,52165.000000
609000033.000000,54618.000000,35513.000000,332954.000000,175367.000000,265022198.000000,51419.000000
610000013.000000,70602.000000,65852.000000,296106.000000,198437.000000,265516741.000000,65026.000000
611000032.000000,53709.000000,32955.000000,332341.000000,168395.000000,266017477.000000,50785.000000
612000013.000000,55025.000000,31870.000000,330783.000000,177935.000000,266526195.000000,52109.000000
613000010.000000,64677.000000,56053.000000,308190.000000,193828.000000,267028213.000000,60746.000000
614000014.000000,59225.000000,37809.000000,321648.000000,178420.000000,267528281.000000,55789.000000
615000004.000000,55077.000000,35332.000000,332194.000000,173220.000000,268033695.000000,52145.000000
616000002.000000,61942.000000,48034.000000,310672.000000,182156.000000,268526523.000000,57744.000000
617000008.000000,60639.000000,42794.000000,319569.000000,183250.000000,269029342.000000,57553.000000
618000445.000000,57858.000000,41363.000000,325294.000000,171615.000000,269526251.000000,53619.000000
619001518.000000,57558.000000,40455.000000,320080.000000,173774.000000,270020105.000000,53419.000000
620005173.000000,69751.000000,64221.000000,300114.000000,196858.000000,270517077.000000,64619.000000
621000014.000000,54160.000000,32663.000000,333719.000000,172257.000000,271023053.000000,51322.000000
622000007.000000,55761.000000,31345.000000,333313.000000,177133.000000,271533499.000000,53117.000000
623000024.000000,62018.000000,45698.000000,323381.000000,183503.000000,272040383.000000,58001.000000
624000015.000000,57682.000000,41601.000000,326174.000000,181553.000000,272548110.000000,54618.000000
625000009.000000,54948.000000,34909.000000,330740.000000,179683.000000,273058533.000000,52181.000000
626000012.000000,55804.000000,35956.000000,330643.000000,175276.000000,273564452.000000,52648.000000
627000015.000000,65113.000000,57681.000000,311643.000000,193162.000000,274069257.000000,60528.000000
628000001.000000,54760.000000,33062.000000,337384.000000,175634.000000,274582275.000000,52011.000000
629000563.000000,54854.000000,32523.000000,336723.000000,172046.000000,275091044.000000,51767.000000
630000016.000000,65974.000000,56921.000000,308530.000000,199469.000000,275599043.000000,61883.000000
631000058.000000,53031.000000,35284.000000,329194.000000,175735.000000,276103972.000000,50199.000000
632000002.000000,54101.000000,34490.000000,333346.000000,175020.000000,276612338.000000,51167.000000
633000006.000000,63008.000000,51632.000000,316778.000000,189976.000000,277119092.000000,58852.000000
634000029.000000,57897.000000,38813.000000,326719.000000,178299.000000,277624110.000000,54795.000000
635000009.000000,53622.000000,30948.000000,331601.000000,170134.000000,278125845.000000,50803.000000
636000016.000000,52731.000000,30263.000000,333540.000000,173325.000000,278632710.000000,50031.000000
637003992.000000,61698.000000,55466.000000,316359.000000,191600.000000,279140669.000000,57619.000000
638004601.000000,54133.000000,28674.000000,335182.000000,174275.000000,279650126.000000,51532.000000
639001169.000000,55424.000000,34443.000000,331687.000000,175367.000000,280157180.000000,52338.000000
640000027.000000,63949.000000,61758.000000,314522.000000,196096.000000,280667798.000000,59560.000000
641002623.000000,52430.000000,31397.000000,337103.000000,170828.000000,281175729.000000,49787.000000
642000099.000000,53938.000000,32133.000000,330489.000000,175252.000000,281681470.000000,50967.000000
643000275.000000,63810.000000,59848.000000,313749.000000,193735.000000,282188954.000000,59514.000000
644000012.000000,55926.000000,32380.000000,332891.000000,177983.000000,282699828.000000,53058.000000
645000004.000000,56197.000000,32374.000000,333182.000000,177368.000000,283210378.000000,53377.000000
646000006.000000,63189.000000,55417.000000,319923.000000,192183.000000,283722484.000000,59308.000000
647002632.000000,55904.000000,34859.000000,335040.000000,178973.000000,284236497.000000,52968.000000
648005123.000000,54585.000000,35148.000000,333915.000000,175383.000000,284745795.000000,51232.000000
649003976.000000,53129.000000,29920.000000,341686.000000,167892.000000,285255373.000000,50169.000000
650000007.000000,63779.000000,58431.000000,312931.000000,197198.000000,285765502.000000,59353.000000
651000027.000000,54278.000000,33853.000000,333304.000000,173181.000000,286271987.000000,51068.000000
652000006.000000,54386.000000,34117.000000,336040.000000,174430.000000,286782457.000000,51018.000000
653000001.000000,64312.000000,60812.000000,311513.000000,195918.000000,287289888.000000,59631.000000
654000021.000000,53617.000000,36941.000000,330862.000000,171698.000000,287792448.000000,49952.000000
655000004.000000,56232.000000,30399.000000,333693.000000,175844.000000,288301985.000000,53399.000000
656000003.000000,64175.000000,55724.000000,313361.000000,195946.000000,288811292.000000,60355.000000
657002531.000000,53433.000000,27548.000000,339652.000000,170637.000000,289321581.000000,51062.000000
658000078.000000,53526.000000,32223.000000,335750.000000,171996.000000,289829327.000000,50631.000000
659000007.000000,57575.000000,46042.000000,326587.000000,180667.000000,290336581.000000,54360.000000
660000624.000000,58210.000000,44284.000000,325960.000000,182091.000000,290844632.000000,54696.000000
661001138.000000,54174.000000,30316.000000,334076.000000,173190.000000,291351898.000000,51359.000000
662000019.000000,53984.000000,30657.000000,334837.000000,173648.000000,291860383.000000,51117.000000
663002889.000000,62938.000000,59494.000000,318028.000000,195243.000000,292373654.000000,58179.000000
664001071.000000,54205.000000,34413.000000,333060.000000,175880.000000,292882594.000000,50953.000000
665000007.000000,54212.000000,37789.000000,330593.000000,175439.000000,293388626.000000,50796.000000
666000946.000000,63432.000000,58097.000000,316463.000000,193234.000000,293898323.000000,59414.000000
667000118.000000,56089.000000,34751.000000,332157.000000,178017.000000,294408497.000000,53019.000000
668001845.000000,54469.000000,30372.000000,335300.000000,176210.000000,294920007.000000,51653.000000
669000107.000000,64080.000000,59616.000000,316094.000000,196323.000000,295432424.000000,59721.000000
670000020.000000,53954.000000,28474.000000,335843.000000,173586.000000,295941853.000000,51357.000000
671003066.000000,55241.000000,31253.000000,334614.000000,177693.000000,296454160.000000,52455.000000
672000030.000000,61315.000000,50665.000000,318887.000000,188242.000000,296961289.000000,57887.000000
673003693.000000,56914.000000,38844.000000,329795.000000,180601.000000,297471685.000000,53767.000000
674000003.000000,54306.000000,36879.000000,329287.000000,180800.000000,297981772.000000,51333.000000
675000008.000000,54784.000000,36879.000000,332171.000000,178401.000000,298492344.000000,51451.000000
676000020.000000,63346.000000,62437.000000,309649.000000,194013.000000,298996006.000000,58671.000000
677000001.000000,55572.000000,36620.000000,331483.000000,175684.000000,299503173.000000,52072.000000
678002281.000000,55375.000000,30731.000000,333503.000000,179937.000000,300016613.000000,52643.000000
679000001.000000,63315.000000,56495.000000,315571.000000,196152.000000,300528336.000000,59513.000000
680000001.000000,52965.000000,30578.000000,336512.000000,174376.000000,301039224.000000,50243.000000
681000023.000000,53357.000000,27254.000000,337910.000000,173085.000000,301550219.000000,50935.000000
682000023.000000,63871.000000,55330.000000,317552.000000,193490.000000,302061261.000000,59630.000000
683000004.000000,54019.000000,27959.000000,332327.000000,174602.000000,302568190.000000,51404.000000
684006765.000000,53320.000000,28452.000000,333284.000000,173395.000000,303074869.000000,50510.000000
685000008.000000,62739.000000,58341.000000,309715.000000,194521.000000,303579105.000000,58859.000000
686000011.000000,53993.000000,32115.000000,337906.000000,174826.000000,304091837.000000,50909.000000
687000008.000000,54749.000000,29998.000000,330944.000000,175340.000000,304598121.000000,51757.000000
688000034.000000,58848.000000,45547.000000,326131.000000,184950.000000,305109202.000000,55337.000000
689000345.000000,59638.000000,45987.000000,321002.000000,185288.000000,305615492.000000,55956.000000
690000012.000000,55398.000000,28563.000000,330128.000000,178881.000000,306124501.000000,52723.000000
691000042.000000,55770.000000,27725.000000,332088.000000,179309.000000,306635898.000000,53226.000000
692000015.000000,63948.000000,56457.000000,313283.000000,198349.000000,307147530.000000,59389.000000
693001683.000000,55440.000000,30824.000000,329860.000000,177142.000000,307654532.000000,52432.000000
694000005.000000,54458.000000,30327.000000,333002.000000,174112.000000,308161646.000000,51771.000000
695000025.000000,62791.000000,61786.000000,310226.000000,196410.000000,308668282.000000,58266.000000
696004333.000000,54147.000000,34154.000000,332032.000000,176604.000000,309176918.000000,51066.000000
697001138.000000,55143.000000,31910.000000,328155.000000,180683.000000,309685756.000000,52405.000000
698000002.000000,62011.000000,57432.000000,307561.000000,194764.000000,310188081.000000,57970.000000
699001198.000000,54745.000000,30306.000000,331272.000000,175882.000000,310695235.000000,52010.000000
700001698.000000,55334.000000,27438.000000,333176.000000,178557.000000,311206968.000000,52923.000000
701000020.000000,63471.000000,56613.000000,314373.000000,196220.000000,311717561.000000,59633.000000
702000052.000000,54583.000000,27867.000000,330927.000000,178767.000000,312227255.000000,52213.000000
703000001.000000,54749.000000,30747.000000,332172.000000,181282.000000,312740709.000000,52006.000000
704000005.000000,63365.000000,56608.000000,312391.000000,198555.000000,313251655.000000,58929.000000
705001091.000000,54666.000000,37723.000000,325683.000000,178694.000000,313756032.000000,51477.000000
706000698.000000,55255.000000,33830.000000,332664.000000,179318.000000,314268014.000000,52187.000000
707000011.000000,63393.000000,53102.000000,310849.000000,191639.000000,314770502.000000,58810.000000
708000008.000000,60417.000000,45587.000000,316625.000000,191224.000000,315278351.000000,57057.000000
709002062.000000,54611.000000,34122.000000,325550.000000,177223.000000,315781124.000000,51563.000000
710002590.000000,54366.000000,32942.000000,324160.000000,176101.000000,316281385.000000,51259.000000
711000023.000000,62947.000000,56215.000000,310588.000000,195112.000000,316787085.000000,58878.000000
712005429.000000,55510.000000,28224.000000,333228.000000,181190.000000,317301503.000000,53052.000000
713000018.000000,59191.000000,39863.000000,316832.000000,181646.000000,317799981.000000,55421.000000
714000007.000000,63680.000000,53823.000000,315042.000000,196179.000000,318311202.000000,59734.000000
715000050.000000,54470.000000,31011.000000,332249.000000,176938.000000,318820389.000000,51550.000000
716000006.000000,55643.000000,35945.000000,324945.000000,181364.000000,319326698.000000,52381.000000
717000051.000000,63594.000000,62107.000000,310251.000000,198863.000000,319835812.000000,58683.000000
718000932.000000,55450.000000,29725.000000,330967.000000,184075.000000,320350854.000000,52616.000000
719000012.000000,59050.000000,42444.000000,314801.000000,180401.000000,320846056.000000,54820.000000
720000005.000000,62630.000000,48045.000000,313881.000000,190384.000000,321350321.000000,58441.000000
721000031.000000,59557.000000,43664.000000,320721.000000,188192.000000,321859234.000000,56275.000000
722000018.000000,56764.000000,31193.000000,327907.000000,182508.000000,322369649.000000,53869.000000
723000007.000000,56075.000000,32479.000000,331620.000000,181972.000000,322883241.000000,53146.000000
724000022.000000,67350.000000,66192.000000,299862.000000,197767.000000,323380870.000000,62157.000000
725000009.000000,55814.000000,28020.000000,331979.000000,179461.000000,323892310.000000,53136.000000
726001418.000000,54715.000000,26033.000000,335386.000000,177322.000000,324405018.000000,52136.000000
727000015.000000,63893.000000,54644.000000,310301.000000,197842.000000,324913161.000000,59901.000000
728000020.000000,56658.000000,31129.000000,331204.000000,181149.000000,325425514.000000,53485.000000
729000001.000000,55942.000000,25326.000000,333997.000000,181940.000000,325941451.000000,53366.000000
730001352.000000,63832.000000,54482.000000,312394.000000,198420.000000,326452265.000000,60174.000000
731000003.000000,57248.000000,26424.000000,331490.000000,182987.000000,326966742.000000,54801.000000
732000212.000000,54792.000000,29540.000000,330744.000000,176381.000000,327473867.000000,51999.000000
733000013.000000,63919.000000,56633.000000,312399.000000,198136.000000,327984402.000000,60175.000000
734000030.000000,57586.000000,29146.000000,328798.000000,186819.000000,328500019.000000,55211.000000
735002323.000000,59898.000000,36474.000000,318667.000000,184579.000000,329003265.000000,56362.000000
736000004.000000,67166.000000,64857.000000,298167.000000,198260.000000,329499692.000000,61958.000000
737000005.000000,58379.000000,35454.000000,321763.000000,177816.000000,329999271.000000,54721.000000
738000004.000000,53656.000000,23864.000000,334716.000000,175156.000000,330509143.000000,51286.000000
739000006.000000,62760.000000,51272.000000,316977.000000,192975.000000,331019095.000000,58936.000000
740000033.000000,55976.000000,29558.000000,333214.000000,180960.000000,331533269.000000,52848.000000
741000026.000000,54898.000000,28248.000000,333698.000000,177536.000000,332044503.000000,52105.000000
742000004.000000,59959.000000,45774.000000,319762.000000,188205.000000,332552470.000000,55960.000000
743000696.000000,60540.000000,43407.000000,317429.000000,191610.000000,333061509.000000,57303.000000
744000004.000000,56415.000000,38860.000000,321417.000000,182091.000000,333565017.000000,53180.000000
745002436.000000,55333.000000,37710.000000,327080.000000,182468.000000,334074565.000000,52068.000000
746006982.000000,63081.000000,57939.000000,312325.000000,199157.000000,334586047.000000,58519.000000
747006380.000000,55002.000000,29182.000000,327076.000000,179407.000000,335092530.000000,52465.000000
748000044.000000,56570.000000,27429.000000,327634.000000,183030.000000,335603194.000000,54169.000000
749000007.000000,64501.000000,55365.000000,307340.000000,201162.000000,336111696.000000,60481.000000
750000001.000000,55650.000000,30647.000000,328878.000000,180204.000000,336620778.000000,52577.000000
751000023.000000,54888.000000,36334.000000,326478.000000,177116.000000,337124372.000000,51217.000000
752000005.000000,64559.000000,62238.000000,301616.000000,199094.000000,337625082.000000,59284.000000
753000170.000000,56102.000000,27856.000000,328768.000000,181332.000000,338135182.000000,53475.000000
754001005.000000,56226.000000,24091.000000,331008.000000,180884.000000,338647074.000000,53815.000000
755004860.000000,64648.000000,52940.000000,313806.000000,200079.000000,339160959.000000,60739.000000
756000013.000000,54606.000000,29364.000000,327570.000000,178050.000000,339666579.000000,51790.000000
757000025.000000,53028.000000,31082.000000,328479.000000,173583.000000,340168641.000000,49937.000000
758000012.000000,63078.000000,57047.000000,309610.000000,197266.000000,340675517.000000,58443.000000
759002414.000000,56069.000000,30318.000000,327173.000000,180521.000000,341183211.000000,53150.000000
760000009.000000,53451.000000,30040.000000,325100.000000,177812.000000,341686123.000000,50418.000000
761000029.000000,61036.000000,52642.000000,314228.000000,191856.000000,342192207.000000,56666.000000
762003096.000000,55780.000000,29349.000000,330038.000000,182900.000000,342705145.000000,53058.000000
763000001.000000,54047.000000,24596.000000,330386.000000,176168.000000,343211699.000000,51496.000000
764000002.000000,60476.000000,49429.000000,316283.000000,190430.000000,343718412.000000,56428.000000
765000006.000000,56801.000000,38470.000000,323006.000000,182989.000000,344224407.000000,53542.000000
766002515.000000,53734.000000,32290.000000,332823.000000,176584.000000,344733814.000000,50524.000000
767000020.000000,54589.000000,29748.000000,329441.000000,179960.000000,345243215.000000,51676.000000
768000005.000000,63005.000000,57605.000000,309994.000000,197591.000000,345750800.000000,58061.000000
769003676.000000,56711.000000,27199.000000,329122.000000,183487.000000,346263409.000000,54162.000000
770003596.000000,54360.000000,23748.000000,331422.000000,180471.000000,346775302.000000,52114.000000
771000011.000000,64870.000000,53050.000000,308062.000000,200362.000000,347283726.000000,60655.000000
772002048.000000,55490.000000,27326.000000,329454.000000,183210.000000,347796390.000000,53013.000000
773000018.000000,55665.000000,24799.000000,326621.000000,182582.000000,348305593.000000,53441.000000
774001141.000000,64118.000000,53400.000000,307459.000000,197965.000000,348811017.000000,60137.000000
775000013.000000,54167.000000,26651.000000,329118.000000,177282.000000,349317417.000000,51412.000000
776000002.000000,55691.000000,25159.000000,331278.000000,184108.000000,349832803.000000,53351.000000
777000007.000000,63462.000000,50400.000000,310917.000000,200371.000000,350344091.000000,59550.000000
778000013.000000,54847.000000,26223.000000,331419.000000,180602.000000,350856112.000000,52367.000000
779000025.000000,55680.000000,29644.000000,326697.000000,181662.000000,351364471.000000,52728.000000
780000015.000000,61474.000000,46726.000000,312240.000000,194329.000000,351871040.000000,57796.000000
781000004.000000,54500.000000,23687.000000,332155.000000,181094.000000,352384289.000000,52220.000000
782000025.000000,58815.000000,36712.000000,322132.000000,190696.000000,352897117.000000,55273.000000
783003512.000000,60137.000000,43822.000000,318136.000000,192875.000000,353408128.000000,56470.000000
784000006.000000,53584.000000,28377.000000,326816.000000,178101.000000,353913045.000000,50680.000000
785000039.000000,55666.000000,32914.000000,321505.000000,184406.000000,354418956.000000,52491.000000
786000044.000000,63168.000000,52415.000000,306827.000000,198636.000000,354924419.000000,58824.000000
787000007.000000,53722.000000,27183.000000,331173.000000,178950.000000,355434542.000000,50972.000000
788000007.000000,54102.000000,29840.000000,326196.000000,180309.000000,355941047.000000,51054.000000
789000002.000000,63942.000000,60052.000000,299946.000000,200742.000000,356441735.000000,59123.000000
790000033.000000,56124.000000,34727.000000,319265.000000,182458.000000,356943458.000000,52731.000000
791000009.000000,55516.000000,33441.000000,321378.000000,182796.000000,357447632.000000,52156.000000
792000759.000000,63860.000000,58455.000000,305545.000000,202204.000000,357955381.000000,59017.000000
793000007.000000,55298.000000,31006.000000,321632.000000,185003.000000,358462016.000000,52303.000000
794000022.000000,56607.000000,33357.000000,319361.000000,186324.000000,358967701.000000,53126.000000
795000004.000000,64240.000000,61276.000000,297509.000000,202446.000000,359467656.000000,59243.000000
796000032.000000,57301.000000,30740.000000,319837.000000,189006.000000,359976499.000000,54332.000000
797000035.000000,55720.000000,27739.000000,324679.000000,185571.000000,360486749.000000,53048.000000
798000006.000000,65586.000000,59541.000000,298794.000000,205069.000000,360990612.000000,60559.000000
799000615.000000,56581.000000,32551.000000,317548.000000,186361.000000,361494521.000000,53577.000000
800000003.000000,55723.000000,32307.000000,318539.000000,183861.000000,361996921.000000,52424.000000
801002420.000000,64421.000000,52776.000000,302461.000000,202427.000000,362501809.000000,60013.000000
802000006.000000,55481.000000,24622.000000,323632.000000,184872.000000,363010313.000000,53187.000000
803000006.000000,59768.000000,37752.000000,310548.000000,189735.000000,363510596.000000,55741.000000
804000010.000000,65323.000000,54329.000000,299984.000000,206588.000000,364017168.000000,60741.000000
805000006.000000,58976.000000,35115.000000,312880.000000,183423.000000,364513471.000000,55153.000000
806000029.000000,54714.000000,26446.000000,322697.000000,184868.000000,365021036.000000,52234.000000
807000046.000000,61704.000000,52106.000000,301841.000000,197739.000000,365520616.000000,57563.000000
808000035.000000,58140.000000,36353.000000,311815.000000,183896.000000,366016327.000000,54175.000000
809000032.000000,58595.000000,34812.000000,313153.000000,187319.000000,366516799.000000,54875.000000
810005174.000000,61921.000000,49891.000000,301020.000000,182314.000000,367000133.000000,56483.000000
811001036.000000,63633.000000,55334.000000,299361.000000,200272.000000,367499766.000000,59269.000000
812000035.000000,55635.000000,31694.000000,319207.000000,184369.000000,368003342.000000,52506.000000
813000001.000000,55279.000000,31577.000000,319747.000000,184641.000000,368507730.000000,51935.000000
814000023.000000,64234.000000,55290.000000,301163.000000,205447.000000,369014340.000000,59350.000000
815000040.000000,56633.000000,24996.000000,319202.000000,188614.000000,369522156.000000,54028.000000
816000003.000000,56319.000000,32027.000000,315415.000000,185239.000000,370022810.000000,52984.000000
817001069.000000,62430.000000,55394.000000,304036.000000,197879.000000,370524725.000000,57973.000000
818000002.000000,56177.000000,26619.000000,320162.000000,188407.000000,371033294.000000,53496.000000
819002674.000000,55238.000000,29110.000000,319653.000000,186567.000000,371539514.000000,52315.000000
820000025.000000,63875.000000,57995.000000,295795.000000,203681.000000,372038990.000000,59068.000000
821000951.000000,57253.000000,36448.000000,308756.000000,188993.000000,372536739.000000,53747.000000
822000699.000000,55552.000000,34012.000000,314780.000000,183693.000000,373035212.000000,52485.000000
823000016.000000,64932.000000,58217.000000,295809.000000,204954.000000,373535975.000000,60752.000000
824000027.000000,54782.000000,32233.000000,319930.000000,184752.000000,374040657.000000,52127.000000
825000005.000000,56816.000000,25132.000000,321462.000000,190854.000000,374552973.000000,54268.000000
826001290.000000,65315.000000,50953.000000,300563.000000,204831.000000,375058367.000000,61402.000000
827000014.000000,56208.000000,22107.000000,321933.000000,184226.000000,375564526.000000,54007.000000
828000018.000000,57214.000000,22394.000000,318375.000000,189586.000000,376072487.000000,55036.000000
829000441.000000,65346.000000,49860.000000,299009.000000,205556.000000,376577052.000000,61324.000000
830001696.000000,56655.000000,21902.000000,320928.000000,189970.000000,377087950.000000,54584.000000
831000025.000000,57284.000000,22859.000000,321699.000000,188958.000000,377598607.000000,55243.000000
832003112.000000,65506.000000,50378.000000,301787.000000,205731.000000,378106125.000000,61637.000000
833002418.000000,59631.000000,36664.000000,312232.000000,187318.000000,378605675.000000,55742.000000
834002654.000000,56670.000000,22241.000000,326199.000000,188904.000000,379120778.000000,54719.000000
835000001.000000,65489.000000,52701.000000,300186.000000,209251.000000,379630215.000000,61558.000000
836000037.000000,56944.000000,21749.000000,325526.000000,188889.000000,380144630.000000,55120.000000
837000018.000000,61177.000000,34382.000000,311016.000000,188729.000000,380644375.000000,57463.000000
838000015.000000,65109.000000,50553.000000,297892.000000,206466.000000,381148733.000000,61276.000000
839000460.000000,56757.000000,22832.000000,324274.000000,188987.000000,381661994.000000,54658.000000
840000036.000000,57678.000000,23736.000000,321940.000000,194072.000000,382178006.000000,55547.000000
841000088.000000,65215.000000,50247.000000,301768.000000,204073.000000,382683847.000000,61280.000000
842000033.000000,55051.000000,22508.000000,323055.000000,183255.000000,383190157.000000,52797.000000
843000009.000000,56737.000000,33141.000000,313887.000000,189762.000000,383693806.000000,53572.000000
844000005.000000,61818.000000,43452.000000,307736.000000,200119.000000,384201661.000000,58375.000000
845000009.000000,54803.000000,32804.000000,316474.000000,186241.000000,384704376.000000,51509.000000
846000008.000000,57678.000000,36965.000000,313747.000000,188801.000000,385206924.000000,53899.000000
847000746.000000,62321.000000,53732.000000,297628.000000,199156.000000,385703708.000000,57361.000000
848001407.000000,55396.000000,29087.000000,319797.000000,184655.000000,386208160.000000,52455.000000
849000242.000000,56848.000000,29693.000000,317648.000000,188987.000000,386714795.000000,53924.000000
850000368.000000,64047.000000,60607.000000,293200.000000,206051.000000,387214046.000000,58501.000000
851000008.000000,55345.000000,29076.000000,317668.000000,186958.000000,387718672.000000,52380.000000
852001094.000000,56617.000000,32450.000000,310387.000000,189313.000000,388218372.000000,53216.000000
853000002.000000,63929.000000,60142.000000,291281.000000,204231.000000,388713884.000000,58327.000000
854000012.000000,55333.000000,29966.000000,313439.000000,189199.000000,389216522.000000,52196.000000
855000003.000000,54381.000000,28779.000000,314796.000000,187522.000000,389718840.000000,51228.000000
856000016.000000,63734.000000,53768.000000,292029.000000,203765.000000,390214634.000000,59329.000000
857000021.000000,56277.000000,30889.000000,310726.000000,187632.000000,390712992.000000,53070.000000
858000003.000000,55552.000000,32117.000000,312400.000000,186799.000000,391212191.000000,52449.000000
859000003.000000,65812.000000,64324.000000,284401.000000,206491.000000,391703083.000000,60564.000000
860000004.000000,55329.000000,33234.000000,312951.000000,188217.000000,392204251.000000,51772.000000
861000003.000000,55742.000000,30356.000000,315072.000000,188374.000000,392707697.000000,52737.000000
862000044.000000,63015.000000,56636.000000,288884.000000,203639.000000,393200220.000000,58092.000000
863001349.000000,55372.000000,30195.000000,309996.000000,185905.000000,393696121.000000,51972.000000
864004555.000000,55397.000000,31282.000000,311307.000000,187267.000000,394194695.000000,51974.000000
865000005.000000,63731.000000,55582.000000,293766.000000,204801.000000,394693262.000000,59036.000000
866000090.000000,55761.000000,27721.000000,314603.000000,188373.000000,395196238.000000,52884.000000
867000021.000000,57489.000000,26945.000000,309078.000000,193997.000000,395699313.000000,54729.000000
868000014.000000,63762.000000,57327.000000,293192.000000,203167.000000,396195672.000000,58875.000000
869002976.000000,56101.000000,30294.000000,312089.000000,189427.000000,396697188.000000,52920.000000
870000005.000000,54626.000000,30181.000000,314262.000000,187939.000000,397199389.000000,51445.000000
871000011.000000,63313.000000,63046.000000,288010.000000,205608.000000,397693007.000000,57525.000000
872000030.000000,54559.000000,33300.000000,314702.000000,185396.000000,398193105.000000,51050.000000
873000023.000000,55417.000000,33672.000000,310220.000000,185920.000000,398689245.000000,51767.000000
874000036.000000,64125.000000,62297.000000,289256.000000,205450.000000,399183951.000000,58419.000000
875000027.000000,54239.000000,29827.000000,312897.000000,186472.000000,399683320.000000,51313.000000
876004256.000000,57596.000000,29752.000000,312010.000000,195305.000000,400190635.000000,54719.000000
877000022.000000,64739.000000,56573.000000,288928.000000,208448.000000,400688011.000000,60127.000000
878000010.000000,57501.000000,28948.000000,307791.000000,195259.000000,401191061.000000,54550.000000
879000005.000000,54522.000000,32028.000000,309984.000000,187750.000000,401688795.000000,51178.000000
880000014.000000,63446.000000,60567.000000,286567.000000,203509.000000,402178871.000000,58426.000000
881000006.000000,56911.000000,32929.000000,308110.000000,193284.000000,402680265.000000,53592.000000
882000010.000000,56537.000000,34985.000000,303421.000000,191056.000000,403174742.000000,53257.000000
883003770.000000,64465.000000,58551.000000,288037.000000,205831.000000,403668610.000000,59669.000000
884000004.000000,57209.000000,39946.000000,297287.000000,192084.000000,404157981.000000,53266.000000
885001549.000000,55776.000000,35782.000000,306218.000000,188330.000000,404652529.000000,52197.000000
886000028.000000,59193.000000,48381.000000,304366.000000,196616.000000,405153511.000000,54891.000000
887001748.000000,59361.000000,40838.000000,304087.000000,197383.000000,405654981.000000,55530.000000
888002095.000000,57417.000000,31446.000000,309414.000000,190740.000000,406155135.000000,54217.000000
889000062.000000,60506.000000,46405.000000,292797.000000,198457.000000,406646389.000000,56037.000000
890003074.000000,60576.000000,45691.000000,299952.000000,197154.000000,407143495.000000,56529.000000
891000004.000000,57709.000000,28831.000000,308687.000000,193634.000000,407645816.000000,54830.000000
892000003.000000,59094.000000,40242.000000,298689.000000,197052.000000,408141557.000000,55553.000000
893000004.000000,62811.000000,47835.000000,294142.000000,205689.000000,408641388.000000,58735.000000
894000018.000000,56045.000000,30122.000000,308801.000000,190406.000000,409140595.000000,52933.000000
895000039.000000,57342.000000,40998.000000,303422.000000,189670.000000,409633687.000000,53289.000000
896000615.000000,63430.000000,57757.000000,291588.000000,204560.000000,410129835.000000,58814.000000
897001117.000000,55068.000000,31487.000000,310893.000000,190609.000000,410631337.000000,52005.000000
898000012.000000,55710.000000,33529.000000,306509.000000,191019.000000,411128865.000000,52211.000000
899000015.000000,64147.000000,54818.000000,286596.000000,206623.000000,411622084.000000,59652.000000
900000004.000000,56451.000000,31346.000000,309895.000000,191535.000000,412123514.000000,53225.000000
901000572.000000,56049.000000,31970.000000,312047.000000,191267.000000,412626828.000000,52862.000000
902000021.000000,64446.000000,60126.000000,284730.000000,206854.000000,413118412.000000,59640.000000
903000003.000000,57035.000000,28919.000000,306137.000000,192461.000000,413617010.000000,53975.000000
904000002.000000,59065.000000,30440.000000,301369.000000,197210.000000,414115589.000000,55948.000000
905000511.000000,64188.000000,56590.000000,289857.000000,204149.000000,414609595.000000,59206.000000
906000002.000000,55560.000000,28516.000000,315823.000000,187142.000000,415112560.000000,52439.000000
907002390.000000,54257.000000,27281.000000,313070.000000,187696.000000,415613326.000000,51367.000000
908000012.000000,63373.000000,57764.000000,285928.000000,204437.000000,416103691.000000,58406.000000
909000012.000000,58100.000000,33006.000000,305785.000000,193393.000000,416602869.000000,54690.000000
910000023.000000,57840.000000,27938.000000,306527.000000,192962.000000,417102358.000000,54779.000000
911000026.000000,66379.000000,58658.000000,283589.000000,211469.000000,417597416.000000,61523.000000
912000004.000000,56593.000000,35015.000000,301001.000000,192203.000000,418090620.000000,53323.000000
913000001.000000,55660.000000,31083.000000,307208.000000,190540.000000,418588368.000000,52370.000000
914000026.000000,65751.000000,59646.000000,282853.000000,210026.000000,419081247.000000,60880.000000
915000049.000000,54689.000000,29143.000000,308113.000000,186360.000000,419575720.000000,51450.000000
916001168.000000,56627.000000,26488.000000,315141.000000,190838.000000,420081699.000000,54042.000000
917000129.000000,65876.000000,56524.000000,291352.000000,210139.000000,420583190.000000,61361.000000
918000210.000000,55133.000000,28759.000000,310036.000000,189702.000000,421082928.000000,51986.000000
919000008.000000,59598.000000,35738.000000,300576.000000,198395.000000,421581899.000000,55907.000000
920001340.000000,63275.000000,53976.000000,289448.000000,205021.000000,422076368.000000,58428.000000
921004003.000000,57602.000000,27938.000000,308001.000000,194283.000000,422578652.000000,54776.000000
922000003.000000,60483.000000,39991.000000,296684.000000,199975.000000,423075311.000000,56572.000000
923001149.000000,62083.000000,44168.000000,295779.000000,204387.000000,423575477.000000,58173.000000
924000020.000000,59092.000000,30240.000000,302990.000000,199406.000000,424077873.000000,55990.000000
925000014.000000,60694.000000,48229.000000,295675.000000,199336.000000,424572884.000000,56070.000000
926000009.000000,60834.000000,42228.000000,303034.000000,198815.000000,425074733.000000,56826.000000
927000003.000000,58455.000000,25225.000000,315645.000000,197385.000000,425587763.000000,55953.000000
928000015.000000,61172.000000,52877.000000,295100.000000,200987.000000,426083850.000000,56699.000000
929000082.000000,56882.000000,38218.000000,305725.000000,193395.000000,426582970.000000,53279.000000
930000004.000000,56028.000000,39037.000000,305432.000000,192114.000000,427080516.000000,52594.000000
931000011.000000,57898.000000,39193.000000,305449.000000,189363.000000,427575328.000000,54105.000000
932000183.000000,63561.000000,51136.000000,292774.000000,205455.000000,428073557.000000,59109.000000
933000410.000000,56204.000000,30256.000000,312827.000000,192428.000000,428578812.000000,53343.000000
934000031.000000,56159.000000,35420.000000,306861.000000,189155.000000,429074828.000000,52608.000000
935000032.000000,64328.000000,56554.000000,289998.000000,204829.000000,429569655.000000,59549.000000
936000216.000000,56137.000000,31567.000000,312908.000000,189464.000000,430072027.000000,52971.000000
937000020.000000,57689.000000,31802.000000,307879.000000,194436.000000,430574342.000000,54603.000000
938000022.000000,65801.000000,55130.000000,287687.000000,209395.000000,431071424.000000,61254.000000
939000011.000000,58633.000000,26605.000000,305419.000000,200299.000000,431577142.000000,56210.000000
940000005.000000,61177.000000,41600.000000,292830.000000,200924.000000,432070896.000000,57560.000000
941000007.000000,60985.000000,43497.000000,291045.000000,201362.000000,432563303.000000,57270.000000
942000021.000000,53733.000000,30826.000000,306108.000000,187430.000000,433056841.000000,50493.000000
943000007.000000,61558.000000,48034.000000,291341.000000,205263.000000,433553445.000000,57270.000000
944000025.000000,61127.000000,39524.000000,291600.000000,205076.000000,434050121.000000,57489.000000
945000001.000000,59169.000000,34286.000000,297393.000000,198589.000000,434546103.000000,55909.000000
946000008.000000,64179.000000,58384.000000,283359.000000,207939.000000,435037401.000000,59145.000000
947000021.000000,58836.000000,41971.000000,295632.000000,198968.000000,435532001.000000,54852.000000
948000005.000000,58488.000000,38663.000000,299920.000000,195752.000000,436027673.000000,54685.000000
949000054.000000,60282.000000,46532.000000,291383.000000,199057.000000,436518113.000000,55729.000000
950000292.000000,64743.000000,49963.000000,283123.000000,210842.000000,437012078.000000,60224.000000
951000030.000000,58171.000000,40701.000000,295041.000000,195299.000000,437502418.000000,54090.000000
952003104.000000,57510.000000,41595.000000,304834.000000,191627.000000,437998879.000000,53856.000000
953000008.000000,65011.000000,54960.000000,286971.000000,209569.000000,438495419.000000,60533.000000
954000012.000000,59009.000000,35062.000000,300839.000000,199585.000000,438995843.000000,55612.000000
955000001.000000,59990.000000,35603.000000,295305.000000,202631.000000,439493779.000000,56414.000000
956000005.000000,63650.000000,52036.000000,285598.000000,209372.000000,439988749.000000,59014.000000
957003342.000000,58747.000000,35358.000000,304423.000000,196206.000000,440489378.000000,55452.000000
958000015.000000,62429.000000,45839.000000,291957.000000,205352.000000,440986687.000000,58903.000000
959001104.000000,62827.000000,54584.000000,284674.000000,205045.000000,441476406.000000,58203.000000
960002097.000000,59884.000000,44578.000000,295228.000000,198083.000000,441969717.000000,55446.000000
961000041.000000,59679.000000,38552.000000,295019.000000,200468.000000,442465204.000000,56588.000000
962000001.000000,66555.000000,60239.000000,278632.000000,212405.000000,442956241.000000,61819.000000
963000110.000000,58544.000000,37786.000000,297718.000000,197679.000000,443451638.000000,55039.000000
964000538.000000,58833.000000,41862.000000,299778.000000,195379.000000,443946795.000000,54461.000000
965001807.000000,65320.000000,55462.000000,282021.000000,209649.000000,444438465.000000,60629.000000
966000003.000000,58603.000000,37287.000000,297436.000000,194782.000000,444930683.000000,55163.000000
967000007.000000,58744.000000,41087.000000,297957.000000,192236.000000,445420876.000000,54911.000000
968000001.000000,65804.000000,61851.000000,277597.000000,210126.000000,445908599.000000,60802.000000
969000004.000000,59349.000000,41457.000000,297244.000000,195383.000000,446401226.000000,55020.000000
970000014.000000,58274.000000,38956.000000,297297.000000,196121.000000,446894644.000000,54361.000000
971000738.000000,64334.000000,63719.000000,281699.000000,206537.000000,447382880.000000,58511.000000
972000020.000000,57890.000000,35931.000000,300441.000000,195382.000000,447878703.000000,54806.000000
973001509.000000,57782.000000,36448.000000,305033.000000,193767.000000,448377503.000000,54730.000000
974000003.000000,65604.000000,59196.000000,282148.000000,209915.000000,448869566.000000,60920.000000
975000304.000000,58179.000000,38511.000000,301126.000000,194955.000000,449365647.000000,54704.000000
976000015.000000,58410.000000,38690.000000,298855.000000,196491.000000,449860993.000000,55002.000000
977000023.000000,63928.000000,55662.000000,285467.000000,204857.000000,450351317.000000,58979.000000
978000202.000000,60630.000000,49814.000000,295987.000000,198860.000000,450846164.000000,56097.000000
979000018.000000,57372.000000,40053.000000,301787.000000,191766.000000,451339717.000000,53569.000000
980002941.000000,58464.000000,39185.000000,297875.000000,197209.000000,451834801.000000,54793.000000
981000217.000000,66031.000000,61674.000000,278679.000000,209699.000000,452323179.000000,60742.000000
982000129.000000,57306.000000,35624.000000,304923.000000,191927.000000,452820029.000000,54037.000000
983000004.000000,57997.000000,34888.000000,302878.000000,195181.000000,453318088.000000,54956.000000
984000040.000000,66081.000000,58260.000000,285080.000000,209862.000000,453813030.000000,61293.000000
985000007.000000,57028.000000,30816.000000,306428.000000,194530.000000,454313988.000000,53976.000000
986000011.000000,58110.000000,30019.000000,302116.000000,198570.000000,454814674.000000,55199.000000
987000002.000000,65875.000000,57139.000000,279669.000000,211621.000000,455305964.000000,61441.000000
988001579.000000,58042.000000,29841.000000,305294.000000,195116.000000,455806374.000000,55291.000000
989000002.000000,55278.000000,31975.000000,306969.000000,189856.000000,456303199.000000,52299.000000
990000520.000000,63986.000000,57375.000000,284577.000000,208941.000000,456796717.000000,59164.000000
991000009.000000,56099.000000,31537.000000,305461.000000,192267.000000,457294445.000000,52628.000000
992000033.000000,56019.000000,32708.000000,307955.000000,190666.000000,457793066.000000,52686.000000
993000010.000000,62959.000000,55976.000000,286746.000000,204204.000000,458284016.000000,57879.000000
994000009.000000,56471.000000,29260.000000,307027.000000,195374.000000,458786417.000000,53258.000000
995001165.000000,59303.000000,33683.000000,297322.000000,200246.000000,459283985.000000,56176.000000
996000013.000000,65987.000000,56514.000000,276133.000000,212463.000000,459772581.000000,61414.000000
997000003.000000,59070.000000,33336.000000,295744.000000,200642.000000,460268967.000000,55464.000000
998000018.000000,60885.000000,41476.000000,290688.000000,202260.000000,460761915.000000,57009.000000
999000033.000000,63336.000000,59019.000000,284063.000000,204569.000000,461250547.000000,57955.000000
