Instruction,pfIssued,pfInCache,overallMisses,overallHits,overallAccesses,unusedPrefetches
1001262.000000,1091.000000,131.000000,365885.000000,4223.000000,370108.000000,39.000000
2001236.000000,1106.000000,94.000000,365027.000000,3647.000000,738782.000000,2.000000
3001112.000000,1140.000000,85.000000,365177.000000,3404.000000,1107363.000000,2.000000
4001131.000000,1143.000000,84.000000,365238.000000,3400.000000,1476001.000000,2.000000
5001021.000000,1173.000000,76.000000,365311.000000,3289.000000,1844601.000000,0.000000
6001099.000000,1168.000000,79.000000,365437.000000,3283.000000,2213321.000000,0.000000
7000881.000000,1185.000000,71.000000,365825.000000,3201.000000,2582347.000000,0.000000
8000154.000000,1142.000000,87.000000,361234.000000,3073.000000,2946654.000000,1.000000
9001242.000000,1143.000000,75.000000,360615.000000,3155.000000,3310424.000000,0.000000
10000381.000000,1123.000000,72.000000,359971.000000,3075.000000,3673470.000000,0.000000
11001985.000000,796.000000,45.000000,357049.000000,1751.000000,4032270.000000,25.000000
12006630.000000,426.000000,20.000000,355646.000000,453.000000,4388369.000000,228.000000
13008456.000000,250.000000,17.000000,355009.000000,301.000000,4743679.000000,124.000000
14002917.000000,240.000000,18.000000,352394.000000,270.000000,5096343.000000,83.000000
15007393.000000,262.000000,17.000000,356293.000000,272.000000,5452908.000000,95.000000
16003948.000000,297.000000,21.000000,357442.000000,306.000000,5810656.000000,105.000000
17001047.000000,243.000000,22.000000,353291.000000,263.000000,6164210.000000,103.000000
18009191.000000,248.000000,16.000000,357270.000000,265.000000,6521745.000000,82.000000
19002394.000000,275.000000,15.000000,351937.000000,282.000000,6873964.000000,97.000000
20001468.000000,284.000000,20.000000,358720.000000,265.000000,7232949.000000,99.000000
21003582.000000,347.000000,13.000000,353622.000000,406.000000,7586977.000000,166.000000
22001940.000000,275.000000,19.000000,353004.000000,350.000000,7940331.000000,126.000000
23001118.000000,244.000000,22.000000,352190.000000,317.000000,8292838.000000,99.000000
24000839.000000,291.000000,19.000000,352408.000000,371.000000,8645617.000000,91.000000
25009195.000000,274.000000,36.000000,355235.000000,364.000000,9001216.000000,121.000000
26000663.000000,388.000000,13.000000,349392.000000,391.000000,9350999.000000,143.000000
27003759.000000,282.000000,18.000000,353458.000000,332.000000,9704789.000000,154.000000
28005624.000000,257.000000,13.000000,353689.000000,276.000000,10058754.000000,99.000000
29002479.000000,275.000000,17.000000,351831.000000,322.000000,10410907.000000,91.000000
30000735.000000,255.000000,21.000000,352927.000000,334.000000,10764168.000000,92.000000
31000441.000000,397.000000,23.000000,351199.000000,462.000000,11115829.000000,154.000000
32000958.000000,452.000000,13.000000,353538.000000,428.000000,11469795.000000,249.000000
33003139.000000,475.000000,13.000000,353274.000000,471.000000,11823540.000000,288.000000
34012467.000000,409.000000,22.000000,356861.000000,423.000000,12180824.000000,246.000000
35000100.000000,235.000000,19.000000,350090.000000,238.000000,12531152.000000,120.000000
36004128.000000,246.000000,19.000000,355398.000000,258.000000,12886808.000000,83.000000
37001014.000000,250.000000,25.000000,354105.000000,263.000000,13241176.000000,90.000000
38002307.000000,290.000000,21.000000,353110.000000,303.000000,13594589.000000,97.000000
39004455.000000,253.000000,8.000000,354998.000000,252.000000,13949839.000000,108.000000
40003755.000000,239.000000,21.000000,354029.000000,268.000000,14304136.000000,81.000000
41002056.000000,258.000000,22.000000,353941.000000,281.000000,14658358.000000,83.000000
42007595.000000,259.000000,18.000000,350328.000000,276.000000,15008962.000000,96.000000
43001050.000000,302.000000,18.000000,351529.000000,339.000000,15360830.000000,119.000000
44002623.000000,307.000000,23.000000,354499.000000,385.000000,15715714.000000,141.000000
45006168.000000,335.000000,18.000000,355464.000000,351.000000,16071529.000000,129.000000
46000923.000000,310.000000,17.000000,351096.000000,341.000000,16422966.000000,161.000000
47001732.000000,298.000000,28.000000,353084.000000,347.000000,16776397.000000,124.000000
48000703.000000,343.000000,30.000000,354324.000000,395.000000,17131116.000000,175.000000
49006333.000000,295.000000,17.000000,358538.000000,345.000000,17489999.000000,125.000000
50000335.000000,255.000000,33.000000,352954.000000,313.000000,17843266.000000,80.000000
51005771.000000,313.000000,36.000000,357222.000000,377.000000,18200865.000000,118.000000
52002279.000000,308.000000,45.000000,354358.000000,356.000000,18555579.000000,114.000000
53003019.000000,360.000000,30.000000,355008.000000,389.000000,18910976.000000,163.000000
54002440.000000,286.000000,32.000000,355132.000000,363.000000,19266471.000000,150.000000
55002811.000000,267.000000,22.000000,355495.000000,287.000000,19622253.000000,76.000000
56003992.000000,262.000000,37.000000,356284.000000,371.000000,19978908.000000,106.000000
57000146.000000,264.000000,16.000000,354266.000000,325.000000,20333499.000000,81.000000
58008130.000000,447.000000,25.000000,351882.000000,441.000000,20685822.000000,203.000000
59001820.000000,398.000000,19.000000,348629.000000,406.000000,21034857.000000,209.000000
60000163.000000,432.000000,18.000000,352633.000000,434.000000,21387924.000000,234.000000
61000572.000000,394.000000,12.000000,351575.000000,417.000000,21739916.000000,249.000000
62001555.000000,454.000000,20.000000,352556.000000,465.000000,22092937.000000,241.000000
63004809.000000,428.000000,16.000000,349751.000000,438.000000,22443126.000000,262.000000
64002795.000000,338.000000,14.000000,351553.000000,372.000000,22795051.000000,186.000000
65009842.000000,372.000000,10.000000,356329.000000,371.000000,23151751.000000,178.000000
66003317.000000,382.000000,12.000000,350544.000000,384.000000,23502679.000000,215.000000
67000039.000000,344.000000,18.000000,354259.000000,340.000000,23857278.000000,170.000000
68001432.000000,399.000000,11.000000,355056.000000,396.000000,24212730.000000,191.000000
69008167.000000,301.000000,14.000000,356724.000000,300.000000,24569754.000000,157.000000
70000633.000000,245.000000,18.000000,351716.000000,240.000000,24921710.000000,105.000000
71007190.000000,269.000000,20.000000,356601.000000,276.000000,25278587.000000,83.000000
72004187.000000,246.000000,22.000000,356897.000000,241.000000,25635725.000000,88.000000
73005518.000000,305.000000,13.000000,355961.000000,320.000000,25992006.000000,120.000000
74009109.000000,243.000000,19.000000,355587.000000,263.000000,26347856.000000,93.000000
75008837.000000,268.000000,28.000000,354246.000000,267.000000,26702369.000000,89.000000
76008405.000000,238.000000,24.000000,356628.000000,249.000000,27059246.000000,89.000000
77004870.000000,354.000000,9.000000,355316.000000,356.000000,27414918.000000,134.000000
78003077.000000,320.000000,23.000000,354894.000000,374.000000,27770186.000000,166.000000
79003773.000000,256.000000,45.000000,356291.000000,317.000000,28126794.000000,104.000000
80002040.000000,282.000000,29.000000,354408.000000,342.000000,28481544.000000,91.000000
81001658.000000,268.000000,53.000000,355442.000000,340.000000,28837326.000000,90.000000
82001267.000000,359.000000,31.000000,354654.000000,389.000000,29192369.000000,122.000000
83002115.000000,324.000000,17.000000,355679.000000,371.000000,29548419.000000,188.000000
84006406.000000,242.000000,21.000000,357013.000000,283.000000,29905715.000000,93.000000
85001242.000000,277.000000,25.000000,353197.000000,322.000000,30259234.000000,87.000000
86003618.000000,259.000000,29.000000,356919.000000,349.000000,30616502.000000,92.000000
87001231.000000,423.000000,22.000000,353437.000000,466.000000,30970405.000000,149.000000
88001821.000000,423.000000,20.000000,351792.000000,461.000000,31322658.000000,277.000000
89000593.000000,297.000000,13.000000,352232.000000,309.000000,31675199.000000,154.000000
90002055.000000,263.000000,21.000000,350125.000000,285.000000,32025609.000000,102.000000
91006399.000000,347.000000,26.000000,354151.000000,396.000000,32380156.000000,148.000000
92008311.000000,283.000000,17.000000,350499.000000,308.000000,32730963.000000,122.000000
93003665.000000,351.000000,11.000000,350596.000000,346.000000,33081905.000000,139.000000
94004272.000000,295.000000,28.000000,353496.000000,337.000000,33435738.000000,145.000000
95010168.000000,267.000000,20.000000,353444.000000,313.000000,33789495.000000,110.000000
96000786.000000,290.000000,20.000000,348168.000000,364.000000,34138027.000000,101.000000
97000377.000000,398.000000,13.000000,350548.000000,403.000000,34488978.000000,164.000000
98001128.000000,382.000000,16.000000,352102.000000,409.000000,34841489.000000,220.000000
99000862.000000,399.000000,20.000000,351233.000000,426.000000,35193148.000000,211.000000
100000567.000000,392.000000,17.000000,353812.000000,461.000000,35547421.000000,221.000000
101001269.000000,387.000000,10.000000,354522.000000,387.000000,35902330.000000,196.000000
102001377.000000,387.000000,13.000000,351908.000000,382.000000,36254620.000000,199.000000
103005868.000000,364.000000,21.000000,347802.000000,388.000000,36602810.000000,194.000000
104000058.000000,355.000000,16.000000,349950.000000,381.000000,36953141.000000,193.000000
105000530.000000,490.000000,28.000000,353285.000000,507.000000,37306933.000000,264.000000
106002005.000000,422.000000,14.000000,352627.000000,456.000000,37660016.000000,259.000000
107000854.000000,369.000000,19.000000,350540.000000,390.000000,38010946.000000,205.000000
108000977.000000,309.000000,18.000000,351475.000000,338.000000,38362759.000000,164.000000
109006553.000000,425.000000,12.000000,353587.000000,449.000000,38716795.000000,190.000000
110000920.000000,350.000000,22.000000,348779.000000,379.000000,39065953.000000,202.000000
111002856.000000,433.000000,23.000000,350810.000000,442.000000,39417205.000000,222.000000
112009186.000000,263.000000,15.000000,354079.000000,283.000000,39771567.000000,156.000000
113005012.000000,249.000000,26.000000,349362.000000,296.000000,40121225.000000,88.000000
114003400.000000,362.000000,15.000000,351881.000000,378.000000,40473484.000000,123.000000
115007249.000000,329.000000,14.000000,355643.000000,359.000000,40829486.000000,168.000000
116001097.000000,411.000000,12.000000,346262.000000,463.000000,41176211.000000,231.000000
117001206.000000,388.000000,14.000000,351967.000000,435.000000,41528613.000000,193.000000
118006496.000000,468.000000,18.000000,354752.000000,481.000000,41883846.000000,277.000000
119001824.000000,460.000000,7.000000,351319.000000,450.000000,42235615.000000,286.000000
120001378.000000,473.000000,26.000000,352302.000000,495.000000,42588412.000000,273.000000
121000557.000000,541.000000,18.000000,350236.000000,554.000000,42939202.000000,357.000000
122002567.000000,335.000000,21.000000,350507.000000,365.000000,43290074.000000,208.000000
123007882.000000,267.000000,25.000000,354350.000000,314.000000,43644738.000000,124.000000
124001234.000000,297.000000,20.000000,347636.000000,364.000000,43992738.000000,104.000000
125001199.000000,309.000000,24.000000,350478.000000,346.000000,44343562.000000,144.000000
126002358.000000,310.000000,17.000000,352402.000000,335.000000,44696299.000000,115.000000
127001437.000000,427.000000,15.000000,351132.000000,441.000000,45047872.000000,222.000000
128004188.000000,317.000000,24.000000,351687.000000,345.000000,45399904.000000,167.000000
129001984.000000,269.000000,18.000000,348014.000000,287.000000,45748205.000000,116.000000
130002174.000000,335.000000,15.000000,350140.000000,351.000000,46098696.000000,124.000000
131001624.000000,376.000000,24.000000,353708.000000,408.000000,46452812.000000,187.000000
132001504.000000,399.000000,19.000000,348156.000000,429.000000,46801397.000000,208.000000
133004462.000000,334.000000,18.000000,353385.000000,386.000000,47155168.000000,189.000000
134006632.000000,335.000000,16.000000,354636.000000,344.000000,47510148.000000,153.000000
135002121.000000,398.000000,17.000000,352139.000000,439.000000,47862726.000000,192.000000
136003646.000000,391.000000,16.000000,348495.000000,396.000000,48211617.000000,223.000000
137008407.000000,272.000000,28.000000,351966.000000,313.000000,48563896.000000,142.000000
138008723.000000,270.000000,22.000000,352225.000000,303.000000,48916424.000000,108.000000
139005725.000000,276.000000,18.000000,349094.000000,288.000000,49265806.000000,99.000000
140000021.000000,256.000000,28.000000,351530.000000,282.000000,49617618.000000,104.000000
141006714.000000,278.000000,30.000000,349017.000000,298.000000,49966933.000000,107.000000
142000269.000000,281.000000,27.000000,349527.000000,332.000000,50316792.000000,104.000000
143003102.000000,441.000000,21.000000,352114.000000,491.000000,50669397.000000,207.000000
144002466.000000,376.000000,14.000000,352411.000000,413.000000,51022221.000000,227.000000
145000247.000000,393.000000,16.000000,351751.000000,414.000000,51374386.000000,200.000000
146001285.000000,360.000000,12.000000,351870.000000,339.000000,51726595.000000,204.000000
147001284.000000,376.000000,14.000000,349610.000000,386.000000,52076591.000000,183.000000
148003182.000000,276.000000,20.000000,349823.000000,306.000000,52426720.000000,126.000000
149004814.000000,287.000000,20.000000,350272.000000,351.000000,52777343.000000,114.000000
150005410.000000,262.000000,26.000000,351169.000000,315.000000,53128827.000000,110.000000
151000991.000000,243.000000,27.000000,349915.000000,297.000000,53479039.000000,82.000000
152003945.000000,373.000000,20.000000,355012.000000,382.000000,53834433.000000,137.000000
153004425.000000,395.000000,12.000000,353338.000000,409.000000,54188180.000000,195.000000
154001288.000000,347.000000,11.000000,351976.000000,332.000000,54540488.000000,188.000000
155001486.000000,412.000000,22.000000,351108.000000,423.000000,54892019.000000,217.000000
156001118.000000,365.000000,9.000000,353398.000000,347.000000,55245764.000000,198.000000
157003412.000000,361.000000,14.000000,351062.000000,384.000000,55597210.000000,174.000000
158001155.000000,575.000000,29.000000,350310.000000,596.000000,55948116.000000,343.000000
159002652.000000,496.000000,22.000000,352459.000000,520.000000,56301095.000000,340.000000
160006737.000000,329.000000,20.000000,352257.000000,375.000000,56653727.000000,192.000000
161002864.000000,333.000000,33.000000,351352.000000,405.000000,57005484.000000,176.000000
162010080.000000,251.000000,21.000000,353794.000000,329.000000,57359607.000000,102.000000
163003896.000000,246.000000,21.000000,344889.000000,278.000000,57704774.000000,68.000000
164001289.000000,255.000000,28.000000,342095.000000,298.000000,58047167.000000,83.000000
165007232.000000,296.000000,19.000000,347849.000000,324.000000,58395340.000000,109.000000
166002820.000000,285.000000,23.000000,349334.000000,316.000000,58744990.000000,111.000000
167000168.000000,334.000000,34.000000,346778.000000,398.000000,59092166.000000,156.000000
168002116.000000,238.000000,28.000000,349069.000000,283.000000,59441518.000000,93.000000
169002933.000000,260.000000,27.000000,350338.000000,326.000000,59792182.000000,83.000000
170001973.000000,224.000000,24.000000,341172.000000,260.000000,60133614.000000,78.000000
171008147.000000,335.000000,23.000000,351610.000000,362.000000,60485586.000000,106.000000
172004305.000000,303.000000,23.000000,349856.000000,367.000000,60835809.000000,168.000000
173002063.000000,228.000000,18.000000,352105.000000,278.000000,61188192.000000,80.000000
174002941.000000,260.000000,33.000000,348593.000000,325.000000,61537110.000000,79.000000
175002775.000000,334.000000,12.000000,352080.000000,361.000000,61889551.000000,141.000000
176001863.000000,406.000000,19.000000,352602.000000,434.000000,62242587.000000,188.000000
177001730.000000,410.000000,26.000000,350473.000000,432.000000,62593492.000000,231.000000
178002134.000000,329.000000,22.000000,349369.000000,371.000000,62943232.000000,192.000000
179009430.000000,334.000000,25.000000,352747.000000,405.000000,63296384.000000,138.000000
180006662.000000,261.000000,19.000000,348240.000000,302.000000,63644926.000000,113.000000
181003547.000000,267.000000,28.000000,349632.000000,295.000000,63994853.000000,90.000000
182003323.000000,278.000000,38.000000,354111.000000,298.000000,64349262.000000,108.000000
183007452.000000,262.000000,19.000000,355852.000000,252.000000,64705366.000000,96.000000
184005947.000000,335.000000,22.000000,349138.000000,374.000000,65054878.000000,115.000000
185013171.000000,313.000000,15.000000,350607.000000,335.000000,65405820.000000,147.000000
186004614.000000,352.000000,20.000000,345144.000000,361.000000,65751325.000000,163.000000
187002147.000000,332.000000,17.000000,350477.000000,349.000000,66102151.000000,169.000000
188002895.000000,280.000000,14.000000,352827.000000,307.000000,66455285.000000,134.000000
189002287.000000,392.000000,18.000000,352008.000000,399.000000,66807692.000000,157.000000
190000879.000000,306.000000,16.000000,353283.000000,371.000000,67161346.000000,171.000000
191004180.000000,306.000000,21.000000,352214.000000,341.000000,67513901.000000,136.000000
192007017.000000,286.000000,16.000000,352981.000000,307.000000,67867189.000000,120.000000
193003233.000000,347.000000,13.000000,350992.000000,349.000000,68218530.000000,135.000000
194008056.000000,363.000000,18.000000,352692.000000,365.000000,68571587.000000,182.000000
195000790.000000,306.000000,36.000000,346516.000000,323.000000,68918426.000000,152.000000
196003774.000000,268.000000,25.000000,352917.000000,290.000000,69271633.000000,118.000000
197001711.000000,261.000000,16.000000,350923.000000,284.000000,69622840.000000,87.000000
198000295.000000,255.000000,28.000000,350242.000000,298.000000,69973380.000000,80.000000
199003045.000000,393.000000,14.000000,351450.000000,378.000000,70325208.000000,179.000000
200003562.000000,270.000000,16.000000,352004.000000,291.000000,70677503.000000,131.000000
201002855.000000,247.000000,20.000000,353400.000000,277.000000,71031180.000000,85.000000
202004253.000000,302.000000,25.000000,354166.000000,321.000000,71385667.000000,99.000000
203002136.000000,352.000000,26.000000,350207.000000,368.000000,71736242.000000,172.000000
204003617.000000,384.000000,20.000000,350699.000000,393.000000,72087334.000000,189.000000
205001257.000000,337.000000,23.000000,353551.000000,375.000000,72441260.000000,185.000000
206000020.000000,17880.000000,43555.000000,291056.000000,41040.000000,72773356.000000,385.000000
207002145.000000,51828.000000,80995.000000,280863.000000,121841.000000,73176060.000000,2386.000000
208000002.000000,54533.000000,10111.000000,187287.000000,178139.000000,73541486.000000,48279.000000
209003027.000000,54766.000000,8944.000000,193156.000000,177534.000000,73912176.000000,48653.000000
210000007.000000,49116.000000,12917.000000,216061.000000,154840.000000,74283077.000000,34531.000000
211000010.000000,53896.000000,18532.000000,197931.000000,177450.000000,74658458.000000,47719.000000
212000008.000000,48802.000000,15125.000000,225180.000000,154366.000000,75038004.000000,34529.000000
213003962.000000,52676.000000,17342.000000,212290.000000,177556.000000,75427850.000000,47534.000000
214000013.000000,50422.000000,19406.000000,212774.000000,167335.000000,75807959.000000,46910.000000
215000454.000000,44949.000000,10709.000000,242790.000000,148682.000000,76199431.000000,32783.000000
216001616.000000,48120.000000,7924.000000,233925.000000,169592.000000,76602948.000000,45614.000000
217000002.000000,48938.000000,7589.000000,227900.000000,174632.000000,77005480.000000,46411.000000
218000006.000000,46053.000000,12059.000000,244424.000000,154229.000000,77404133.000000,34511.000000
219000007.000000,49891.000000,20247.000000,227565.000000,177194.000000,77808892.000000,47596.000000
220000015.000000,47194.000000,16353.000000,246269.000000,162977.000000,78218138.000000,38922.000000
221000014.000000,48790.000000,7063.000000,245738.000000,168586.000000,78632462.000000,43344.000000
222000003.000000,48600.000000,6606.000000,241966.000000,172882.000000,79047310.000000,46065.000000
223000006.000000,47091.000000,7305.000000,252773.000000,158136.000000,79458219.000000,35649.000000
224003663.000000,49896.000000,19386.000000,245310.000000,177827.000000,79881356.000000,47626.000000
225000595.000000,50590.000000,19120.000000,246222.000000,180102.000000,80307680.000000,48325.000000
226004048.000000,49051.000000,14464.000000,253239.000000,163067.000000,80723986.000000,37784.000000
227000005.000000,50560.000000,17386.000000,247663.000000,178454.000000,81150103.000000,48220.000000
228000007.000000,51493.000000,16065.000000,256774.000000,178706.000000,81585583.000000,49295.000000
229000001.000000,48195.000000,12243.000000,259864.000000,159581.000000,82005028.000000,36798.000000
230000021.000000,49141.000000,17950.000000,264094.000000,172041.000000,82441163.000000,46515.000000
231000001.000000,49996.000000,18023.000000,259577.000000,172395.000000,82873135.000000,46753.000000
232000035.000000,47919.000000,12912.000000,259030.000000,158657.000000,83290822.000000,36175.000000
233000008.000000,50045.000000,18907.000000,259140.000000,174090.000000,83724052.000000,46603.000000
234001632.000000,49580.000000,17783.000000,260755.000000,172222.000000,84157029.000000,46689.000000
235000033.000000,48222.000000,11349.000000,263001.000000,160182.000000,84580212.000000,36616.000000
236000019.000000,49424.000000,12006.000000,260564.000000,173909.000000,85014685.000000,46254.000000
237000050.000000,49321.000000,9099.000000,258974.000000,173826.000000,85447485.000000,46901.000000
238000581.000000,48428.000000,13476.000000,259626.000000,162316.000000,85869427.000000,37564.000000
239000026.000000,48520.000000,19753.000000,256470.000000,176544.000000,86302441.000000,46279.000000
240000029.000000,49418.000000,18168.000000,258100.000000,170926.000000,86731467.000000,44069.000000
241000029.000000,47765.000000,7354.000000,262675.000000,161460.000000,87155602.000000,39293.000000
242000010.000000,49510.000000,8656.000000,265002.000000,171849.000000,87592453.000000,46683.000000
243000003.000000,48746.000000,8920.000000,262731.000000,162442.000000,88017626.000000,38518.000000
244000406.000000,50357.000000,9041.000000,259580.000000,176387.000000,88453593.000000,46406.000000
245000048.000000,50480.000000,10411.000000,259028.000000,177831.000000,88890452.000000,47491.000000
246002025.000000,50806.000000,9054.000000,258434.000000,166592.000000,89315478.000000,39613.000000
247000009.000000,50896.000000,8918.000000,265237.000000,177065.000000,89757780.000000,48087.000000
248000289.000000,51042.000000,9660.000000,265426.000000,178848.000000,90202054.000000,48128.000000
249000020.000000,49983.000000,10727.000000,272022.000000,164484.000000,90638560.000000,38487.000000
250000032.000000,50101.000000,18997.000000,266693.000000,177815.000000,91083068.000000,47258.000000
251000008.000000,51464.000000,16368.000000,277682.000000,173511.000000,91534261.000000,47870.000000
252000015.000000,50835.000000,13038.000000,271155.000000,165781.000000,91971197.000000,39697.000000
253000159.000000,50471.000000,18326.000000,273284.000000,176108.000000,92420589.000000,47042.000000
254000031.000000,51052.000000,19293.000000,269865.000000,178146.000000,92868600.000000,47327.000000
255000263.000000,51130.000000,15339.000000,266887.000000,168609.000000,93304096.000000,39775.000000
256000005.000000,49988.000000,18420.000000,267704.000000,178019.000000,93749819.000000,46526.000000
257000003.000000,51078.000000,18501.000000,274343.000000,178019.000000,94202181.000000,47480.000000
258000015.000000,52057.000000,16612.000000,267320.000000,171078.000000,94640579.000000,40880.000000
259000004.000000,50898.000000,17847.000000,274964.000000,179359.000000,95094902.000000,47471.000000
260002980.000000,51588.000000,19845.000000,279757.000000,180108.000000,95554767.000000,47999.000000
261000005.000000,51531.000000,18495.000000,263233.000000,173777.000000,95991777.000000,41017.000000
262001114.000000,52094.000000,15457.000000,275817.000000,178584.000000,96446178.000000,47746.000000
263000024.000000,50874.000000,18817.000000,284880.000000,175795.000000,96906853.000000,47311.000000
264000015.000000,49182.000000,17682.000000,277767.000000,169296.000000,97353916.000000,41823.000000
265000003.000000,52877.000000,10659.000000,280066.000000,176779.000000,97810761.000000,45448.000000
266000002.000000,51269.000000,11201.000000,277016.000000,178522.000000,98266299.000000,47320.000000
267000013.000000,51024.000000,12637.000000,278842.000000,177924.000000,98723065.000000,46644.000000
268000472.000000,51628.000000,12060.000000,277690.000000,169577.000000,99170332.000000,41669.000000
269000364.000000,50365.000000,18847.000000,283145.000000,176214.000000,99629691.000000,46410.000000
270000030.000000,50027.000000,19959.000000,289934.000000,174449.000000,100094074.000000,46324.000000
271000013.000000,52446.000000,12538.000000,271238.000000,172666.000000,100537978.000000,41798.000000
272000005.000000,50546.000000,18883.000000,282796.000000,176420.000000,100997194.000000,46689.000000
273000826.000000,50184.000000,17751.000000,291436.000000,173834.000000,101462464.000000,46368.000000
274000013.000000,53665.000000,13045.000000,269378.000000,176435.000000,101908277.000000,43120.000000
275000016.000000,50460.000000,12945.000000,286905.000000,176553.000000,102371735.000000,46556.000000
276000011.000000,49697.000000,12944.000000,289599.000000,175394.000000,102836728.000000,45830.000000
277000038.000000,53090.000000,13176.000000,269462.000000,175711.000000,103281901.000000,42688.000000
278002682.000000,49324.000000,12418.000000,291912.000000,173542.000000,103747355.000000,45478.000000
279004857.000000,49545.000000,11858.000000,293642.000000,174037.000000,104215034.000000,45860.000000
280000012.000000,52751.000000,10727.000000,269837.000000,175707.000000,104660578.000000,42599.000000
281000030.000000,50368.000000,12102.000000,293095.000000,174671.000000,105128344.000000,46377.000000
282000051.000000,49837.000000,10702.000000,289134.000000,174005.000000,105591483.000000,46048.000000
283000046.000000,52739.000000,13283.000000,275011.000000,175613.000000,106042107.000000,43208.000000
284000023.000000,49881.000000,13692.000000,291849.000000,172845.000000,106506801.000000,45670.000000
285000568.000000,51733.000000,18942.000000,285064.000000,182701.000000,106974566.000000,47978.000000
286000023.000000,48928.000000,16962.000000,285900.000000,171273.000000,107431739.000000,42328.000000
287000003.000000,53685.000000,16998.000000,279087.000000,180312.000000,107891138.000000,46879.000000
288002219.000000,50749.000000,20686.000000,288526.000000,177643.000000,108357307.000000,46865.000000
289000019.000000,49217.000000,17994.000000,293108.000000,171006.000000,108821421.000000,45415.000000
290000211.000000,53353.000000,13781.000000,273886.000000,176531.000000,109271838.000000,43781.000000
291000013.000000,50314.000000,19266.000000,289404.000000,175182.000000,109736424.000000,46826.000000
292000701.000000,50323.000000,18995.000000,290613.000000,176996.000000,110204033.000000,46566.000000
293000018.000000,55442.000000,15828.000000,263594.000000,185522.000000,110653149.000000,46032.000000
294001320.000000,50856.000000,19243.000000,289947.000000,177277.000000,111120373.000000,46783.000000
295000015.000000,50964.000000,19415.000000,289230.000000,177318.000000,111586921.000000,47125.000000
296000004.000000,54886.000000,15761.000000,271574.000000,180667.000000,112039162.000000,45842.000000
297005082.000000,51020.000000,19504.000000,293660.000000,178391.000000,112511213.000000,47382.000000
298000010.000000,52529.000000,15460.000000,279757.000000,176034.000000,112967004.000000,47729.000000
299000018.000000,53590.000000,13961.000000,267898.000000,177008.000000,113411910.000000,44580.000000
300003471.000000,50075.000000,14359.000000,290131.000000,176203.000000,113878244.000000,46632.000000
301000021.000000,50719.000000,15674.000000,286425.000000,176311.000000,114340980.000000,47469.000000
302000034.000000,54860.000000,12227.000000,270568.000000,181921.000000,114793469.000000,45854.000000
303000168.000000,50168.000000,19814.000000,288013.000000,177261.000000,115258743.000000,46841.000000
304000301.000000,50108.000000,19032.000000,282154.000000,177700.000000,115718597.000000,46976.000000
305003049.000000,54432.000000,13469.000000,274007.000000,181274.000000,116173878.000000,45616.000000
306000031.000000,51451.000000,12711.000000,291043.000000,174949.000000,116639870.000000,47394.000000
307000005.000000,51373.000000,12551.000000,288884.000000,178593.000000,117107347.000000,47543.000000
308000019.000000,54488.000000,14311.000000,278814.000000,181715.000000,117567876.000000,46614.000000
309003963.000000,53207.000000,17346.000000,285165.000000,182649.000000,118035690.000000,48726.000000
310000051.000000,50316.000000,16713.000000,294809.000000,174386.000000,118504885.000000,46692.000000
311000014.000000,49786.000000,16455.000000,299270.000000,173756.000000,118977911.000000,46318.000000
312000028.000000,54488.000000,15237.000000,277865.000000,179520.000000,119435296.000000,45764.000000
313001131.000000,49785.000000,16076.000000,300026.000000,173310.000000,119908632.000000,45875.000000
314000006.000000,52198.000000,17653.000000,291732.000000,172976.000000,120373340.000000,47104.000000
315002485.000000,55695.000000,17824.000000,273251.000000,182459.000000,120829050.000000,46162.000000
316000002.000000,50064.000000,18668.000000,292057.000000,178139.000000,121299246.000000,46337.000000
317002173.000000,50245.000000,19773.000000,293541.000000,176870.000000,121769657.000000,46361.000000
318000010.000000,55586.000000,18357.000000,269077.000000,185228.000000,122223962.000000,46874.000000
319000006.000000,49832.000000,19580.000000,293839.000000,179314.000000,122697115.000000,46244.000000
320000003.000000,49988.000000,21500.000000,290413.000000,180742.000000,123168270.000000,46787.000000
321002229.000000,54664.000000,17668.000000,277761.000000,184519.000000,123630550.000000,46161.000000
322000684.000000,50081.000000,17426.000000,292816.000000,173529.000000,124096895.000000,46041.000000
323003598.000000,50548.000000,20012.000000,296209.000000,175955.000000,124569059.000000,46878.000000
324000003.000000,53334.000000,17198.000000,278623.000000,179667.000000,125027349.000000,45793.000000
325000013.000000,51925.000000,17651.000000,290386.000000,175806.000000,125493541.000000,47021.000000
326003839.000000,49355.000000,19315.000000,296146.000000,173014.000000,125962701.000000,45677.000000
327000029.000000,50483.000000,18364.000000,294288.000000,174649.000000,126431638.000000,45842.000000
328000638.000000,55350.000000,16286.000000,281947.000000,182900.000000,126896485.000000,47820.000000
329000041.000000,49445.000000,20553.000000,299255.000000,174659.000000,127370399.000000,45804.000000
330000846.000000,48890.000000,19866.000000,302903.000000,175561.000000,127848863.000000,45295.000000
331000010.000000,56079.000000,16853.000000,274663.000000,186271.000000,128309797.000000,47653.000000
332000563.000000,52025.000000,18043.000000,297065.000000,180955.000000,128787817.000000,48296.000000
333000037.000000,52073.000000,21502.000000,302038.000000,179523.000000,129269378.000000,48345.000000
334004899.000000,56843.000000,18362.000000,282177.000000,187569.000000,129739124.000000,48555.000000
335000045.000000,49689.000000,20340.000000,305698.000000,174068.000000,130218890.000000,45989.000000
336000013.000000,49271.000000,19261.000000,303991.000000,175423.000000,130698304.000000,45687.000000
337000060.000000,55769.000000,14491.000000,280109.000000,185122.000000,131163535.000000,47888.000000
338000005.000000,49314.000000,16507.000000,309634.000000,173487.000000,131646656.000000,45920.000000
339000038.000000,49479.000000,18128.000000,312698.000000,170630.000000,132129984.000000,46040.000000
340000018.000000,54164.000000,16773.000000,281199.000000,177870.000000,132589053.000000,46212.000000
341000023.000000,48199.000000,18367.000000,314446.000000,168223.000000,133071722.000000,44501.000000
342000002.000000,49480.000000,17645.000000,308126.000000,171909.000000,133551757.000000,45708.000000
343000030.000000,49375.000000,13836.000000,302032.000000,173060.000000,134026849.000000,43645.000000
344001585.000000,54275.000000,15541.000000,297074.000000,176434.000000,134500357.000000,48841.000000
345002150.000000,49446.000000,17191.000000,313666.000000,169083.000000,134983106.000000,46150.000000
346004875.000000,49726.000000,17732.000000,314090.000000,172090.000000,135469286.000000,45961.000000
347000005.000000,55052.000000,15640.000000,284882.000000,181775.000000,135935943.000000,47685.000000
348000009.000000,49131.000000,19258.000000,309207.000000,173009.000000,136418159.000000,45734.000000
349004061.000000,48869.000000,16697.000000,317212.000000,167236.000000,136902607.000000,45153.000000
350000018.000000,55767.000000,15199.000000,281510.000000,178570.000000,137362687.000000,47841.000000
351005339.000000,48205.000000,16792.000000,314395.000000,164473.000000,137841555.000000,44617.000000
352000013.000000,48863.000000,17222.000000,310019.000000,169599.000000,138321173.000000,45383.000000
353000038.000000,55000.000000,14030.000000,288257.000000,183027.000000,138792457.000000,48586.000000
354000010.000000,49998.000000,12501.000000,305556.000000,172877.000000,139270890.000000,45650.000000
355000012.000000,46449.000000,17198.000000,309828.000000,163316.000000,139744034.000000,42821.000000
356000006.000000,48387.000000,19675.000000,314127.000000,169001.000000,140227162.000000,44652.000000
357000004.000000,55748.000000,15530.000000,287899.000000,182138.000000,140697199.000000,48279.000000
358001674.000000,49577.000000,20052.000000,311992.000000,173453.000000,141182644.000000,45724.000000
359000002.000000,50010.000000,21893.000000,306808.000000,177660.000000,141667112.000000,46303.000000
360000006.000000,57519.000000,15009.000000,286951.000000,186888.000000,142140951.000000,50049.000000
361000004.000000,48731.000000,17399.000000,317094.000000,165159.000000,142623204.000000,45144.000000
362002689.000000,48566.000000,19502.000000,316988.000000,169838.000000,143110030.000000,45241.000000
363000026.000000,52775.000000,16966.000000,299238.000000,177871.000000,143587139.000000,46392.000000
364000005.000000,52570.000000,16118.000000,303517.000000,179718.000000,144070374.000000,48097.000000
365000005.000000,48317.000000,17700.000000,312141.000000,171241.000000,144553756.000000,44868.000000
366000955.000000,48296.000000,16317.000000,317922.000000,166533.000000,145038211.000000,44842.000000
367002739.000000,56947.000000,17071.000000,290321.000000,184638.000000,145513170.000000,50022.000000
368000127.000000,49211.000000,18674.000000,315294.000000,169495.000000,145997959.000000,45830.000000
369000033.000000,49583.000000,17941.000000,315843.000000,173252.000000,146487054.000000,46462.000000
370000034.000000,57242.000000,17629.000000,285833.000000,190384.000000,146963271.000000,50167.000000
371000018.000000,51378.000000,15205.000000,313679.000000,169593.000000,147446543.000000,46750.000000
372003579.000000,50767.000000,14793.000000,319953.000000,168587.000000,147935083.000000,46641.000000
373000003.000000,52437.000000,16876.000000,295349.000000,174083.000000,148404515.000000,46142.000000
374000009.000000,50717.000000,15382.000000,294894.000000,171233.000000,148870642.000000,46048.000000
375005697.000000,46951.000000,17003.000000,303839.000000,165122.000000,149339603.000000,43684.000000
376003909.000000,47769.000000,17339.000000,303647.000000,168544.000000,149811794.000000,44050.000000
377002755.000000,55550.000000,14659.000000,280651.000000,181093.000000,150273538.000000,48531.000000
378000001.000000,51617.000000,15092.000000,309309.000000,166963.000000,150749810.000000,46954.000000
379000002.000000,48487.000000,16294.000000,325424.000000,164358.000000,151239592.000000,45388.000000
380003907.000000,56310.000000,15285.000000,297565.000000,180661.000000,151717818.000000,49392.000000
381002598.000000,50410.000000,16999.000000,311562.000000,171202.000000,152200582.000000,46085.000000
382000005.000000,48295.000000,19320.000000,306853.000000,171134.000000,152678569.000000,45031.000000
383000017.000000,52708.000000,17969.000000,294776.000000,178550.000000,153151895.000000,47813.000000
384003445.000000,55266.000000,14972.000000,304397.000000,176261.000000,153632553.000000,48132.000000
385003507.000000,51112.000000,17530.000000,311170.000000,169148.000000,154112871.000000,46152.000000
386002334.000000,50120.000000,18297.000000,310735.000000,172093.000000,154595699.000000,46650.000000
387003255.000000,58639.000000,15212.000000,284826.000000,193362.000000,155073887.000000,51756.000000
388000510.000000,55425.000000,16068.000000,299758.000000,175034.000000,155548679.000000,49254.000000
389000003.000000,50713.000000,13303.000000,315175.000000,167063.000000,156030917.000000,45688.000000
390000043.000000,50437.000000,16260.000000,308129.000000,167774.000000,156506820.000000,45964.000000
391000013.000000,56145.000000,16384.000000,293238.000000,183728.000000,156983786.000000,49502.000000
392000033.000000,50477.000000,18309.000000,319097.000000,170844.000000,157473727.000000,46956.000000
393000007.000000,48485.000000,12462.000000,321784.000000,171599.000000,157967110.000000,45208.000000
394002823.000000,58216.000000,16408.000000,289717.000000,191368.000000,158448195.000000,51425.000000
395000546.000000,49276.000000,18320.000000,315131.000000,173111.000000,158936437.000000,45684.000000
396000002.000000,53963.000000,16757.000000,305997.000000,171031.000000,159413465.000000,48134.000000
397000977.000000,48643.000000,18847.000000,316901.000000,165044.000000,159895410.000000,44336.000000
398000014.000000,58196.000000,17474.000000,289170.000000,189250.000000,160373830.000000,51356.000000
399000145.000000,48481.000000,21707.000000,319189.000000,169666.000000,160862685.000000,44931.000000
400000007.000000,49652.000000,20889.000000,316213.000000,174637.000000,161353535.000000,46081.000000
401002763.000000,62124.000000,15425.000000,284137.000000,192986.000000,161830658.000000,53953.000000
402000637.000000,50879.000000,15243.000000,316831.000000,164764.000000,162312253.000000,46217.000000
403000222.000000,48919.000000,19232.000000,321211.000000,167694.000000,162801158.000000,45697.000000
404000024.000000,57465.000000,18801.000000,295792.000000,190372.000000,163287322.000000,51675.000000
405000021.000000,50997.000000,16787.000000,310630.000000,179217.000000,163777169.000000,46926.000000
406000001.000000,48072.000000,19645.000000,321170.000000,170955.000000,164269294.000000,44743.000000
407000007.000000,49674.000000,19331.000000,319276.000000,172455.000000,164761025.000000,46109.000000
408000010.000000,58105.000000,15209.000000,292677.000000,186293.000000,165239995.000000,51587.000000
409000008.000000,52205.000000,18246.000000,315584.000000,167896.000000,165723475.000000,47046.000000
410002694.000000,51631.000000,16135.000000,313875.000000,169179.000000,166206529.000000,46947.000000
411000018.000000,56889.000000,17772.000000,294428.000000,187567.000000,166688524.000000,50529.000000
412000005.000000,52213.000000,14321.000000,317406.000000,169910.000000,167175840.000000,47121.000000
413000052.000000,52880.000000,15643.000000,317778.000000,172099.000000,167665717.000000,48029.000000
414000027.000000,49174.000000,18593.000000,324923.000000,168289.000000,168158929.000000,45693.000000
415000020.000000,58091.000000,17782.000000,300315.000000,185724.000000,168644968.000000,51782.000000
416000005.000000,53272.000000,17770.000000,314138.000000,174311.000000,169133417.000000,47786.000000
417000002.000000,49863.000000,18786.000000,330077.000000,167694.000000,169631188.000000,45978.000000
418000004.000000,59063.000000,18658.000000,293467.000000,185116.000000,170109771.000000,51565.000000
419005682.000000,53918.000000,14648.000000,312926.000000,176450.000000,170599147.000000,47695.000000
420002774.000000,47552.000000,18837.000000,331834.000000,161072.000000,171092053.000000,44171.000000
421000012.000000,55760.000000,16595.000000,309193.000000,171549.000000,171572795.000000,49381.000000
422001883.000000,58262.000000,17784.000000,304513.000000,185144.000000,172062452.000000,51865.000000
423002487.000000,52057.000000,18057.000000,313295.000000,169838.000000,172545585.000000,46558.000000
424000024.000000,49029.000000,20661.000000,322386.000000,169251.000000,173037222.000000,44493.000000
425000018.000000,48526.000000,18099.000000,327403.000000,168772.000000,173533397.000000,44901.000000
426000044.000000,62762.000000,14224.000000,286109.000000,189204.000000,174008710.000000,54763.000000
427000008.000000,50318.000000,18746.000000,317159.000000,165744.000000,174491613.000000,45505.000000
428000007.000000,48826.000000,19735.000000,324034.000000,168521.000000,174984168.000000,45121.000000
429000024.000000,57426.000000,20375.000000,301656.000000,189311.000000,175475135.000000,51852.000000
430004645.000000,50379.000000,20106.000000,316078.000000,176008.000000,175967221.000000,45706.000000
431003578.000000,48469.000000,19310.000000,324677.000000,168283.000000,176460181.000000,44897.000000
432004856.000000,53097.000000,16530.000000,317375.000000,167689.000000,176945245.000000,47924.000000
433000823.000000,61453.000000,15568.000000,288069.000000,189522.000000,177422836.000000,53743.000000
434000002.000000,52405.000000,19233.000000,320259.000000,168284.000000,177911379.000000,47200.000000
435000011.000000,55703.000000,16788.000000,309729.000000,169295.000000,178390403.000000,48770.000000
436000015.000000,48060.000000,17799.000000,330864.000000,165656.000000,178886923.000000,44287.000000
437000317.000000,57711.000000,16374.000000,305210.000000,186342.000000,179378475.000000,51638.000000
438000019.000000,51679.000000,15559.000000,318392.000000,168062.000000,179864929.000000,46513.000000
439000008.000000,52573.000000,21613.000000,317850.000000,168895.000000,180351674.000000,47082.000000
440000004.000000,53148.000000,22483.000000,321582.000000,169782.000000,180843038.000000,48145.000000
441000014.000000,61352.000000,15024.000000,288034.000000,187172.000000,181318244.000000,53220.000000
442000003.000000,49195.000000,19404.000000,331561.000000,167896.000000,181817701.000000,45534.000000
443000026.000000,50336.000000,16429.000000,318656.000000,166375.000000,182302732.000000,45015.000000
444000012.000000,49259.000000,24137.000000,306764.000000,169880.000000,182779376.000000,44315.000000
445002413.000000,57763.000000,22290.000000,293901.000000,188563.000000,183261840.000000,51926.000000
446000023.000000,47555.000000,24727.000000,320361.000000,162123.000000,183744324.000000,43588.000000
447000001.000000,47931.000000,25226.000000,317798.000000,165630.000000,184227752.000000,44006.000000
448000007.000000,57700.000000,23562.000000,292241.000000,189286.000000,184709279.000000,51151.000000
449000008.000000,48763.000000,25630.000000,315279.000000,170896.000000,185195454.000000,44782.000000
450006341.000000,48788.000000,25230.000000,322434.000000,170297.000000,185688185.000000,44869.000000
451000007.000000,50178.000000,25441.000000,317195.000000,169252.000000,186174632.000000,46294.000000
452000021.000000,59312.000000,21376.000000,296445.000000,188189.000000,186659266.000000,52993.000000
453000002.000000,49073.000000,25782.000000,323444.000000,167478.000000,187150188.000000,45196.000000
454000014.000000,48488.000000,27349.000000,324594.000000,169415.000000,187644197.000000,44401.000000
455000019.000000,59446.000000,24017.000000,295735.000000,195324.000000,188135256.000000,52927.000000
456000017.000000,49382.000000,24876.000000,323964.000000,170395.000000,188629615.000000,45201.000000
457000014.000000,48756.000000,24796.000000,321295.000000,166141.000000,189117051.000000,44596.000000
458000001.000000,47538.000000,24599.000000,325087.000000,161885.000000,189604023.000000,43480.000000
459000017.000000,59093.000000,22795.000000,297783.000000,191274.000000,190093080.000000,52827.000000
460001102.000000,48836.000000,24903.000000,323068.000000,168829.000000,190584977.000000,44775.000000
461000037.000000,48508.000000,26238.000000,316931.000000,169683.000000,191071591.000000,44553.000000
462006136.000000,63367.000000,18643.000000,287736.000000,193176.000000,191552503.000000,55562.000000
463000013.000000,51422.000000,15278.000000,314315.000000,163793.000000,192030611.000000,46173.000000
464000001.000000,47100.000000,16924.000000,326339.000000,159489.000000,192516439.000000,43814.000000
465000003.000000,56435.000000,14413.000000,306065.000000,168049.000000,192990553.000000,49514.000000
466000013.000000,58661.000000,21449.000000,299817.000000,188481.000000,193478851.000000,52700.000000
467002423.000000,52501.000000,16949.000000,307183.000000,169868.000000,193955902.000000,47009.000000
468000033.000000,57615.000000,14529.000000,299161.000000,174588.000000,194429651.000000,50352.000000
469000018.000000,48033.000000,15379.000000,338288.000000,161697.000000,194929636.000000,44929.000000
470000018.000000,59350.000000,15060.000000,305080.000000,184903.000000,195419619.000000,53448.000000
471000011.000000,47430.000000,17626.000000,336649.000000,158945.000000,195915213.000000,43868.000000
472000044.000000,49875.000000,19015.000000,332781.000000,165555.000000,196413549.000000,45984.000000
473000018.000000,49278.000000,18210.000000,326620.000000,167132.000000,196907301.000000,45427.000000
474000015.000000,59926.000000,19659.000000,303955.000000,189145.000000,197400401.000000,53697.000000
475000001.000000,49679.000000,19189.000000,332371.000000,167139.000000,197899911.000000,45431.000000
476000002.000000,47753.000000,19180.000000,331649.000000,161756.000000,198393316.000000,44372.000000
477000016.000000,57488.000000,17131.000000,305755.000000,170170.000000,198869241.000000,50030.000000
478000003.000000,58323.000000,18615.000000,308772.000000,182174.000000,199360187.000000,52110.000000
479000002.000000,54663.000000,17112.000000,315653.000000,168877.000000,199844717.000000,48438.000000
480001850.000000,48970.000000,21263.000000,328458.000000,167725.000000,200340900.000000,44829.000000
481000006.000000,59717.000000,18730.000000,306068.000000,192419.000000,200839387.000000,53758.000000
482000007.000000,49243.000000,18162.000000,330943.000000,162977.000000,201333307.000000,44876.000000
483000025.000000,49697.000000,22722.000000,331700.000000,166275.000000,201831282.000000,45572.000000
484000025.000000,53905.000000,21038.000000,317181.000000,171674.000000,202320137.000000,48174.000000
485000020.000000,63560.000000,20731.000000,291458.000000,193486.000000,202805081.000000,55643.000000
486000013.000000,56867.000000,15947.000000,308967.000000,173496.000000,203287544.000000,49947.000000
487002532.000000,54014.000000,18377.000000,318144.000000,170529.000000,203776217.000000,48034.000000
488000006.000000,48893.000000,21833.000000,327923.000000,168484.000000,204272624.000000,44288.000000
489000018.000000,60481.000000,25291.000000,301908.000000,189661.000000,204764193.000000,53517.000000
490000575.000000,51014.000000,22872.000000,327281.000000,168423.000000,205259897.000000,45970.000000
491000001.000000,48620.000000,25331.000000,333909.000000,165340.000000,205759146.000000,44407.000000
492000019.000000,54061.000000,21360.000000,321535.000000,172242.000000,206252923.000000,48680.000000
493000025.000000,61583.000000,18543.000000,300898.000000,194973.000000,206748794.000000,55050.000000
494000002.000000,53806.000000,19635.000000,316183.000000,174563.000000,207239540.000000,48235.000000
495002247.000000,52759.000000,17012.000000,324896.000000,167122.000000,207731558.000000,47764.000000
496000014.000000,48839.000000,20777.000000,332296.000000,164429.000000,208228283.000000,45003.000000
497000006.000000,64770.000000,16620.000000,292912.000000,192451.000000,208713646.000000,56828.000000
498000009.000000,48044.000000,21076.000000,335945.000000,160590.000000,209210181.000000,43872.000000
499000016.000000,58391.000000,24999.000000,302878.000000,179205.000000,209692264.000000,50830.000000
500004281.000000,53763.000000,21353.000000,317828.000000,176262.000000,210186354.000000,47405.000000
501000019.000000,64934.000000,22633.000000,287830.000000,199373.000000,210673557.000000,56291.000000
502004953.000000,49344.000000,24630.000000,335549.000000,173863.000000,211182969.000000,44991.000000
503000027.000000,53316.000000,22349.000000,316715.000000,172637.000000,211672321.000000,47696.000000
504000013.000000,49209.000000,20845.000000,335193.000000,165881.000000,212173395.000000,45269.000000
505000047.000000,61074.000000,18423.000000,307261.000000,191797.000000,212672453.000000,55311.000000
506001313.000000,49522.000000,20026.000000,330853.000000,171041.000000,213174347.000000,45767.000000
507000065.000000,50762.000000,26998.000000,324797.000000,175063.000000,213674207.000000,46331.000000
508000011.000000,56045.000000,21522.000000,321740.000000,185590.000000,214181537.000000,51090.000000
509000719.000000,53597.000000,18905.000000,319425.000000,174404.000000,214675366.000000,48527.000000
510000007.000000,49287.000000,21341.000000,333673.000000,167966.000000,215177005.000000,45711.000000
511000011.000000,50768.000000,23857.000000,328387.000000,169141.000000,215674533.000000,46170.000000
512000007.000000,61021.000000,17729.000000,302891.000000,189736.000000,216167160.000000,54230.000000
513000015.000000,53068.000000,23348.000000,318153.000000,174410.000000,216659723.000000,47238.000000
514000032.000000,51038.000000,24394.000000,329576.000000,172916.000000,217162215.000000,46938.000000
515000016.000000,53518.000000,12390.000000,321874.000000,167733.000000,217651822.000000,48555.000000
516000009.000000,64952.000000,13192.000000,294720.000000,191713.000000,218138255.000000,57192.000000
517000025.000000,50291.000000,19480.000000,336220.000000,164365.000000,218638840.000000,46535.000000
518000033.000000,49216.000000,18585.000000,333932.000000,164783.000000,219137555.000000,45319.000000
519000005.000000,56405.000000,19424.000000,320893.000000,183955.000000,219642403.000000,51035.000000
520000007.000000,54763.000000,18916.000000,323346.000000,181653.000000,220147402.000000,50226.000000
521000036.000000,49328.000000,18595.000000,334649.000000,166902.000000,220648953.000000,45750.000000
522000009.000000,50527.000000,20375.000000,329388.000000,169133.000000,221147474.000000,46383.000000
523000040.000000,61572.000000,18403.000000,306087.000000,192017.000000,221645578.000000,54898.000000
524000007.000000,53505.000000,18320.000000,320785.000000,168039.000000,222134402.000000,48008.000000
525000044.000000,57431.000000,16237.000000,303849.000000,174294.000000,222612545.000000,50221.000000
526001943.000000,50096.000000,18442.000000,334943.000000,170633.000000,223118121.000000,46551.000000
527000003.000000,64484.000000,16754.000000,294644.000000,192356.000000,223605121.000000,56271.000000
528005075.000000,52782.000000,20254.000000,324291.000000,170579.000000,224099991.000000,47326.000000
529000028.000000,54055.000000,19858.000000,311118.000000,172577.000000,224583686.000000,48245.000000
530000030.000000,47859.000000,21814.000000,337833.000000,164868.000000,225086387.000000,44592.000000
531000015.000000,60136.000000,17571.000000,312213.000000,190425.000000,225589025.000000,54315.000000
532000007.000000,50575.000000,20725.000000,332880.000000,170988.000000,226092893.000000,46452.000000
533000447.000000,48395.000000,17868.000000,339082.000000,164681.000000,226596656.000000,45176.000000
534002062.000000,61041.000000,15580.000000,309363.000000,191524.000000,227097543.000000,54886.000000
535000014.000000,49044.000000,20661.000000,335583.000000,165447.000000,227598573.000000,45806.000000
536002779.000000,53290.000000,16200.000000,326311.000000,165534.000000,228090418.000000,48005.000000
537000002.000000,50155.000000,17390.000000,328277.000000,171400.000000,228590095.000000,46609.000000
538000066.000000,61413.000000,16608.000000,303761.000000,195515.000000,229089371.000000,55219.000000
539001532.000000,54604.000000,15744.000000,318482.000000,174987.000000,229582840.000000,49274.000000
540000023.000000,49999.000000,15991.000000,333918.000000,167383.000000,230084141.000000,45970.000000
541000049.000000,61515.000000,22144.000000,304224.000000,192840.000000,230581205.000000,54708.000000
542000020.000000,49806.000000,26074.000000,333815.000000,170933.000000,231085953.000000,45994.000000
543004223.000000,48828.000000,20852.000000,339683.000000,167805.000000,231593441.000000,45290.000000
544000001.000000,49298.000000,16672.000000,331848.000000,169414.000000,232094703.000000,45734.000000
545000995.000000,58874.000000,13676.000000,313986.000000,186629.000000,232595318.000000,53123.000000
546002313.000000,47870.000000,18183.000000,338157.000000,164455.000000,233097930.000000,44170.000000
547000027.000000,49836.000000,19371.000000,338158.000000,167481.000000,233603569.000000,46436.000000
548002502.000000,61771.000000,21112.000000,310071.000000,193489.000000,234107129.000000,55387.000000
549000043.000000,50847.000000,21265.000000,329586.000000,171246.000000,234607961.000000,46535.000000
550000279.000000,50666.000000,23388.000000,331339.000000,169633.000000,235108933.000000,46270.000000
551000042.000000,50412.000000,19835.000000,334329.000000,170274.000000,235613536.000000,46440.000000
552000001.000000,60023.000000,18623.000000,313617.000000,190025.000000,236117178.000000,54247.000000
553000584.000000,50231.000000,20742.000000,334232.000000,170338.000000,236621748.000000,46270.000000
554000009.000000,52313.000000,20879.000000,329022.000000,175876.000000,237126646.000000,47633.000000
555000010.000000,60528.000000,21084.000000,307019.000000,194004.000000,237627669.000000,53883.000000
556000036.000000,51413.000000,23806.000000,331875.000000,175756.000000,238135300.000000,47050.000000
557001302.000000,52524.000000,25625.000000,328862.000000,178389.000000,238642551.000000,47757.000000
558000025.000000,51626.000000,26988.000000,332182.000000,177405.000000,239152138.000000,46989.000000
559000805.000000,61809.000000,21862.000000,312285.000000,194448.000000,239658871.000000,55095.000000
560000008.000000,53240.000000,16298.000000,327927.000000,168729.000000,240155527.000000,48163.000000
561000006.000000,51002.000000,16998.000000,326505.000000,169223.000000,240651255.000000,46990.000000
562000002.000000,64711.000000,16066.000000,298371.000000,196463.000000,241146089.000000,56722.000000
563000002.000000,47833.000000,15354.000000,338267.000000,162596.000000,241646952.000000,44358.000000
564001480.000000,48902.000000,12761.000000,336540.000000,167753.000000,242151245.000000,46039.000000
565000023.000000,53723.000000,14227.000000,327404.000000,176407.000000,242655056.000000,49616.000000
566000673.000000,56683.000000,16152.000000,323939.000000,181666.000000,243160661.000000,51972.000000
567001129.000000,50904.000000,20955.000000,331671.000000,173815.000000,243666147.000000,46723.000000
568000030.000000,49437.000000,21071.000000,335956.000000,169686.000000,244171789.000000,45710.000000
569001813.000000,61021.000000,17476.000000,316206.000000,191744.000000,244679739.000000,54493.000000
570000403.000000,49896.000000,20682.000000,338521.000000,170200.000000,245188460.000000,46247.000000
571000101.000000,51036.000000,20981.000000,332325.000000,170458.000000,245691243.000000,46447.000000
572003932.000000,60490.000000,16774.000000,317037.000000,191632.000000,246199912.000000,54063.000000
573004626.000000,49550.000000,21239.000000,335719.000000,171019.000000,246706650.000000,45602.000000
574000005.000000,51018.000000,19665.000000,333236.000000,173633.000000,247213519.000000,47219.000000
575000044.000000,49531.000000,20455.000000,335961.000000,167466.000000,247716946.000000,45642.000000
576000026.000000,61158.000000,20527.000000,312415.000000,188892.000000,248218253.000000,54489.000000
577002163.000000,49556.000000,20245.000000,340099.000000,167676.000000,248726028.000000,46089.000000
578000035.000000,49259.000000,21583.000000,336253.000000,168592.000000,249230873.000000,45672.000000
579000008.000000,60792.000000,19125.000000,315608.000000,192803.000000,249739284.000000,54193.000000
580000020.000000,50165.000000,21565.000000,335424.000000,171783.000000,250246491.000000,45924.000000
581000021.000000,49304.000000,19804.000000,339272.000000,168269.000000,250754032.000000,45965.000000
582000009.000000,50517.000000,18635.000000,334195.000000,173206.000000,251261433.000000,46884.000000
583005697.000000,62792.000000,21373.000000,312834.000000,198663.000000,251772930.000000,55823.000000
584000045.000000,50666.000000,20128.000000,335655.000000,174790.000000,252283375.000000,47107.000000
585000131.000000,49431.000000,21402.000000,337099.000000,173102.000000,252793576.000000,46049.000000
586000007.000000,61239.000000,18482.000000,312928.000000,197875.000000,253304379.000000,54899.000000
587002900.000000,50279.000000,21659.000000,336599.000000,172387.000000,253813365.000000,46654.000000
588000001.000000,49976.000000,19631.000000,332971.000000,171911.000000,254318247.000000,46634.000000
589003882.000000,62429.000000,21598.000000,314311.000000,194093.000000,254826651.000000,55587.000000
590000012.000000,48771.000000,23601.000000,333456.000000,166812.000000,255326919.000000,45282.000000
591000003.000000,50883.000000,27561.000000,327044.000000,170317.000000,255824280.000000,46235.000000
592000028.000000,50152.000000,17358.000000,336339.000000,170062.000000,256330681.000000,46809.000000
593000012.000000,60640.000000,16197.000000,314848.000000,188098.000000,256833627.000000,54420.000000
594001473.000000,49968.000000,22451.000000,335489.000000,170884.000000,257340000.000000,46033.000000
595000008.000000,49721.000000,19050.000000,336541.000000,171181.000000,257847722.000000,46139.000000
596000183.000000,60874.000000,19159.000000,311557.000000,191766.000000,258351045.000000,54331.000000
597000005.000000,50101.000000,28916.000000,325084.000000,171712.000000,258847841.000000,45034.000000
598001757.000000,51142.000000,24203.000000,335158.000000,177326.000000,259360325.000000,46948.000000
599003964.000000,49799.000000,19211.000000,336780.000000,169299.000000,259866404.000000,46287.000000
600005100.000000,61559.000000,17548.000000,314266.000000,191422.000000,260372092.000000,54926.000000
601001942.000000,51014.000000,19308.000000,336343.000000,173622.000000,260882057.000000,47415.000000
602000014.000000,50639.000000,19309.000000,334800.000000,173484.000000,261390341.000000,46803.000000
603000001.000000,61853.000000,18583.000000,314010.000000,194837.000000,261899188.000000,54989.000000
604000009.000000,51258.000000,19578.000000,333227.000000,176296.000000,262408711.000000,47542.000000
605000008.000000,50132.000000,17913.000000,337670.000000,170194.000000,262916575.000000,46672.000000
606000020.000000,61041.000000,15226.000000,316502.000000,191520.000000,263424597.000000,54568.000000
607000011.000000,50785.000000,14739.000000,333553.000000,174845.000000,263932995.000000,47619.000000
608001358.000000,49917.000000,18334.000000,336332.000000,172261.000000,264441588.000000,46575.000000
609000033.000000,49987.000000,19366.000000,336893.000000,172184.000000,264950665.000000,46158.000000
610000005.000000,66870.000000,14387.000000,298199.000000,196780.000000,265445644.000000,58048.000000
611000032.000000,48982.000000,19257.000000,333960.000000,166353.000000,265945957.000000,45501.000000
612000012.000000,50458.000000,19753.000000,333448.000000,175305.000000,266454710.000000,47101.000000
613000004.000000,60175.000000,18680.000000,309962.000000,192316.000000,266956988.000000,53863.000000
614000014.000000,54324.000000,16436.000000,322945.000000,175959.000000,267455892.000000,49332.000000
615000004.000000,49875.000000,20239.000000,334775.000000,170682.000000,267961349.000000,46137.000000
616000002.000000,57834.000000,15214.000000,313446.000000,179983.000000,268454778.000000,51529.000000
617000008.000000,55386.000000,15809.000000,322252.000000,181148.000000,268958178.000000,50540.000000
618000443.000000,53444.000000,16591.000000,327635.000000,169400.000000,269455213.000000,47803.000000
619001514.000000,53107.000000,16458.000000,322347.000000,171659.000000,269949219.000000,47568.000000
620001569.000000,65582.000000,15081.000000,299898.000000,194806.000000,270443923.000000,57010.000000
621000014.000000,49248.000000,19946.000000,338340.000000,169128.000000,270951391.000000,45889.000000
622000008.000000,50321.000000,17994.000000,335336.000000,174091.000000,271460818.000000,47100.000000
623000024.000000,57367.000000,16011.000000,325404.000000,181322.000000,271967544.000000,51898.000000
624000003.000000,53142.000000,17184.000000,327190.000000,179894.000000,272474628.000000,48700.000000
625000009.000000,50536.000000,21051.000000,333502.000000,177596.000000,272985726.000000,47233.000000
626000011.000000,51295.000000,20481.000000,332172.000000,172830.000000,273490728.000000,47393.000000
627000007.000000,60806.000000,18561.000000,314531.000000,191273.000000,273996532.000000,53936.000000
628000001.000000,49954.000000,20377.000000,340719.000000,172712.000000,274509963.000000,46606.000000
629000592.000000,49808.000000,18078.000000,339762.000000,169674.000000,275019399.000000,46417.000000
630000007.000000,61825.000000,19240.000000,310617.000000,198534.000000,275528550.000000,55072.000000
631000112.000000,49001.000000,18695.000000,331071.000000,173288.000000,276032909.000000,45542.000000
632000030.000000,49391.000000,21158.000000,335834.000000,172019.000000,276540762.000000,45887.000000
633000006.000000,58633.000000,18744.000000,317980.000000,189182.000000,277047924.000000,52593.000000
634000029.000000,53181.000000,17316.000000,329361.000000,175933.000000,277553218.000000,48843.000000
635000009.000000,49457.000000,18884.000000,333480.000000,167465.000000,278054163.000000,46005.000000
636000015.000000,48384.000000,19495.000000,335379.000000,171794.000000,278561336.000000,45248.000000
637003992.000000,58950.000000,13550.000000,318870.000000,190037.000000,279070243.000000,52866.000000
638001439.000000,50267.000000,15713.000000,336209.000000,172085.000000,279578537.000000,47296.000000
639000856.000000,50526.000000,19438.000000,336232.000000,171870.000000,280086639.000000,47047.000000
640000033.000000,61351.000000,18036.000000,317649.000000,194704.000000,280598992.000000,54599.000000
641003315.000000,47960.000000,14887.000000,339486.000000,168491.000000,281106969.000000,44938.000000
642003143.000000,49335.000000,19424.000000,333854.000000,172784.000000,281613607.000000,46132.000000
643000394.000000,61114.000000,17344.000000,315246.000000,192074.000000,282120927.000000,54357.000000
644000012.000000,51219.000000,18382.000000,334623.000000,175615.000000,282631165.000000,47957.000000
645000014.000000,50825.000000,16833.000000,335167.000000,175488.000000,283141820.000000,47691.000000
646000006.000000,60000.000000,19136.000000,321218.000000,191075.000000,283654113.000000,53815.000000
647001963.000000,51820.000000,17810.000000,337095.000000,177142.000000,284168350.000000,48348.000000
648005125.000000,50025.000000,21153.000000,335623.000000,173740.000000,284677713.000000,46360.000000
649000992.000000,48476.000000,18872.000000,342370.000000,165476.000000,285185559.000000,45349.000000
650000006.000000,61395.000000,15864.000000,315870.000000,195798.000000,285697227.000000,55157.000000
651000009.000000,50260.000000,20573.000000,334478.000000,171276.000000,286202981.000000,46768.000000
652000006.000000,49973.000000,21236.000000,337867.000000,172010.000000,286712858.000000,46352.000000
653000002.000000,62309.000000,17252.000000,313606.000000,195217.000000,287221681.000000,55393.000000
654000018.000000,49698.000000,21571.000000,333838.000000,169114.000000,287724633.000000,45590.000000
655000003.000000,51189.000000,18937.000000,334735.000000,174169.000000,288233537.000000,47736.000000
656000004.000000,61220.000000,15415.000000,315961.000000,194493.000000,288743991.000000,54979.000000
657002519.000000,48472.000000,16214.000000,342426.000000,168130.000000,289254547.000000,45642.000000
658003014.000000,49203.000000,18489.000000,338927.000000,169448.000000,289762922.000000,45807.000000
659000007.000000,54420.000000,20249.000000,326783.000000,180352.000000,290270057.000000,49728.000000
660000622.000000,53689.000000,17891.000000,328155.000000,179801.000000,290778013.000000,49195.000000
661001138.000000,49473.000000,16732.000000,336065.000000,170498.000000,291284576.000000,46608.000000
662000019.000000,49803.000000,17167.000000,336002.000000,172251.000000,291792829.000000,46666.000000
663002889.000000,60694.000000,17563.000000,319130.000000,194503.000000,292306462.000000,54344.000000
664001073.000000,49274.000000,21151.000000,335355.000000,173523.000000,292815340.000000,46062.000000
665000007.000000,49499.000000,18246.000000,332396.000000,173009.000000,293320745.000000,45736.000000
666000942.000000,60538.000000,18355.000000,318029.000000,192165.000000,293830939.000000,54209.000000
667000181.000000,51349.000000,20180.000000,334675.000000,174730.000000,294340344.000000,47549.000000
668001845.000000,49703.000000,19302.000000,336595.000000,173679.000000,294850618.000000,46657.000000
669005323.000000,61555.000000,16733.000000,319633.000000,195120.000000,295365371.000000,55017.000000
670000006.000000,49642.000000,16397.000000,334703.000000,171604.000000,295871678.000000,47022.000000
671003050.000000,50333.000000,15247.000000,335541.000000,175714.000000,296382933.000000,47507.000000
672000027.000000,58145.000000,16424.000000,320802.000000,186668.000000,296890403.000000,52741.000000
673000007.000000,52733.000000,15121.000000,331281.000000,177760.000000,297399444.000000,48617.000000
674000021.000000,50173.000000,22359.000000,333966.000000,177795.000000,297911205.000000,46595.000000
675000015.000000,50254.000000,21076.000000,334309.000000,176207.000000,298421721.000000,46570.000000
676000044.000000,61175.000000,18792.000000,311294.000000,193004.000000,298926019.000000,53915.000000
677000019.000000,51469.000000,20961.000000,332945.000000,173121.000000,299432085.000000,47519.000000
678002289.000000,50980.000000,16395.000000,336418.000000,177319.000000,299945822.000000,47927.000000
679000018.000000,60582.000000,15602.000000,317570.000000,195111.000000,300458503.000000,54413.000000
680000002.000000,48742.000000,18060.000000,338010.000000,171753.000000,300968266.000000,45876.000000
681000023.000000,48801.000000,16387.000000,339347.000000,171607.000000,301479220.000000,46112.000000
682000005.000000,60321.000000,15684.000000,319298.000000,192786.000000,301991304.000000,54033.000000
683000004.000000,49035.000000,15031.000000,334457.000000,171699.000000,302497460.000000,46120.000000
684006765.000000,48654.000000,11667.000000,335471.000000,170482.000000,303003413.000000,45424.000000
685000038.000000,59980.000000,13521.000000,312626.000000,193310.000000,303509349.000000,53462.000000
686000011.000000,49571.000000,20643.000000,339340.000000,172761.000000,304021450.000000,46312.000000
687000008.000000,50042.000000,19338.000000,334218.000000,172307.000000,304527975.000000,46617.000000
688000034.000000,55342.000000,18580.000000,327209.000000,182737.000000,305037921.000000,50495.000000
689000337.000000,56066.000000,16741.000000,323690.000000,183144.000000,305544755.000000,50818.000000
690000007.000000,50987.000000,18349.000000,332761.000000,176247.000000,306053763.000000,48196.000000
691000042.000000,50999.000000,13762.000000,334001.000000,177079.000000,306564843.000000,48343.000000
692000021.000000,61419.000000,15608.000000,315015.000000,196703.000000,307076561.000000,55041.000000
693001683.000000,50341.000000,18615.000000,333119.000000,173747.000000,307583427.000000,46918.000000
694000005.000000,49553.000000,11008.000000,334713.000000,171694.000000,308089834.000000,46587.000000
695000026.000000,60449.000000,19938.000000,312197.000000,195313.000000,308597344.000000,53890.000000
696004333.000000,50344.000000,20196.000000,333990.000000,175332.000000,309106666.000000,46955.000000
697001138.000000,50199.000000,11386.000000,331076.000000,179221.000000,309616963.000000,47331.000000
698000002.000000,59024.000000,14263.000000,309203.000000,194144.000000,310120310.000000,52644.000000
699001211.000000,50448.000000,16798.000000,332836.000000,173612.000000,310626758.000000,47343.000000
700001924.000000,50815.000000,16617.000000,334678.000000,176930.000000,311138366.000000,48208.000000
701000005.000000,60208.000000,16810.000000,316467.000000,195334.000000,311650167.000000,53825.000000
702000052.000000,49570.000000,16705.000000,333899.000000,176214.000000,312160280.000000,46933.000000
703000016.000000,50112.000000,17909.000000,334146.000000,178454.000000,312672880.000000,47336.000000
704000012.000000,60994.000000,12804.000000,313344.000000,197308.000000,313183532.000000,54697.000000
705001089.000000,50165.000000,18524.000000,327686.000000,176275.000000,313687493.000000,46405.000000
706000698.000000,50811.000000,20141.000000,334470.000000,176717.000000,314198680.000000,47610.000000
707000045.000000,59887.000000,17735.000000,312448.000000,188890.000000,314700018.000000,53446.000000
708000014.000000,56543.000000,18366.000000,318709.000000,189794.000000,315208521.000000,51523.000000
709002075.000000,49846.000000,22182.000000,328668.000000,174077.000000,315711266.000000,46347.000000
710002588.000000,49248.000000,20441.000000,326708.000000,173439.000000,316211413.000000,45572.000000
711000023.000000,59683.000000,16733.000000,313202.000000,193581.000000,316718196.000000,53080.000000
712005441.000000,50536.000000,19462.000000,336226.000000,178055.000000,317232477.000000,47640.000000
713000001.000000,55253.000000,13770.000000,319031.000000,179114.000000,317730622.000000,50180.000000
714000009.000000,60623.000000,14924.000000,317884.000000,194263.000000,318242769.000000,54109.000000
715000051.000000,49761.000000,17929.000000,333828.000000,175358.000000,318751955.000000,46724.000000
716000012.000000,51461.000000,18461.000000,327968.000000,177895.000000,319257818.000000,47926.000000
717000052.000000,61492.000000,21321.000000,312046.000000,197629.000000,319767493.000000,54532.000000
718000932.000000,51054.000000,20464.000000,333241.000000,181380.000000,320282114.000000,48022.000000
719000012.000000,55478.000000,16292.000000,317523.000000,178369.000000,320778006.000000,49877.000000
720000008.000000,58616.000000,14863.000000,316163.000000,187759.000000,321281928.000000,52570.000000
721000048.000000,55434.000000,16800.000000,323325.000000,185957.000000,321791210.000000,50658.000000
722000016.000000,51857.000000,16234.000000,330501.000000,179911.000000,322301622.000000,48641.000000
723000008.000000,51498.000000,16857.000000,333177.000000,180211.000000,322815010.000000,48299.000000
724000010.000000,64719.000000,16122.000000,301530.000000,196152.000000,323312692.000000,56151.000000
725000008.000000,51021.000000,14791.000000,334793.000000,177211.000000,323824696.000000,47959.000000
726001416.000000,49806.000000,18536.000000,338698.000000,174095.000000,324337489.000000,47152.000000
727000017.000000,61127.000000,15254.000000,313325.000000,196208.000000,324847022.000000,54539.000000
728000008.000000,52230.000000,16203.000000,333846.000000,178508.000000,325359376.000000,48724.000000
729000008.000000,51627.000000,17329.000000,336764.000000,178804.000000,325874944.000000,48957.000000
730001356.000000,61101.000000,16377.000000,314871.000000,197060.000000,326386875.000000,54941.000000
731000009.000000,51763.000000,17877.000000,333486.000000,180811.000000,326901172.000000,49101.000000
732000210.000000,50426.000000,17181.000000,333491.000000,173980.000000,327408643.000000,47278.000000
733000012.000000,61427.000000,17442.000000,314612.000000,196677.000000,327919932.000000,55056.000000
734000019.000000,52563.000000,18322.000000,330962.000000,184189.000000,328435083.000000,49681.000000
735002321.000000,55128.000000,10091.000000,320583.000000,181838.000000,328937504.000000,50406.000000
736000020.000000,64471.000000,13151.000000,300430.000000,196671.000000,329434605.000000,55935.000000
737000005.000000,54105.000000,12788.000000,323682.000000,174757.000000,329933044.000000,49224.000000
738000004.000000,48982.000000,12294.000000,337302.000000,172351.000000,330442697.000000,46333.000000
739000020.000000,59840.000000,15767.000000,319761.000000,190919.000000,330953377.000000,53738.000000
740000093.000000,51762.000000,15998.000000,336701.000000,178181.000000,331468259.000000,48343.000000
741000011.000000,50380.000000,17810.000000,335960.000000,175125.000000,331979344.000000,47389.000000
742000004.000000,56303.000000,18996.000000,320490.000000,187431.000000,332487265.000000,51358.000000
743001213.000000,55900.000000,19120.000000,320976.000000,190135.000000,332998376.000000,51443.000000
744000004.000000,51115.000000,21517.000000,322677.000000,179000.000000,333500053.000000,47392.000000
745002436.000000,50308.000000,23441.000000,329566.000000,179414.000000,334009033.000000,46792.000000
746006982.000000,60255.000000,17160.000000,314078.000000,197713.000000,334520824.000000,54006.000000
747006380.000000,50560.000000,17224.000000,330484.000000,176113.000000,335027421.000000,47661.000000
748000044.000000,51650.000000,18865.000000,330367.000000,179823.000000,335537611.000000,48744.000000
749000020.000000,61048.000000,16519.000000,309326.000000,200472.000000,336047409.000000,54960.000000
750000010.000000,50625.000000,17682.000000,331303.000000,177838.000000,336556550.000000,47203.000000
751000023.000000,51404.000000,18622.000000,328057.000000,175124.000000,337059731.000000,47286.000000
752000004.000000,62370.000000,16811.000000,303770.000000,197688.000000,337561189.000000,55178.000000
753000170.000000,50961.000000,17750.000000,331623.000000,178210.000000,338071022.000000,48041.000000
754002847.000000,50335.000000,14964.000000,333519.000000,178383.000000,338582924.000000,47979.000000
755000028.000000,61063.000000,14163.000000,312812.000000,198556.000000,339094292.000000,55118.000000
756000039.000000,50415.000000,18185.000000,332170.000000,174974.000000,339601436.000000,47293.000000
757000039.000000,49027.000000,17042.000000,330968.000000,171545.000000,340103949.000000,45718.000000
758000010.000000,60753.000000,17195.000000,312071.000000,195668.000000,340611688.000000,54276.000000
759002426.000000,51589.000000,15802.000000,329511.000000,177628.000000,341118827.000000,48329.000000
760000009.000000,49075.000000,15931.000000,326030.000000,176668.000000,341621525.000000,46092.000000
761000020.000000,58579.000000,14628.000000,315498.000000,191101.000000,342128124.000000,52492.000000
762003098.000000,50987.000000,16075.000000,331493.000000,180837.000000,342640454.000000,47931.000000
763000001.000000,49030.000000,13208.000000,332724.000000,174283.000000,343147461.000000,46376.000000
764000002.000000,57067.000000,18380.000000,317723.000000,189328.000000,343654512.000000,51463.000000
765000013.000000,52428.000000,17714.000000,324575.000000,180841.000000,344159928.000000,48496.000000
766002419.000000,49308.000000,20794.000000,334515.000000,173814.000000,344668257.000000,45925.000000
767000020.000000,50081.000000,19297.000000,332847.000000,177220.000000,345178324.000000,46979.000000
768000005.000000,60311.000000,17687.000000,311824.000000,196206.000000,345686354.000000,53831.000000
769000348.000000,52033.000000,17408.000000,330518.000000,180372.000000,346197244.000000,49177.000000
770003831.000000,49827.000000,12027.000000,335822.000000,177706.000000,346710772.000000,47356.000000
771000011.000000,61644.000000,14746.000000,309693.000000,198918.000000,347219383.000000,55454.000000
772002030.000000,50676.000000,17460.000000,332669.000000,179605.000000,347731657.000000,47954.000000
773000027.000000,50415.000000,15682.000000,328603.000000,179570.000000,348239830.000000,47999.000000
774001143.000000,61031.000000,12441.000000,309586.000000,197029.000000,348746445.000000,54842.000000
775000016.000000,49818.000000,16467.000000,331393.000000,173929.000000,349251767.000000,46836.000000
776000002.000000,51141.000000,10205.000000,333690.000000,181173.000000,349766630.000000,48499.000000
777000006.000000,59912.000000,13517.000000,312812.000000,199211.000000,350278653.000000,54107.000000
778000014.000000,49896.000000,17195.000000,332234.000000,178512.000000,350789399.000000,47409.000000
779000025.000000,51523.000000,11480.000000,328879.000000,179270.000000,351297548.000000,48252.000000
780000041.000000,58379.000000,15172.000000,313889.000000,193640.000000,351805077.000000,53349.000000
781000002.000000,50490.000000,12834.000000,334078.000000,179060.000000,352318215.000000,48159.000000
782000024.000000,55032.000000,15908.000000,324134.000000,188062.000000,352830411.000000,50974.000000
783000088.000000,56036.000000,15387.000000,319271.000000,190128.000000,353339810.000000,51187.000000
784000007.000000,49157.000000,13452.000000,331340.000000,175621.000000,353846771.000000,46138.000000
785000039.000000,52028.000000,16810.000000,323704.000000,181794.000000,354352269.000000,48497.000000
786000027.000000,59739.000000,17773.000000,308874.000000,196532.000000,354857675.000000,53585.000000
787000008.000000,48866.000000,18668.000000,334226.000000,176010.000000,355367911.000000,46100.000000
788000006.000000,49540.000000,18645.000000,328420.000000,177675.000000,355874006.000000,46378.000000
789000002.000000,60477.000000,20667.000000,302404.000000,198407.000000,356374817.000000,53849.000000
790000033.000000,52084.000000,21066.000000,322921.000000,179436.000000,356877174.000000,48326.000000
791000034.000000,51659.000000,22479.000000,323034.000000,180413.000000,357380621.000000,48070.000000
792004009.000000,61606.000000,15775.000000,307694.000000,200922.000000,357889237.000000,55180.000000
793000005.000000,51058.000000,20910.000000,322390.000000,182370.000000,358393997.000000,48079.000000
794000010.000000,52117.000000,20169.000000,320905.000000,184115.000000,358899017.000000,48443.000000
795000001.000000,61569.000000,18074.000000,299981.000000,201221.000000,359400219.000000,55059.000000
796000014.000000,52400.000000,17979.000000,322342.000000,186288.000000,359908849.000000,49204.000000
797000023.000000,51336.000000,10275.000000,326481.000000,182873.000000,360418203.000000,48416.000000
798000011.000000,63062.000000,17443.000000,300329.000000,203435.000000,360921967.000000,56117.000000
799003950.000000,51610.000000,21152.000000,321002.000000,183645.000000,361426614.000000,48100.000000
800000003.000000,51322.000000,17336.000000,319990.000000,180890.000000,361927494.000000,47580.000000
801002422.000000,61354.000000,16010.000000,305005.000000,200463.000000,362432962.000000,55092.000000
802002886.000000,51548.000000,15166.000000,326854.000000,182553.000000,362942369.000000,49118.000000
803000006.000000,56435.000000,13724.000000,311614.000000,186883.000000,363440866.000000,51448.000000
804000010.000000,62144.000000,16360.000000,301609.000000,204824.000000,363947299.000000,55983.000000
805000507.000000,55645.000000,14558.000000,315125.000000,180901.000000,364443325.000000,50783.000000
806000008.000000,50627.000000,14769.000000,324227.000000,182583.000000,364950135.000000,48001.000000
807000024.000000,59402.000000,12675.000000,304596.000000,195575.000000,365450306.000000,53433.000000
808000011.000000,55023.000000,11008.000000,314006.000000,181112.000000,365945424.000000,49783.000000
809000032.000000,55183.000000,15974.000000,315575.000000,184632.000000,366445631.000000,50461.000000
810002586.000000,58775.000000,14431.000000,301000.000000,179513.000000,366926144.000000,51457.000000
811004837.000000,60873.000000,16971.000000,303710.000000,198533.000000,367428387.000000,54566.000000
812000002.000000,51471.000000,18816.000000,320171.000000,181460.000000,367930018.000000,47987.000000
813000001.000000,51334.000000,20268.000000,321784.000000,181745.000000,368433547.000000,47774.000000
814000005.000000,61396.000000,18018.000000,301959.000000,204565.000000,368940071.000000,54993.000000
815000010.000000,52444.000000,18919.000000,321747.000000,185772.000000,369447590.000000,49542.000000
816000003.000000,51831.000000,16561.000000,317962.000000,182439.000000,369947991.000000,48193.000000
817001067.000000,60011.000000,17706.000000,305702.000000,196387.000000,370450080.000000,53744.000000
818000028.000000,52213.000000,16888.000000,321726.000000,186733.000000,370958539.000000,49342.000000
819000165.000000,51211.000000,18314.000000,321079.000000,184019.000000,371463637.000000,47967.000000
820000046.000000,61819.000000,18479.000000,298150.000000,202628.000000,371964415.000000,55194.000000
821000939.000000,52909.000000,19425.000000,310936.000000,185889.000000,372461240.000000,48888.000000
822000697.000000,51026.000000,22639.000000,317188.000000,180501.000000,372958929.000000,47309.000000
823000007.000000,61766.000000,18222.000000,297868.000000,202747.000000,373459544.000000,55219.000000
824000021.000000,50635.000000,20683.000000,322415.000000,181648.000000,373963607.000000,47469.000000
825000005.000000,52828.000000,17526.000000,323701.000000,188558.000000,374475866.000000,50268.000000
826001290.000000,62301.000000,16060.000000,302572.000000,202489.000000,374980927.000000,56481.000000
827000012.000000,51989.000000,10254.000000,324145.000000,181486.000000,375486558.000000,49520.000000
828000018.000000,52728.000000,12701.000000,320542.000000,186427.000000,375993527.000000,50413.000000
829000439.000000,61930.000000,12483.000000,300365.000000,203870.000000,376497762.000000,56336.000000
830001694.000000,52277.000000,15910.000000,322150.000000,187823.000000,377007735.000000,50161.000000
831000037.000000,52931.000000,13384.000000,324558.000000,185545.000000,377517838.000000,50560.000000
832003096.000000,62644.000000,13628.000000,303520.000000,204097.000000,378025455.000000,56973.000000
833002432.000000,56038.000000,13487.000000,314174.000000,184408.000000,378524037.000000,51258.000000
834002654.000000,51138.000000,13052.000000,328175.000000,185875.000000,379038087.000000,49028.000000
835000001.000000,61992.000000,15789.000000,302567.000000,207688.000000,379548342.000000,56349.000000
836000016.000000,51596.000000,13525.000000,328455.000000,185678.000000,380062475.000000,49634.000000
837000018.000000,57026.000000,12132.000000,313433.000000,185241.000000,380561149.000000,52264.000000
838000015.000000,62133.000000,12096.000000,299634.000000,204882.000000,381065665.000000,56429.000000
839000460.000000,51684.000000,14155.000000,326807.000000,185898.000000,381578370.000000,49386.000000
840000008.000000,52379.000000,15429.000000,323783.000000,190943.000000,382093096.000000,50095.000000
841000088.000000,61635.000000,13355.000000,303755.000000,201869.000000,382598720.000000,55946.000000
842000006.000000,50510.000000,13841.000000,325023.000000,180909.000000,383104652.000000,48241.000000
843000006.000000,53075.000000,9521.000000,314342.000000,188034.000000,383607028.000000,49627.000000
844000018.000000,58481.000000,14660.000000,308946.000000,198875.000000,384114849.000000,53813.000000
845000048.000000,50589.000000,17093.000000,317387.000000,184787.000000,384617023.000000,47135.000000
846000008.000000,53658.000000,17881.000000,315148.000000,186545.000000,385118716.000000,49444.000000
847000746.000000,60109.000000,18716.000000,298946.000000,198290.000000,385615952.000000,54147.000000
848004552.000000,51783.000000,17306.000000,322673.000000,183017.000000,386121642.000000,48692.000000
849000242.000000,52396.000000,16588.000000,318266.000000,187373.000000,386627281.000000,49495.000000
850001225.000000,62158.000000,20572.000000,294736.000000,204720.000000,387126737.000000,55432.000000
851000008.000000,51325.000000,19139.000000,319028.000000,185012.000000,387630777.000000,48234.000000
852001080.000000,52470.000000,20052.000000,312688.000000,186654.000000,388130119.000000,48855.000000
853000001.000000,61759.000000,22364.000000,293311.000000,202189.000000,388625619.000000,54871.000000
854000012.000000,51608.000000,21104.000000,315029.000000,187893.000000,389128541.000000,48682.000000
855000002.000000,50921.000000,19137.000000,316681.000000,185020.000000,389630242.000000,47598.000000
856000016.000000,60850.000000,15152.000000,293440.000000,202509.000000,390126191.000000,54636.000000
857000002.000000,51818.000000,21552.000000,312966.000000,185199.000000,390624356.000000,48334.000000
858000020.000000,50982.000000,16408.000000,313562.000000,184824.000000,391122742.000000,47589.000000
859000007.000000,62426.000000,22361.000000,285503.000000,205016.000000,391613261.000000,54886.000000
860000003.000000,50701.000000,23282.000000,315176.000000,185706.000000,392114143.000000,46911.000000
861000053.000000,51041.000000,18083.000000,316931.000000,186071.000000,392617145.000000,47830.000000
862000017.000000,60360.000000,18612.000000,289786.000000,202347.000000,393109278.000000,53816.000000
863001347.000000,51291.000000,18813.000000,311741.000000,184066.000000,393605085.000000,47809.000000
864004555.000000,51975.000000,19012.000000,313072.000000,185117.000000,394103274.000000,48435.000000
865000005.000000,60997.000000,18720.000000,294537.000000,203340.000000,394601151.000000,55040.000000
866000009.000000,51725.000000,16888.000000,314993.000000,187674.000000,395103818.000000,49014.000000
867000003.000000,52582.000000,14355.000000,310813.000000,191876.000000,395606507.000000,49765.000000
868000013.000000,61130.000000,17833.000000,294253.000000,201478.000000,396102238.000000,54599.000000
869000533.000000,52517.000000,20682.000000,312168.000000,187938.000000,396602344.000000,49331.000000
870000005.000000,51021.000000,19185.000000,316699.000000,186089.000000,397105132.000000,47890.000000
871000005.000000,61908.000000,21461.000000,289436.000000,204031.000000,397598599.000000,54751.000000
872000011.000000,50247.000000,21570.000000,315531.000000,183931.000000,398098061.000000,46823.000000
873000097.000000,51060.000000,18065.000000,312121.000000,183971.000000,398594153.000000,47254.000000
874000018.000000,61589.000000,19001.000000,289783.000000,204368.000000,399088304.000000,54697.000000
875000002.000000,50622.000000,18857.000000,314342.000000,184545.000000,399587191.000000,47763.000000
876001010.000000,53665.000000,19081.000000,313169.000000,193027.000000,400093387.000000,50620.000000
877000022.000000,62077.000000,16949.000000,291609.000000,206302.000000,400591298.000000,55740.000000
878000017.000000,52987.000000,17477.000000,309183.000000,193518.000000,401093999.000000,50008.000000
879000004.000000,50547.000000,17691.000000,312616.000000,185242.000000,401591857.000000,47095.000000
880000014.000000,60676.000000,17373.000000,287554.000000,202563.000000,402081974.000000,53899.000000
881000039.000000,53049.000000,21878.000000,310045.000000,191385.000000,402583404.000000,49666.000000
882000001.000000,52229.000000,17130.000000,305138.000000,188256.000000,403076798.000000,48625.000000
883003768.000000,61297.000000,21725.000000,289263.000000,204761.000000,403570822.000000,54862.000000
884000005.000000,53625.000000,20238.000000,298723.000000,189663.000000,404059208.000000,49313.000000
885001551.000000,51608.000000,17163.000000,308119.000000,186082.000000,404553409.000000,47863.000000
886000028.000000,56454.000000,19814.000000,305545.000000,195173.000000,405054127.000000,51358.000000
887001732.000000,56059.000000,19696.000000,305775.000000,195600.000000,405555502.000000,51671.000000
888000053.000000,53275.000000,18417.000000,309312.000000,188819.000000,406053633.000000,49898.000000
889000062.000000,57174.000000,15888.000000,295086.000000,196908.000000,406545627.000000,51935.000000
890003072.000000,56799.000000,17233.000000,300626.000000,195988.000000,407042241.000000,51737.000000
891000005.000000,54500.000000,19143.000000,311175.000000,190983.000000,407544399.000000,51184.000000
892000003.000000,55618.000000,12907.000000,300506.000000,194634.000000,408039539.000000,51695.000000
893000010.000000,59425.000000,16823.000000,295636.000000,204059.000000,408539234.000000,54139.000000
894000018.000000,51654.000000,18316.000000,310066.000000,189257.000000,409038557.000000,48651.000000
895000039.000000,53745.000000,20326.000000,305626.000000,186841.000000,409531024.000000,49218.000000
896000613.000000,60236.000000,21206.000000,292908.000000,203110.000000,410027042.000000,54058.000000
897001117.000000,50813.000000,22233.000000,311879.000000,188166.000000,410527087.000000,47738.000000
898000006.000000,51823.000000,19685.000000,308389.000000,188742.000000,411024218.000000,48102.000000
899000003.000000,61341.000000,18681.000000,286969.000000,205203.000000,411516390.000000,55094.000000
900000005.000000,52513.000000,18445.000000,311474.000000,189184.000000,412017048.000000,49087.000000
901000845.000000,52142.000000,11900.000000,313824.000000,188516.000000,412519388.000000,48800.000000
902000021.000000,61823.000000,19060.000000,285759.000000,205641.000000,413010788.000000,55145.000000
903000067.000000,53165.000000,20292.000000,309406.000000,189577.000000,413509771.000000,49991.000000
904000002.000000,54946.000000,16098.000000,303660.000000,194409.000000,414007840.000000,51637.000000
905003492.000000,61357.000000,17109.000000,292199.000000,202885.000000,414502924.000000,54712.000000
906000008.000000,51561.000000,18840.000000,317037.000000,184342.000000,415004303.000000,48241.000000
907002390.000000,50562.000000,16796.000000,314777.000000,185350.000000,415504430.000000,47603.000000
908000005.000000,60441.000000,17692.000000,286806.000000,203022.000000,415994258.000000,53822.000000
909000007.000000,53710.000000,17874.000000,308421.000000,191017.000000,416493696.000000,50089.000000
910000023.000000,53634.000000,18535.000000,307975.000000,190973.000000,416992644.000000,50450.000000
911000010.000000,63474.000000,20639.000000,284376.000000,210145.000000,417487165.000000,57122.000000
912000017.000000,52601.000000,21002.000000,303157.000000,189980.000000,417980302.000000,48932.000000
913000001.000000,51385.000000,19580.000000,308622.000000,187955.000000,418476879.000000,47990.000000
914000026.000000,62391.000000,20973.000000,284263.000000,208319.000000,418969461.000000,55712.000000
915000024.000000,50361.000000,18137.000000,310137.000000,184026.000000,419463624.000000,46902.000000
916001166.000000,52516.000000,17579.000000,317143.000000,188208.000000,419968975.000000,49657.000000
917000129.000000,63710.000000,15720.000000,292902.000000,208577.000000,420470454.000000,57256.000000
918000210.000000,51463.000000,16841.000000,311947.000000,187410.000000,420969811.000000,48167.000000
919000008.000000,56013.000000,20167.000000,302138.000000,197070.000000,421469019.000000,52051.000000
920001340.000000,60474.000000,17486.000000,291266.000000,202552.000000,421962837.000000,54510.000000
921004005.000000,53426.000000,16644.000000,309763.000000,192353.000000,422464953.000000,50500.000000
922000011.000000,56742.000000,13990.000000,297599.000000,199224.000000,422961776.000000,52205.000000
923001149.000000,58630.000000,17219.000000,295939.000000,203275.000000,423460990.000000,53931.000000
924000002.000000,54974.000000,20554.000000,303996.000000,197787.000000,423962773.000000,51867.000000
925000014.000000,57674.000000,19794.000000,297901.000000,196522.000000,424457196.000000,52289.000000
926000003.000000,57679.000000,16162.000000,305345.000000,196901.000000,424959442.000000,53178.000000
927000009.000000,54212.000000,18417.000000,318073.000000,194357.000000,425471872.000000,51580.000000
928000017.000000,58602.000000,20201.000000,297177.000000,199185.000000,425968234.000000,52812.000000
929000081.000000,52806.000000,17708.000000,306973.000000,191343.000000,426466550.000000,48704.000000
930000004.000000,51866.000000,23142.000000,306813.000000,189882.000000,426963245.000000,48251.000000
931000011.000000,54629.000000,19858.000000,307484.000000,186565.000000,427457294.000000,50116.000000
932000214.000000,60438.000000,17047.000000,293731.000000,204536.000000,427955561.000000,54634.000000
933003803.000000,52150.000000,20055.000000,315239.000000,190674.000000,428461474.000000,49246.000000
934000010.000000,52258.000000,18669.000000,307471.000000,186759.000000,428955704.000000,48191.000000
935000032.000000,61183.000000,18143.000000,291554.000000,203184.000000,429450442.000000,54928.000000
936003348.000000,51828.000000,18276.000000,316067.000000,187330.000000,429953839.000000,48665.000000
937000020.000000,53212.000000,19933.000000,308986.000000,192089.000000,430454914.000000,50124.000000
938000022.000000,62984.000000,12671.000000,288058.000000,208632.000000,430951604.000000,56687.000000
939000011.000000,53960.000000,11480.000000,308112.000000,197812.000000,431457528.000000,51235.000000
940000005.000000,57729.000000,13342.000000,294805.000000,198516.000000,431950849.000000,53154.000000
941000007.000000,57074.000000,17498.000000,292776.000000,199442.000000,432443067.000000,52478.000000
942000021.000000,49935.000000,22154.000000,307318.000000,185848.000000,432936233.000000,46716.000000
943000007.000000,58504.000000,19867.000000,293209.000000,203252.000000,433432694.000000,53187.000000
944000043.000000,57113.000000,18389.000000,293026.000000,203517.000000,433929237.000000,52832.000000
945000055.000000,55090.000000,18376.000000,298758.000000,196339.000000,434424334.000000,51263.000000
946000007.000000,61304.000000,23486.000000,283924.000000,206605.000000,434914863.000000,54598.000000
947000021.000000,54523.000000,24387.000000,297179.000000,197217.000000,435409259.000000,50340.000000
948000005.000000,54533.000000,22857.000000,302385.000000,193236.000000,435904880.000000,50092.000000
949000054.000000,56826.000000,24046.000000,293884.000000,196654.000000,436395418.000000,51484.000000
950003635.000000,60929.000000,19326.000000,286180.000000,208571.000000,436890169.000000,55226.000000
951000025.000000,54145.000000,20138.000000,296042.000000,193047.000000,437379258.000000,49643.000000
952003147.000000,53072.000000,21902.000000,306880.000000,188894.000000,437875032.000000,48880.000000
953000019.000000,62361.000000,19502.000000,289401.000000,207479.000000,438371912.000000,56049.000000
954000018.000000,54576.000000,20262.000000,302534.000000,197097.000000,438871543.000000,50795.000000
955000001.000000,55972.000000,11350.000000,296615.000000,200827.000000,439368985.000000,52060.000000
956000047.000000,60696.000000,18965.000000,287542.000000,207353.000000,439863880.000000,55277.000000
957003344.000000,54777.000000,19358.000000,307600.000000,193010.000000,440364490.000000,50861.000000
958000015.000000,58366.000000,19060.000000,293952.000000,203201.000000,440861643.000000,53795.000000
959001102.000000,58970.000000,24780.000000,286852.000000,202834.000000,441351329.000000,53106.000000
960002095.000000,55114.000000,26966.000000,297990.000000,195306.000000,441844625.000000,50091.000000
961000040.000000,55093.000000,18764.000000,298021.000000,197231.000000,442339877.000000,51346.000000
962000021.000000,63177.000000,19828.000000,279547.000000,211225.000000,442830649.000000,56652.000000
963000108.000000,53857.000000,26268.000000,300207.000000,195530.000000,443326386.000000,50107.000000
964003198.000000,54475.000000,25853.000000,302086.000000,193219.000000,443821691.000000,49708.000000
965001803.000000,62153.000000,18105.000000,282674.000000,208634.000000,444312999.000000,55901.000000
966000009.000000,53978.000000,21105.000000,300031.000000,191934.000000,444804964.000000,49848.000000
967000024.000000,54649.000000,20991.000000,300809.000000,188817.000000,445294590.000000,49969.000000
968000001.000000,62253.000000,20465.000000,278797.000000,207816.000000,445781203.000000,55717.000000
969000018.000000,55211.000000,24447.000000,299034.000000,193262.000000,446273499.000000,50469.000000
970000014.000000,54366.000000,24549.000000,299067.000000,194511.000000,446767077.000000,50317.000000
971000736.000000,61700.000000,19832.000000,283252.000000,204048.000000,447254377.000000,54823.000000
972000020.000000,53401.000000,13945.000000,302803.000000,192742.000000,447749922.000000,50153.000000
973001493.000000,52130.000000,21765.000000,306923.000000,191528.000000,448248373.000000,48807.000000
974000036.000000,62650.000000,17914.000000,284282.000000,208002.000000,448740657.000000,56235.000000
975003211.000000,53108.000000,22459.000000,304853.000000,191592.000000,449237102.000000,49342.000000
976000001.000000,53271.000000,27254.000000,299987.000000,193513.000000,449730602.000000,49622.000000
977000023.000000,59972.000000,27270.000000,287016.000000,202785.000000,450220403.000000,53847.000000
978003001.000000,55063.000000,27990.000000,298413.000000,197072.000000,450715888.000000,50212.000000
979000018.000000,53108.000000,25921.000000,303613.000000,188841.000000,451208342.000000,49051.000000
980002947.000000,54600.000000,22909.000000,300566.000000,194325.000000,451703233.000000,50650.000000
981002864.000000,63506.000000,19550.000000,281685.000000,207556.000000,452192474.000000,56415.000000
982000129.000000,53304.000000,23487.000000,307070.000000,188326.000000,452687870.000000,49828.000000
983000004.000000,53291.000000,20872.000000,305469.000000,192155.000000,453185494.000000,49847.000000
984000011.000000,62840.000000,19399.000000,285849.000000,208691.000000,453680034.000000,56683.000000
985000032.000000,52988.000000,16571.000000,308164.000000,192389.000000,454180587.000000,50051.000000
986000011.000000,53909.000000,20250.000000,304241.000000,196640.000000,454681468.000000,50817.000000
987000035.000000,62958.000000,18496.000000,281662.000000,209831.000000,455172961.000000,56672.000000
988004498.000000,53115.000000,18877.000000,308275.000000,192973.000000,455674209.000000,50060.000000
989000002.000000,51104.000000,21733.000000,307966.000000,187136.000000,456169311.000000,47866.000000
990000520.000000,61611.000000,20126.000000,286295.000000,206902.000000,456662508.000000,55074.000000
991000005.000000,51803.000000,20558.000000,306527.000000,190666.000000,457159701.000000,48502.000000
992000033.000000,52153.000000,22659.000000,309969.000000,188653.000000,457658323.000000,48599.000000
993004306.000000,60654.000000,17518.000000,289965.000000,202747.000000,458151035.000000,54391.000000
994000024.000000,52004.000000,15423.000000,306351.000000,193487.000000,458650873.000000,49050.000000
995001163.000000,55472.000000,19486.000000,300186.000000,196609.000000,459147668.000000,51839.000000
996000013.000000,62913.000000,16507.000000,277610.000000,210791.000000,459636069.000000,56550.000000
997000010.000000,54873.000000,20642.000000,297275.000000,198276.000000,460131620.000000,51205.000000
998000018.000000,56918.000000,23530.000000,292269.000000,199776.000000,460623665.000000,52517.000000
999000032.000000,60471.000000,23050.000000,285644.000000,202397.000000,461111706.000000,54066.000000
