Instruction,pfIssued,pfInCache,overallMisses,overallHits,overallAccesses,unusedPrefetches
1000268.000000,6261.000000,1129.000000,298048.000000,36071.000000,334119.000000,30.000000
2000204.000000,6996.000000,1503.000000,301428.000000,31883.000000,667430.000000,0.000000
3000524.000000,7366.000000,1698.000000,303430.000000,30010.000000,1000870.000000,0.000000
4000268.000000,7504.000000,1874.000000,304013.000000,29235.000000,1334118.000000,0.000000
5000204.000000,7602.000000,1945.000000,304592.000000,28720.000000,1667430.000000,0.000000
6000524.000000,7798.000000,2120.000000,305923.000000,27517.000000,2000870.000000,0.000000
7000172.000000,7803.000000,2092.000000,305623.000000,27593.000000,2334086.000000,0.000000
8000012.000000,7939.000000,2261.000000,306419.000000,26862.000000,2667367.000000,0.000000
9000620.000000,7960.000000,2223.000000,306733.000000,26802.000000,3000902.000000,0.000000
10000364.000000,8125.000000,2492.000000,307322.000000,25926.000000,3334150.000000,0.000000
11000108.000000,8056.000000,2349.000000,307107.000000,26141.000000,3667398.000000,0.000000
12000005.000000,8052.000000,2334.000000,306982.000000,26312.000000,4000692.000000,0.000000
13000364.000000,8062.000000,2353.000000,307114.000000,26344.000000,4334150.000000,0.000000
14000204.000000,8126.000000,2445.000000,307385.000000,25895.000000,4667430.000000,0.000000
15000428.000000,8014.000000,2251.000000,306952.000000,26456.000000,5000838.000000,0.000000
16000268.000000,7962.000000,2239.000000,306690.000000,26590.000000,5334118.000000,0.000000
17000780.000000,8106.000000,2352.000000,307571.000000,25933.000000,5667622.000000,0.000000
18000044.000000,8108.000000,2418.000000,307136.000000,25952.000000,6000710.000000,0.000000
19000268.000000,8218.000000,2563.000000,308113.000000,25295.000000,6334118.000000,0.000000
20000300.000000,8248.000000,2528.000000,308058.000000,25285.000000,6667461.000000,0.000000
21000332.000000,8187.000000,2524.000000,307764.000000,25581.000000,7000806.000000,0.000000
22000460.000000,8213.000000,2512.000000,307928.000000,25448.000000,7334182.000000,0.000000
23000396.000000,8193.000000,2565.000000,307861.000000,25451.000000,7667494.000000,0.000000
24000044.000000,8227.000000,2551.000000,308000.000000,25215.000000,8000709.000000,0.000000
25000037.000000,8291.000000,2633.000000,308348.000000,24979.000000,8334036.000000,0.000000
26000204.000000,8222.000000,2589.000000,308017.000000,25377.000000,8667430.000000,0.000000
27000332.000000,8245.000000,2548.000000,308170.000000,25206.000000,9000806.000000,0.000000
28000556.000000,8253.000000,2582.000000,308251.000000,25157.000000,9334214.000000,0.000000
29000016.000000,8221.000000,2481.000000,307764.000000,25389.000000,9667367.000000,0.000000
30000044.000000,8242.000000,2543.000000,308251.000000,25092.000000,10000710.000000,0.000000
31000460.000000,8263.000000,2594.000000,308298.000000,25174.000000,10334182.000000,0.000000
32000300.000000,8231.000000,2544.000000,307993.000000,25287.000000,10667462.000000,0.000000
33000332.000000,8308.000000,2600.000000,308444.000000,24900.000000,11000806.000000,0.000000
34000364.000000,8282.000000,2641.000000,308327.000000,25017.000000,11334150.000000,0.000000
35000204.000000,8280.000000,2659.000000,308241.000000,25039.000000,11667430.000000,0.000000
36000428.000000,8243.000000,2502.000000,308231.000000,25177.000000,12000838.000000,0.000000
37000076.000000,8288.000000,2634.000000,308188.000000,25029.000000,12334055.000000,0.000000
38000108.000000,8229.000000,2580.000000,308038.000000,25305.000000,12667398.000000,0.000000
39000332.000000,8211.000000,2505.000000,307994.000000,25414.000000,13000806.000000,0.000000
40000460.000000,8249.000000,2584.000000,308228.000000,25148.000000,13334182.000000,0.000000
41000108.000000,8216.000000,2561.000000,308015.000000,25201.000000,13667398.000000,0.000000
42000332.000000,8235.000000,2553.000000,308109.000000,25299.000000,14000806.000000,0.000000
43000460.000000,8263.000000,2558.000000,308477.000000,24899.000000,14334182.000000,0.000000
44000108.000000,8184.000000,2459.000000,307705.000000,25511.000000,14667398.000000,0.000000
45000236.000000,8286.000000,2648.000000,308379.000000,24996.000000,15000773.000000,0.000000
46000556.000000,8330.000000,2675.000000,308609.000000,24832.000000,15334214.000000,0.000000
47000006.000000,8218.000000,2551.000000,307778.000000,25370.000000,15667362.000000,0.000000
48000620.000000,8241.000000,2563.000000,308308.000000,25232.000000,16000902.000000,0.000000
49000043.000000,8287.000000,2574.000000,308269.000000,24866.000000,16334037.000000,0.000000
50000300.000000,8198.000000,2500.000000,308113.000000,25312.000000,16667462.000000,0.000000
51000464.000000,8283.000000,2579.000000,308464.000000,25049.000000,17000975.000000,8.000000
52000208.000000,8302.000000,2637.000000,308181.000000,25067.000000,17334223.000000,0.000000
53000009.000000,8269.000000,2677.000000,308258.000000,25004.000000,17667485.000000,0.000000
54000368.000000,8277.000000,2582.000000,308406.000000,25052.000000,18000943.000000,0.000000
55000208.000000,8284.000000,2601.000000,308353.000000,24927.000000,18334223.000000,0.000000
56000336.000000,8361.000000,2711.000000,308793.000000,24583.000000,18667599.000000,0.000000
57000560.000000,8284.000000,2595.000000,308443.000000,24965.000000,19001007.000000,0.000000
58000112.000000,8345.000000,2652.000000,308498.000000,24686.000000,19334191.000000,0.000000
59000048.000000,8259.000000,2566.000000,308322.000000,24990.000000,19667503.000000,0.000000
60000272.000000,8259.000000,2587.000000,308191.000000,25217.000000,20000911.000000,0.000000
61000112.000000,8280.000000,2624.000000,308232.000000,25048.000000,20334191.000000,0.000000
62000144.000000,8310.000000,2649.000000,308358.000000,24986.000000,20667535.000000,0.000000
63000272.000000,8375.000000,2745.000000,308749.000000,24627.000000,21000911.000000,0.000000
64000208.000000,8327.000000,2669.000000,308507.000000,24805.000000,21334223.000000,0.000000
65000144.000000,8333.000000,2724.000000,308518.000000,24794.000000,21667535.000000,0.000000
66000080.000000,8309.000000,2651.000000,308458.000000,24854.000000,22000847.000000,0.000000
67000016.000000,8281.000000,2614.000000,308348.000000,24964.000000,22334159.000000,0.000000
68000144.000000,8291.000000,2612.000000,308473.000000,24903.000000,22667535.000000,0.000000
69000080.000000,8296.000000,2585.000000,308400.000000,24912.000000,23000847.000000,0.000000
70000496.000000,8338.000000,2616.000000,308711.000000,24761.000000,23334319.000000,0.000000
71000336.000000,8375.000000,2750.000000,308728.000000,24552.000000,23667599.000000,0.000000
72000272.000000,8322.000000,2681.000000,308546.000000,24766.000000,24000911.000000,0.000000
73000112.000000,8323.000000,2672.000000,308412.000000,24867.000000,24334190.000000,0.000000
74000432.000000,8353.000000,2666.000000,308830.000000,24611.000000,24667631.000000,0.000000
75000080.000000,8328.000000,2652.000000,308475.000000,24741.000000,25000847.000000,0.000000
76000112.000000,8335.000000,2685.000000,308547.000000,24797.000000,25334191.000000,0.000000
77000720.000000,8328.000000,2641.000000,308661.000000,24875.000000,25667727.000000,0.000000
78000368.000000,8284.000000,2631.000000,308392.000000,24824.000000,26000943.000000,0.000000
79000400.000000,8351.000000,2682.000000,308668.000000,24676.000000,26334287.000000,0.000000
80000048.000000,8304.000000,2649.000000,308314.000000,24902.000000,26667503.000000,0.000000
81000176.000000,8357.000000,2687.000000,308808.000000,24568.000000,27000879.000000,0.000000
82000400.000000,8346.000000,2710.000000,308599.000000,24809.000000,27334287.000000,0.000000
83000009.000000,8271.000000,2630.000000,308288.000000,24910.000000,27667485.000000,0.000000
84000560.000000,8250.000000,2542.000000,308286.000000,25236.000000,28001007.000000,0.000000
85000112.000000,8307.000000,2690.000000,308352.000000,24832.000000,28334191.000000,0.000000
86000821.000000,8335.000000,2677.000000,308725.000000,24843.000000,28667759.000000,0.000000
87000176.000000,8320.000000,2720.000000,308385.000000,24736.000000,29000880.000000,0.000000
88000400.000000,8329.000000,2645.000000,308623.000000,24784.000000,29334287.000000,0.000000
89000336.000000,8257.000000,2572.000000,308216.000000,25096.000000,29667599.000000,0.000000
90000272.000000,8302.000000,2607.000000,308421.000000,24891.000000,30000911.000000,0.000000
91000021.000000,8278.000000,2575.000000,308157.000000,25091.000000,30334159.000000,0.000000
92000048.000000,8305.000000,2639.000000,308493.000000,24851.000000,30667503.000000,0.000000
93000080.000000,8290.000000,2585.000000,308278.000000,25066.000000,31000847.000000,0.000000
94000016.000000,8341.000000,2680.000000,308636.000000,24676.000000,31334159.000000,0.000000
95000336.000000,8304.000000,2591.000000,308587.000000,24853.000000,31667599.000000,0.000000
96000272.000000,8341.000000,2677.000000,308506.000000,24806.000000,32000911.000000,0.000000
97000688.000000,8338.000000,2656.000000,308755.000000,24717.000000,32334383.000000,0.000000
98000048.000000,8280.000000,2632.000000,308266.000000,24853.000000,32667502.000000,0.000000
99000368.000000,8301.000000,2606.000000,308427.000000,25014.000000,33000943.000000,0.000000
100000208.000000,8370.000000,2778.000000,308770.000000,24510.000000,33334223.000000,0.000000
101000106.000000,8286.000000,2631.000000,308526.000000,24903.000000,33667652.000000,7.000000
102000234.000000,8301.000000,2641.000000,308475.000000,24902.000000,34001029.000000,0.000000
103000458.000000,8317.000000,2620.000000,308601.000000,24807.000000,34334437.000000,0.000000
104000010.000000,8276.000000,2627.000000,308185.000000,25000.000000,34667622.000000,0.000000
105000426.000000,8218.000000,2534.000000,308295.000000,25176.000000,35001093.000000,0.000000
106000458.000000,8292.000000,2661.000000,308471.000000,24873.000000,35334437.000000,0.000000
107000682.000000,8379.000000,2738.000000,308865.000000,24543.000000,35667845.000000,0.000000
108000138.000000,8309.000000,2652.000000,308466.000000,24686.000000,36000997.000000,0.000000
109000362.000000,8314.000000,2631.000000,308593.000000,24815.000000,36334405.000000,0.000000
110000490.000000,8282.000000,2573.000000,308309.000000,25067.000000,36667781.000000,0.000000
111000003.000000,8253.000000,2546.000000,308226.000000,24940.000000,37000947.000000,0.000000
112000170.000000,8223.000000,2519.000000,308246.000000,25148.000000,37334341.000000,0.000000
113000202.000000,8318.000000,2633.000000,308658.000000,24686.000000,37667685.000000,0.000000
114000234.000000,8284.000000,2561.000000,308439.000000,24905.000000,38001029.000000,0.000000
115000458.000000,8369.000000,2681.000000,308773.000000,24635.000000,38334437.000000,0.000000
116000490.000000,8393.000000,2710.000000,308930.000000,24414.000000,38667781.000000,0.000000
117000003.000000,8343.000000,2640.000000,308506.000000,24660.000000,39000947.000000,0.000000
118000074.000000,8395.000000,2736.000000,309057.000000,24305.000000,39334309.000000,0.000000
119000202.000000,8331.000000,2664.000000,308595.000000,24781.000000,39667685.000000,0.000000
120000138.000000,8294.000000,2597.000000,308271.000000,25041.000000,40000997.000000,0.000000
121000266.000000,8368.000000,2697.000000,308900.000000,24476.000000,40334373.000000,0.000000
122000303.000000,8352.000000,2693.000000,308603.000000,24741.000000,40667717.000000,0.000000
123000234.000000,8368.000000,2659.000000,308683.000000,24629.000000,41001029.000000,0.000000
124000035.000000,8326.000000,2636.000000,308487.000000,24775.000000,41334291.000000,0.000000
125000202.000000,8387.000000,2754.000000,308945.000000,24449.000000,41667685.000000,0.000000
126000047.000000,8346.000000,2705.000000,308614.000000,24666.000000,42000965.000000,0.000000
127000458.000000,8340.000000,2695.000000,308885.000000,24587.000000,42334437.000000,0.000000
128000394.000000,8325.000000,2670.000000,308514.000000,24798.000000,42667749.000000,0.000000
129000330.000000,8325.000000,2663.000000,308576.000000,24736.000000,43001061.000000,0.000000
130000458.000000,8369.000000,2695.000000,308904.000000,24472.000000,43334437.000000,0.000000
131000682.000000,8388.000000,2723.000000,308858.000000,24550.000000,43667845.000000,0.000000
132000003.000000,8387.000000,2726.000000,308719.000000,24383.000000,44000947.000000,0.000000
133000266.000000,8356.000000,2701.000000,308843.000000,24583.000000,44334373.000000,0.000000
134000298.000000,8368.000000,2711.000000,308765.000000,24579.000000,44667717.000000,0.000000
135000618.000000,8415.000000,2768.000000,308982.000000,24458.000000,45001157.000000,0.000000
136000650.000000,8313.000000,2623.000000,308520.000000,24824.000000,45334501.000000,0.000000
137000586.000000,8295.000000,2630.000000,308345.000000,24967.000000,45667813.000000,0.000000
138000522.000000,8369.000000,2711.000000,308735.000000,24577.000000,46001125.000000,0.000000
139000266.000000,8296.000000,2585.000000,308418.000000,24830.000000,46334373.000000,0.000000
140000394.000000,8381.000000,2734.000000,308881.000000,24495.000000,46667749.000000,0.000000
141000618.000000,8407.000000,2763.000000,309024.000000,24384.000000,47001157.000000,0.000000
142000362.000000,8361.000000,2709.000000,308625.000000,24623.000000,47334405.000000,0.000000
143000106.000000,8397.000000,2803.000000,308829.000000,24419.000000,47667653.000000,0.000000
144000522.000000,8341.000000,2685.000000,308667.000000,24805.000000,48001125.000000,0.000000
145000458.000000,8395.000000,2755.000000,308905.000000,24407.000000,48334437.000000,0.000000
146000010.000000,8312.000000,2679.000000,308430.000000,24754.000000,48667621.000000,0.000000
147000234.000000,8322.000000,2636.000000,308606.000000,24801.000000,49001028.000000,0.000000
148000035.000000,8306.000000,2679.000000,308440.000000,24823.000000,49334291.000000,0.000000
149000394.000000,8410.000000,2771.000000,309090.000000,24368.000000,49667749.000000,0.000000
150000138.000000,8348.000000,2701.000000,308402.000000,24847.000000,50000998.000000,0.000000
151000041.000000,8354.000000,2740.000000,308854.000000,24440.000000,50334292.000000,0.000000
152000189.000000,8319.000000,2698.000000,308828.000000,24616.000000,50667736.000000,7.000000
153000221.000000,8328.000000,2666.000000,308634.000000,24710.000000,51001080.000000,0.000000
154000253.000000,8321.000000,2605.000000,308765.000000,24578.000000,51334423.000000,0.000000
155000001.000000,8394.000000,2754.000000,308883.000000,24366.000000,51667672.000000,0.000000
156000317.000000,8401.000000,2732.000000,309024.000000,24416.000000,52001112.000000,0.000000
157000637.000000,8344.000000,2689.000000,308787.000000,24653.000000,52334552.000000,0.000000
158000003.000000,8338.000000,2662.000000,308432.000000,24689.000000,52667673.000000,0.000000
159000413.000000,8389.000000,2736.000000,309023.000000,24448.000000,53001144.000000,0.000000
160000541.000000,8351.000000,2726.000000,308766.000000,24610.000000,53334520.000000,0.000000
161000573.000000,8408.000000,2766.000000,308971.000000,24373.000000,53667864.000000,0.000000
162000317.000000,8348.000000,2679.000000,308508.000000,24740.000000,54001112.000000,0.000000
163000061.000000,8419.000000,2807.000000,309027.000000,24221.000000,54334360.000000,0.000000
164000001.000000,8337.000000,2677.000000,308593.000000,24719.000000,54667672.000000,0.000000
165000317.000000,8300.000000,2640.000000,308615.000000,24825.000000,55001112.000000,0.000000
166000253.000000,8293.000000,2617.000000,308488.000000,24824.000000,55334424.000000,0.000000
167000189.000000,8282.000000,2608.000000,308424.000000,24888.000000,55667736.000000,0.000000
168000413.000000,8350.000000,2674.000000,308785.000000,24623.000000,56001144.000000,0.000000
169000445.000000,8334.000000,2687.000000,308612.000000,24732.000000,56334488.000000,0.000000
170000093.000000,8327.000000,2661.000000,308457.000000,24759.000000,56667704.000000,0.000000
171000317.000000,8306.000000,2633.000000,308657.000000,24751.000000,57001112.000000,0.000000
172000349.000000,8285.000000,2612.000000,308400.000000,24944.000000,57334456.000000,0.000000
173000001.000000,8321.000000,2633.000000,308543.000000,24673.000000,57667672.000000,0.000000
174000413.000000,8397.000000,2772.000000,308934.000000,24538.000000,58001144.000000,0.000000
175000445.000000,8345.000000,2676.000000,308682.000000,24661.000000,58334487.000000,0.000000
176000573.000000,8326.000000,2683.000000,308592.000000,24785.000000,58667864.000000,0.000000
177000701.000000,8370.000000,2707.000000,308778.000000,24598.000000,59001240.000000,0.000000
178000061.000000,8313.000000,2681.000000,308364.000000,24756.000000,59334360.000000,0.000000
179000189.000000,8319.000000,2676.000000,308579.000000,24796.000000,59667735.000000,0.000000
180000029.000000,8355.000000,2699.000000,308776.000000,24505.000000,60001016.000000,0.000000
181000349.000000,8285.000000,2612.000000,308509.000000,24931.000000,60334456.000000,0.000000
182000285.000000,8279.000000,2567.000000,308425.000000,24887.000000,60667768.000000,0.000000
183000605.000000,8356.000000,2687.000000,308792.000000,24648.000000,61001208.000000,0.000000
184000541.000000,8291.000000,2608.000000,308386.000000,24926.000000,61334520.000000,0.000000
185000285.000000,8360.000000,2680.000000,308670.000000,24578.000000,61667768.000000,0.000000
186000125.000000,8382.000000,2749.000000,308737.000000,24543.000000,62001048.000000,0.000000
187000445.000000,8407.000000,2722.000000,308970.000000,24470.000000,62334488.000000,0.000000
188000189.000000,8411.000000,2713.000000,308832.000000,24416.000000,62667736.000000,0.000000
189000221.000000,8380.000000,2747.000000,308864.000000,24480.000000,63001080.000000,0.000000
190000022.000000,8337.000000,2697.000000,308572.000000,24690.000000,63334342.000000,0.000000
191000189.000000,8323.000000,2624.000000,308614.000000,24780.000000,63667736.000000,0.000000
192000317.000000,8300.000000,2657.000000,308502.000000,24874.000000,64001112.000000,0.000000
193000022.000000,8427.000000,2774.000000,308862.000000,24368.000000,64334342.000000,0.000000
194000381.000000,8418.000000,2762.000000,309126.000000,24332.000000,64667800.000000,0.000000
195000125.000000,8400.000000,2744.000000,308895.000000,24353.000000,65001048.000000,0.000000
196000637.000000,8397.000000,2788.000000,309063.000000,24440.000000,65334551.000000,0.000000
197000189.000000,8344.000000,2687.000000,308515.000000,24670.000000,65667736.000000,0.000000
198000413.000000,8347.000000,2697.000000,308709.000000,24699.000000,66001144.000000,0.000000
199000253.000000,8326.000000,2699.000000,308610.000000,24670.000000,66334424.000000,0.000000
200000001.000000,8392.000000,2715.000000,308924.000000,24324.000000,66667672.000000,0.000000
201000413.000000,8304.000000,2671.000000,308649.000000,24823.000000,67001144.000000,0.000000
202000144.000000,8334.000000,2681.000000,308599.000000,24608.000000,67334351.000000,15.000000
203000368.000000,8389.000000,2752.000000,308951.000000,24458.000000,67667760.000000,0.000000
204000400.000000,8390.000000,2722.000000,308871.000000,24473.000000,68001104.000000,0.000000
205000009.000000,8382.000000,2765.000000,308714.000000,24484.000000,68334302.000000,0.000000
206000752.000000,8255.000000,2559.000000,308605.000000,24981.000000,68667888.000000,0.000000
207000112.000000,8359.000000,2647.000000,308588.000000,24532.000000,69001008.000000,0.000000
208000432.000000,8405.000000,2783.000000,309056.000000,24384.000000,69334448.000000,0.000000
209000176.000000,8412.000000,2762.000000,309025.000000,24223.000000,69667696.000000,0.000000
210000020.000000,8365.000000,2673.000000,308707.000000,24574.000000,70000977.000000,0.000000
211000009.000000,8313.000000,2612.000000,308578.000000,24747.000000,70334302.000000,0.000000
212000080.000000,8292.000000,2619.000000,308514.000000,24848.000000,70667664.000000,0.000000
213000016.000000,8317.000000,2596.000000,308561.000000,24751.000000,71000976.000000,0.000000
214000048.000000,8298.000000,2615.000000,308598.000000,24746.000000,71334320.000000,0.000000
215000080.000000,8402.000000,2738.000000,308955.000000,24389.000000,71667664.000000,0.000000
216000496.000000,8411.000000,2735.000000,309154.000000,24318.000000,72001136.000000,0.000000
217000240.000000,8440.000000,2782.000000,309063.000000,24185.000000,72334384.000000,0.000000
218000656.000000,8333.000000,2662.000000,308781.000000,24691.000000,72667856.000000,0.000000
219000304.000000,8339.000000,2696.000000,308597.000000,24619.000000,73001072.000000,0.000000
220000009.000000,8304.000000,2666.000000,308432.000000,24798.000000,73334302.000000,0.000000
221000041.000000,8349.000000,2694.000000,308675.000000,24669.000000,73667646.000000,0.000000
222000688.000000,8364.000000,2725.000000,308987.000000,24567.000000,74001200.000000,0.000000
223000336.000000,8426.000000,2776.000000,308954.000000,24261.000000,74334415.000000,0.000000
224000041.000000,8361.000000,2652.000000,308650.000000,24581.000000,74667646.000000,0.000000
225000304.000000,8384.000000,2720.000000,308928.000000,24498.000000,75001072.000000,0.000000
226000432.000000,8365.000000,2685.000000,308800.000000,24576.000000,75334448.000000,0.000000
227000080.000000,8377.000000,2754.000000,308863.000000,24352.000000,75667663.000000,0.000000
228000592.000000,8373.000000,2727.000000,308962.000000,24543.000000,76001168.000000,0.000000
229000240.000000,8383.000000,2719.000000,308674.000000,24542.000000,76334384.000000,0.000000
230000368.000000,8412.000000,2759.000000,309043.000000,24333.000000,76667760.000000,0.000000
231000304.000000,8423.000000,2760.000000,309055.000000,24257.000000,77001072.000000,0.000000
232000144.000000,8360.000000,2710.000000,308778.000000,24502.000000,77334352.000000,0.000000
233000464.000000,8396.000000,2744.000000,308881.000000,24559.000000,77667792.000000,0.000000
234000592.000000,8389.000000,2701.000000,308771.000000,24605.000000,78001168.000000,0.000000
235000009.000000,8314.000000,2678.000000,308510.000000,24624.000000,78334302.000000,0.000000
236000560.000000,8312.000000,2561.000000,308676.000000,24846.000000,78667824.000000,0.000000
237000112.000000,8327.000000,2678.000000,308496.000000,24688.000000,79001008.000000,0.000000
238000009.000000,8365.000000,2682.000000,308639.000000,24655.000000,79334302.000000,0.000000
239000464.000000,8341.000000,2703.000000,308836.000000,24654.000000,79667792.000000,0.000000
240000208.000000,8307.000000,2599.000000,308413.000000,24835.000000,80001040.000000,0.000000
241000624.000000,8333.000000,2644.000000,308748.000000,24724.000000,80334512.000000,0.000000
242000080.000000,8407.000000,2760.000000,308744.000000,24408.000000,80667664.000000,0.000000
243000400.000000,8441.000000,2774.000000,309195.000000,24245.000000,81001104.000000,0.000000
244000048.000000,8300.000000,2603.000000,308401.000000,24815.000000,81334320.000000,0.000000
245000041.000000,8383.000000,2711.000000,308810.000000,24516.000000,81667646.000000,0.000000
246000496.000000,8369.000000,2746.000000,309131.000000,24359.000000,82001136.000000,0.000000
247000048.000000,8371.000000,2732.000000,308626.000000,24558.000000,82334320.000000,0.000000
248000272.000000,8300.000000,2610.000000,308534.000000,24873.000000,82667727.000000,0.000000
249000208.000000,8346.000000,2673.000000,308598.000000,24715.000000,83001040.000000,0.000000
250000009.000000,8326.000000,2644.000000,308561.000000,24701.000000,83334302.000000,0.000000
251000464.000000,8386.000000,2712.000000,309058.000000,24432.000000,83667792.000000,0.000000
252000098.000000,8288.000000,2613.000000,308405.000000,24600.000000,84000797.000000,12.000000
253000226.000000,8322.000000,2619.000000,308556.000000,24819.000000,84334172.000000,0.000000
254000027.000000,8344.000000,2691.000000,308615.000000,24648.000000,84667435.000000,0.000000
255000386.000000,8355.000000,2667.000000,308769.000000,24689.000000,85000893.000000,0.000000
256000418.000000,8349.000000,2649.000000,308618.000000,24726.000000,85334237.000000,0.000000
257000033.000000,8392.000000,2705.000000,308694.000000,24505.000000,85667436.000000,0.000000
258000194.000000,8402.000000,2737.000000,308974.000000,24419.000000,86000829.000000,0.000000
259000514.000000,8383.000000,2713.000000,308924.000000,24516.000000,86334269.000000,0.000000
260000354.000000,8331.000000,2651.000000,308514.000000,24766.000000,86667549.000000,0.000000
261000386.000000,8346.000000,2676.000000,308579.000000,24765.000000,87000893.000000,0.000000
262000034.000000,8357.000000,2761.000000,308728.000000,24488.000000,87334109.000000,0.000000
263000258.000000,8434.000000,2797.000000,309100.000000,24308.000000,87667517.000000,0.000000
264000098.000000,8375.000000,2719.000000,308737.000000,24543.000000,88000797.000000,0.000000
265000034.000000,8345.000000,2634.000000,308627.000000,24685.000000,88334109.000000,0.000000
266000162.000000,8400.000000,2787.000000,308966.000000,24410.000000,88667485.000000,0.000000
267000098.000000,8392.000000,2741.000000,308898.000000,24414.000000,89000797.000000,0.000000
268000130.000000,8354.000000,2658.000000,308634.000000,24711.000000,89334142.000000,0.000000
269000027.000000,8286.000000,2583.000000,308342.000000,24951.000000,89667435.000000,0.000000
270000290.000000,8314.000000,2613.000000,308579.000000,24847.000000,90000861.000000,0.000000
271000418.000000,8384.000000,2751.000000,308838.000000,24538.000000,90334237.000000,0.000000
272000546.000000,8358.000000,2722.000000,308818.000000,24558.000000,90667613.000000,0.000000
273000578.000000,8346.000000,2696.000000,308640.000000,24704.000000,91000957.000000,0.000000
274000418.000000,8378.000000,2714.000000,308791.000000,24488.000000,91334236.000000,0.000000
275000066.000000,8362.000000,2697.000000,308594.000000,24623.000000,91667453.000000,0.000000
276000098.000000,8361.000000,2763.000000,308794.000000,24550.000000,92000797.000000,0.000000
277000514.000000,8386.000000,2744.000000,308954.000000,24518.000000,92334269.000000,0.000000
278000162.000000,8341.000000,2700.000000,308576.000000,24639.000000,92667484.000000,0.000000
279000002.000000,8327.000000,2657.000000,308418.000000,24863.000000,93000765.000000,0.000000
280000514.000000,8325.000000,2658.000000,308784.000000,24720.000000,93334269.000000,0.000000
281000027.000000,8401.000000,2751.000000,308800.000000,24366.000000,93667435.000000,0.000000
282000386.000000,8310.000000,2645.000000,308617.000000,24841.000000,94000893.000000,0.000000
283000226.000000,8358.000000,2716.000000,308690.000000,24590.000000,94334173.000000,0.000000
284000450.000000,8401.000000,2817.000000,309033.000000,24375.000000,94667581.000000,0.000000
285000194.000000,8348.000000,2733.000000,308703.000000,24545.000000,95000829.000000,0.000000
286000130.000000,8334.000000,2687.000000,308677.000000,24635.000000,95334141.000000,0.000000
287000642.000000,8304.000000,2650.000000,308704.000000,24800.000000,95667645.000000,0.000000
288000578.000000,8362.000000,2717.000000,308791.000000,24521.000000,96000957.000000,0.000000
289000034.000000,8387.000000,2793.000000,308777.000000,24375.000000,96334109.000000,0.000000
290000066.000000,8345.000000,2714.000000,308740.000000,24604.000000,96667453.000000,0.000000
291000194.000000,8374.000000,2713.000000,308854.000000,24522.000000,97000829.000000,0.000000
292000226.000000,8396.000000,2767.000000,308955.000000,24389.000000,97334173.000000,0.000000
293000354.000000,8364.000000,2694.000000,308770.000000,24606.000000,97667549.000000,0.000000
294000578.000000,8396.000000,2755.000000,308889.000000,24519.000000,98000957.000000,0.000000
295000322.000000,8393.000000,2763.000000,308833.000000,24415.000000,98334205.000000,0.000000
296000066.000000,8416.000000,2767.000000,308993.000000,24255.000000,98667453.000000,0.000000
297000482.000000,8385.000000,2706.000000,308948.000000,24524.000000,99000925.000000,0.000000
298000226.000000,8412.000000,2783.000000,308944.000000,24304.000000,99334173.000000,0.000000
299000354.000000,8357.000000,2667.000000,308842.000000,24533.000000,99667548.000000,0.000000
300000002.000000,8329.000000,2656.000000,308461.000000,24757.000000,100000766.000000,0.000000
301000034.000000,8385.000000,2697.000000,308957.000000,24386.000000,100334109.000000,0.000000
302000546.000000,8398.000000,2729.000000,309073.000000,24431.000000,100667613.000000,0.000000
303000214.000000,8368.000000,2715.000000,308411.000000,24389.000000,101000413.000000,43.000000
304000342.000000,8430.000000,2806.000000,309098.000000,24278.000000,101333789.000000,0.000000
305000053.000000,8454.000000,2818.000000,308987.000000,24244.000000,101667020.000000,0.000000
306000214.000000,8367.000000,2684.000000,309028.000000,24365.000000,102000413.000000,0.000000
307000150.000000,8323.000000,2624.000000,308626.000000,24686.000000,102333725.000000,0.000000
308000047.000000,8447.000000,2810.000000,309093.000000,24201.000000,102667019.000000,0.000000
309000310.000000,8411.000000,2786.000000,309105.000000,24321.000000,103000445.000000,0.000000
310000150.000000,8347.000000,2734.000000,308578.000000,24702.000000,103333725.000000,0.000000
311000374.000000,8422.000000,2805.000000,309095.000000,24313.000000,103667133.000000,0.000000
312000022.000000,8364.000000,2756.000000,308747.000000,24469.000000,104000349.000000,0.000000
313000246.000000,8361.000000,2703.000000,308885.000000,24523.000000,104333757.000000,0.000000
314000278.000000,8358.000000,2722.000000,308785.000000,24559.000000,104667101.000000,0.000000
315000022.000000,8345.000000,2648.000000,308656.000000,24592.000000,105000349.000000,0.000000
316000015.000000,8313.000000,2658.000000,308584.000000,24742.000000,105333675.000000,0.000000
317000566.000000,8343.000000,2653.000000,308775.000000,24747.000000,105667197.000000,0.000000
318000694.000000,8338.000000,2654.000000,308632.000000,24743.000000,106000572.000000,0.000000
319000054.000000,8355.000000,2722.000000,308654.000000,24467.000000,106333693.000000,0.000000
320000047.000000,8415.000000,2762.000000,308896.000000,24430.000000,106667019.000000,0.000000
321000118.000000,8394.000000,2731.000000,308993.000000,24369.000000,107000381.000000,0.000000
322000438.000000,8367.000000,2726.000000,308828.000000,24611.000000,107333820.000000,0.000000
323000278.000000,8332.000000,2659.000000,308560.000000,24721.000000,107667101.000000,0.000000
324000214.000000,8436.000000,2792.000000,309039.000000,24273.000000,108000413.000000,0.000000
325000054.000000,8374.000000,2767.000000,308815.000000,24465.000000,108333693.000000,0.000000
326000182.000000,8312.000000,2655.000000,308516.000000,24859.000000,108667068.000000,0.000000
327000214.000000,8280.000000,2576.000000,308374.000000,24971.000000,109000413.000000,0.000000
328000054.000000,8381.000000,2716.000000,308866.000000,24414.000000,109333693.000000,0.000000
329000182.000000,8358.000000,2678.000000,308762.000000,24614.000000,109667069.000000,0.000000
330000598.000000,8355.000000,2675.000000,308703.000000,24769.000000,110000541.000000,0.000000
331000150.000000,8390.000000,2761.000000,308826.000000,24358.000000,110333725.000000,0.000000
332000182.000000,8290.000000,2618.000000,308639.000000,24705.000000,110667069.000000,0.000000
333000214.000000,8298.000000,2588.000000,308435.000000,24909.000000,111000413.000000,0.000000
334000342.000000,8385.000000,2722.000000,308991.000000,24385.000000,111333789.000000,0.000000
335000374.000000,8385.000000,2716.000000,308902.000000,24442.000000,111667133.000000,0.000000
336000310.000000,8383.000000,2715.000000,308927.000000,24385.000000,112000445.000000,0.000000
337000342.000000,8367.000000,2664.000000,308721.000000,24623.000000,112333789.000000,0.000000
338000182.000000,8289.000000,2622.000000,308476.000000,24804.000000,112667069.000000,0.000000
339000214.000000,8344.000000,2712.000000,308795.000000,24549.000000,113000413.000000,0.000000
340000246.000000,8320.000000,2651.000000,308652.000000,24692.000000,113333757.000000,0.000000
341000470.000000,8330.000000,2648.000000,308761.000000,24647.000000,113667165.000000,0.000000
342000694.000000,8326.000000,2619.000000,308728.000000,24680.000000,114000573.000000,0.000000
343000015.000000,8344.000000,2666.000000,308464.000000,24638.000000,114333675.000000,0.000000
344000470.000000,8418.000000,2778.000000,309204.000000,24286.000000,114667165.000000,0.000000
345000214.000000,8321.000000,2682.000000,308466.000000,24782.000000,115000413.000000,0.000000
346000054.000000,8326.000000,2679.000000,308574.000000,24706.000000,115333693.000000,0.000000
347000374.000000,8394.000000,2720.000000,309069.000000,24370.000000,115667132.000000,0.000000
348000022.000000,8358.000000,2687.000000,308821.000000,24396.000000,116000349.000000,0.000000
349000246.000000,8411.000000,2757.000000,308980.000000,24428.000000,116333757.000000,0.000000
350000182.000000,8386.000000,2768.000000,308909.000000,24403.000000,116667069.000000,0.000000
351000118.000000,8348.000000,2719.000000,308818.000000,24493.000000,117000380.000000,0.000000
352000150.000000,8376.000000,2768.000000,308904.000000,24442.000000,117333726.000000,0.000000
353000528.000000,8216.000000,2574.000000,307497.000000,24863.000000,117666086.000000,39.000000
354000464.000000,8321.000000,2683.000000,308645.000000,24667.000000,117999398.000000,0.000000
355000112.000000,8376.000000,2711.000000,308661.000000,24555.000000,118332614.000000,0.000000
356000144.000000,8256.000000,2582.000000,308275.000000,25069.000000,118665958.000000,0.000000
357000041.000000,8304.000000,2601.000000,308348.000000,24946.000000,118999252.000000,0.000000
358000496.000000,8361.000000,2662.000000,308924.000000,24566.000000,119332742.000000,0.000000
359000009.000000,8296.000000,2638.000000,308415.000000,24751.000000,119665908.000000,0.000000
360000176.000000,8333.000000,2705.000000,308673.000000,24721.000000,119999302.000000,0.000000
361000112.000000,8335.000000,2670.000000,308567.000000,24745.000000,120332614.000000,0.000000
362000336.000000,8390.000000,2739.000000,308835.000000,24573.000000,120666022.000000,0.000000
363000080.000000,8353.000000,2722.000000,308713.000000,24535.000000,120999270.000000,0.000000
364000400.000000,8333.000000,2678.000000,308732.000000,24708.000000,121332710.000000,0.000000
365000048.000000,8307.000000,2616.000000,308397.000000,24819.000000,121665926.000000,0.000000
366000080.000000,8372.000000,2731.000000,308864.000000,24481.000000,121999271.000000,0.000000
367000016.000000,8344.000000,2675.000000,308723.000000,24589.000000,122332583.000000,0.000000
368000240.000000,8353.000000,2682.000000,308781.000000,24626.000000,122665990.000000,0.000000
369000368.000000,8387.000000,2724.000000,308890.000000,24485.000000,122999365.000000,0.000000
370000112.000000,8372.000000,2720.000000,308826.000000,24423.000000,123332614.000000,0.000000
371000240.000000,8385.000000,2726.000000,308894.000000,24482.000000,123665990.000000,0.000000
372000176.000000,8307.000000,2650.000000,308450.000000,24862.000000,123999302.000000,0.000000
373000112.000000,8347.000000,2733.000000,308678.000000,24633.000000,124332613.000000,0.000000
374000144.000000,8333.000000,2674.000000,308555.000000,24791.000000,124665959.000000,0.000000
375000176.000000,8406.000000,2756.000000,308858.000000,24485.000000,124999302.000000,0.000000
376000112.000000,8364.000000,2735.000000,308801.000000,24511.000000,125332614.000000,0.000000
377000432.000000,8397.000000,2765.000000,309031.000000,24409.000000,125666054.000000,0.000000
378000176.000000,8353.000000,2668.000000,308689.000000,24559.000000,125999302.000000,0.000000
379000400.000000,8382.000000,2706.000000,308907.000000,24501.000000,126332710.000000,0.000000
380000048.000000,8352.000000,2735.000000,308609.000000,24607.000000,126665926.000000,0.000000
381000464.000000,8345.000000,2708.000000,308891.000000,24581.000000,126999398.000000,0.000000
382000208.000000,8371.000000,2746.000000,308740.000000,24508.000000,127332646.000000,0.000000
383000009.000000,8362.000000,2759.000000,308768.000000,24494.000000,127665908.000000,0.000000
384000080.000000,8382.000000,2770.000000,308880.000000,24482.000000,127999270.000000,0.000000
385000112.000000,8325.000000,2687.000000,308690.000000,24654.000000,128332614.000000,0.000000
386000240.000000,8325.000000,2657.000000,308666.000000,24710.000000,128665990.000000,0.000000
387000656.000000,8382.000000,2681.000000,308856.000000,24616.000000,128999462.000000,0.000000
388000208.000000,8339.000000,2718.000000,308645.000000,24539.000000,129332646.000000,0.000000
389000015.000000,8441.000000,2756.000000,309001.000000,24262.000000,129665909.000000,0.000000
390000176.000000,8359.000000,2736.000000,308994.000000,24399.000000,129999302.000000,0.000000
391000112.000000,8400.000000,2801.000000,308839.000000,24474.000000,130332615.000000,0.000000
392000009.000000,8356.000000,2704.000000,308742.000000,24551.000000,130665908.000000,0.000000
393000752.000000,8323.000000,2707.000000,308924.000000,24662.000000,130999494.000000,0.000000
394000016.000000,8343.000000,2703.000000,308425.000000,24664.000000,131332583.000000,0.000000
395000240.000000,8338.000000,2727.000000,308861.000000,24546.000000,131665990.000000,0.000000
396000464.000000,8320.000000,2630.000000,308673.000000,24735.000000,131999398.000000,0.000000
397000112.000000,8318.000000,2657.000000,308593.000000,24623.000000,132332614.000000,0.000000
398000048.000000,8301.000000,2596.000000,308599.000000,24712.000000,132665925.000000,0.000000
399000656.000000,8311.000000,2617.000000,308761.000000,24776.000000,132999462.000000,0.000000
400000784.000000,8285.000000,2615.000000,308561.000000,24815.000000,133332838.000000,0.000000
401000528.000000,8304.000000,2618.000000,308381.000000,24867.000000,133666086.000000,0.000000
402000560.000000,8320.000000,2669.000000,308764.000000,24580.000000,133999430.000000,0.000000
403000057.000000,8113.000000,2535.000000,305960.000000,24859.000000,134330249.000000,47.000000
404000665.000000,8288.000000,2566.000000,308490.000000,25046.000000,134663785.000000,0.000000
405000121.000000,8313.000000,2690.000000,308490.000000,24662.000000,134996937.000000,0.000000
406000057.000000,8290.000000,2633.000000,308523.000000,24789.000000,135330249.000000,0.000000
407000185.000000,8310.000000,2612.000000,308458.000000,24918.000000,135663625.000000,0.000000
408000697.000000,8361.000000,2712.000000,308970.000000,24534.000000,135997129.000000,0.000000
409000633.000000,8295.000000,2658.000000,308336.000000,24976.000000,136330441.000000,0.000000
410000574.000000,8351.000000,2675.000000,308701.000000,24611.000000,136663753.000000,0.000000
411000313.000000,8355.000000,2731.000000,308695.000000,24553.000000,136997001.000000,0.000000
412000153.000000,8361.000000,2713.000000,308783.000000,24497.000000,137330281.000000,0.000000
413000377.000000,8321.000000,2655.000000,308712.000000,24696.000000,137663689.000000,0.000000
414000313.000000,8391.000000,2752.000000,308956.000000,24355.000000,137997000.000000,0.000000
415000057.000000,8312.000000,2627.000000,308465.000000,24784.000000,138330249.000000,0.000000
416000473.000000,8293.000000,2617.000000,308648.000000,24824.000000,138663721.000000,0.000000
417000217.000000,8364.000000,2699.000000,308768.000000,24480.000000,138996969.000000,0.000000
418000057.000000,8403.000000,2800.000000,308985.000000,24294.000000,139330248.000000,0.000000
419000281.000000,8368.000000,2739.000000,308908.000000,24501.000000,139663657.000000,0.000000
420000313.000000,8422.000000,2794.000000,309002.000000,24342.000000,139997001.000000,0.000000
421000537.000000,8374.000000,2729.000000,308956.000000,24452.000000,140330409.000000,0.000000
422000281.000000,8355.000000,2712.000000,308736.000000,24512.000000,140663657.000000,0.000000
423000601.000000,8378.000000,2751.000000,309141.000000,24299.000000,140997097.000000,0.000000
424000153.000000,8320.000000,2668.000000,308394.000000,24790.000000,141330281.000000,0.000000
425000004.000000,8364.000000,2735.000000,308729.000000,24553.000000,141663563.000000,0.000000
426000313.000000,8316.000000,2577.000000,308611.000000,24827.000000,141997001.000000,0.000000
427000057.000000,8386.000000,2759.000000,308938.000000,24310.000000,142330249.000000,0.000000
428000089.000000,8274.000000,2603.000000,308422.000000,24922.000000,142663593.000000,0.000000
429000505.000000,8292.000000,2604.000000,308599.000000,24873.000000,142997065.000000,0.000000
430000537.000000,8372.000000,2702.000000,308805.000000,24539.000000,143330409.000000,0.000000
431000377.000000,8345.000000,2738.000000,308742.000000,24538.000000,143663689.000000,0.000000
432000313.000000,8398.000000,2738.000000,308871.000000,24441.000000,143997001.000000,0.000000
433000345.000000,8393.000000,2780.000000,308947.000000,24397.000000,144330345.000000,0.000000
434000185.000000,8306.000000,2606.000000,308444.000000,24837.000000,144663626.000000,0.000000
435000510.000000,8306.000000,2600.000000,308586.000000,24853.000000,144997065.000000,0.000000
436000249.000000,8349.000000,2677.000000,308670.000000,24578.000000,145330313.000000,0.000000
437000281.000000,8337.000000,2684.000000,308748.000000,24596.000000,145663657.000000,0.000000
438000313.000000,8367.000000,2714.000000,308777.000000,24567.000000,145997001.000000,0.000000
439000249.000000,8340.000000,2672.000000,308656.000000,24655.000000,146330312.000000,0.000000
440000377.000000,8305.000000,2615.000000,308538.000000,24839.000000,146663689.000000,0.000000
441000505.000000,8320.000000,2638.000000,308576.000000,24800.000000,146997065.000000,0.000000
442000537.000000,8395.000000,2768.000000,308869.000000,24475.000000,147330409.000000,0.000000
443000056.000000,8418.000000,2764.000000,308778.000000,24389.000000,147663576.000000,0.000000
444000505.000000,8420.000000,2732.000000,309168.000000,24321.000000,147997065.000000,0.000000
445000441.000000,8382.000000,2733.000000,308912.000000,24400.000000,148330377.000000,0.000000
446000281.000000,8325.000000,2605.000000,308610.000000,24670.000000,148663657.000000,0.000000
447000505.000000,8365.000000,2718.000000,308850.000000,24558.000000,148997065.000000,0.000000
448000537.000000,8340.000000,2647.000000,308708.000000,24636.000000,149330409.000000,0.000000
449000089.000000,8394.000000,2742.000000,308941.000000,24244.000000,149663594.000000,0.000000
450000025.000000,8307.000000,2631.000000,308447.000000,24864.000000,149996905.000000,0.000000
451000249.000000,8381.000000,2720.000000,308935.000000,24473.000000,150330313.000000,0.000000
452000377.000000,8413.000000,2776.000000,309028.000000,24348.000000,150663689.000000,0.000000
453000217.000000,8308.000000,2641.000000,308595.000000,24685.000000,150996969.000000,0.000000
454000233.000000,7924.000000,2367.000000,303543.000000,24949.000000,151325461.000000,88.000000
455000457.000000,8279.000000,2588.000000,308365.000000,25042.000000,151658868.000000,0.000000
456000201.000000,8336.000000,2692.000000,308546.000000,24703.000000,151992117.000000,0.000000
457000233.000000,8371.000000,2718.000000,308797.000000,24547.000000,152325461.000000,0.000000
458000073.000000,8372.000000,2716.000000,308790.000000,24490.000000,152658741.000000,0.000000
459000201.000000,8309.000000,2592.000000,308471.000000,24904.000000,152992116.000000,0.000000
460000041.000000,8333.000000,2669.000000,308712.000000,24569.000000,153325397.000000,0.000000
461000073.000000,8332.000000,2672.000000,308565.000000,24779.000000,153658741.000000,0.000000
462000393.000000,8380.000000,2738.000000,308868.000000,24572.000000,153992181.000000,0.000000
463000329.000000,8347.000000,2690.000000,308692.000000,24620.000000,154325493.000000,0.000000
464000169.000000,8319.000000,2648.000000,308555.000000,24725.000000,154658773.000000,0.000000
465000105.000000,8329.000000,2669.000000,308593.000000,24719.000000,154992085.000000,0.000000
466000329.000000,8370.000000,2674.000000,308831.000000,24577.000000,155325493.000000,0.000000
467000457.000000,8413.000000,2755.000000,308956.000000,24420.000000,155658869.000000,0.000000
468000393.000000,8386.000000,2733.000000,308827.000000,24485.000000,155992181.000000,0.000000
469000041.000000,8313.000000,2676.000000,308471.000000,24745.000000,156325397.000000,0.000000
470000457.000000,8278.000000,2573.000000,308465.000000,25007.000000,156658869.000000,0.000000
471000681.000000,8333.000000,2613.000000,308634.000000,24774.000000,156992277.000000,0.000000
472000233.000000,8396.000000,2752.000000,308835.000000,24349.000000,157325461.000000,0.000000
473000457.000000,8378.000000,2687.000000,308837.000000,24571.000000,157658869.000000,0.000000
474000297.000000,8382.000000,2737.000000,308782.000000,24498.000000,157992149.000000,0.000000
475000617.000000,8330.000000,2659.000000,308787.000000,24653.000000,158325589.000000,0.000000
476000265.000000,8328.000000,2660.000000,308559.000000,24657.000000,158658805.000000,0.000000
477000393.000000,8342.000000,2667.000000,308669.000000,24707.000000,158992181.000000,0.000000
478000233.000000,8331.000000,2663.000000,308624.000000,24656.000000,159325461.000000,0.000000
479000169.000000,8384.000000,2745.000000,308817.000000,24495.000000,159658773.000000,0.000000
480000009.000000,8377.000000,2706.000000,308782.000000,24498.000000,159992053.000000,0.000000
481000329.000000,8360.000000,2726.000000,308889.000000,24551.000000,160325493.000000,0.000000
482000265.000000,8367.000000,2721.000000,308866.000000,24446.000000,160658805.000000,0.000000
483000201.000000,8332.000000,2656.000000,308650.000000,24662.000000,160992117.000000,0.000000
484000137.000000,8392.000000,2747.000000,308834.000000,24477.000000,161325428.000000,0.000000
485000169.000000,8326.000000,2630.000000,308653.000000,24692.000000,161658773.000000,0.000000
486000105.000000,8321.000000,2680.000000,308540.000000,24772.000000,161992085.000000,0.000000
487000002.000000,8339.000000,2673.000000,308605.000000,24689.000000,162325379.000000,0.000000
488000077.000000,8364.000000,2739.000000,308723.000000,24640.000000,162658742.000000,0.000000
489000681.000000,8338.000000,2674.000000,308879.000000,24656.000000,162992277.000000,0.000000
490000041.000000,8251.000000,2557.000000,308228.000000,24892.000000,163325397.000000,0.000000
491000034.000000,8312.000000,2645.000000,308583.000000,24743.000000,163658723.000000,0.000000
492000489.000000,8325.000000,2641.000000,308810.000000,24680.000000,163992213.000000,0.000000
493000002.000000,8349.000000,2647.000000,308438.000000,24728.000000,164325379.000000,0.000000
494000361.000000,8365.000000,2720.000000,308898.000000,24560.000000,164658837.000000,0.000000
495000393.000000,8396.000000,2810.000000,309058.000000,24286.000000,164992181.000000,0.000000
496000137.000000,8320.000000,2652.000000,308501.000000,24747.000000,165325429.000000,0.000000
497000265.000000,8278.000000,2583.000000,308460.000000,24916.000000,165658805.000000,0.000000
498000009.000000,8321.000000,2687.000000,308621.000000,24627.000000,165992053.000000,0.000000
499000041.000000,8341.000000,2655.000000,308577.000000,24767.000000,166325397.000000,0.000000
500000361.000000,8328.000000,2656.000000,308766.000000,24674.000000,166658837.000000,0.000000
501000297.000000,8398.000000,2784.000000,308962.000000,24350.000000,166992149.000000,0.000000
502000233.000000,8384.000000,2710.000000,308872.000000,24440.000000,167325461.000000,0.000000
503000169.000000,8383.000000,2722.000000,308906.000000,24406.000000,167658773.000000,0.000000
504000040.000000,7587.000000,2357.000000,299031.000000,24440.000000,167982244.000000,148.000000
505000489.000000,8285.000000,2546.000000,308614.000000,24875.000000,168315733.000000,0.000000
506000329.000000,8335.000000,2675.000000,308682.000000,24598.000000,168649013.000000,0.000000
507000361.000000,8350.000000,2661.000000,308655.000000,24689.000000,168982357.000000,0.000000
508000489.000000,8360.000000,2732.000000,308724.000000,24652.000000,169315733.000000,0.000000
509000425.000000,8405.000000,2731.000000,308904.000000,24408.000000,169649045.000000,0.000000
510000169.000000,8371.000000,2690.000000,308737.000000,24511.000000,169982293.000000,0.000000
511000489.000000,8435.000000,2808.000000,309182.000000,24258.000000,170315733.000000,0.000000
512000233.000000,8353.000000,2616.000000,308661.000000,24587.000000,170648981.000000,0.000000
513000073.000000,8341.000000,2665.000000,308675.000000,24605.000000,170982261.000000,0.000000
514000585.000000,8387.000000,2732.000000,309101.000000,24403.000000,171315765.000000,0.000000
515000233.000000,8352.000000,2674.000000,308623.000000,24593.000000,171648981.000000,0.000000
516000265.000000,8323.000000,2638.000000,308642.000000,24702.000000,171982325.000000,0.000000
517000201.000000,8302.000000,2555.000000,308471.000000,24841.000000,172315637.000000,0.000000
518000233.000000,8324.000000,2651.000000,308678.000000,24666.000000,172648981.000000,0.000000
519000034.000000,8322.000000,2699.000000,308583.000000,24679.000000,172982243.000000,0.000000
520000393.000000,8223.000000,2496.000000,308240.000000,25218.000000,173315701.000000,0.000000
521000425.000000,8350.000000,2698.000000,308701.000000,24642.000000,173649044.000000,0.000000
522000073.000000,8348.000000,2683.000000,308552.000000,24665.000000,173982261.000000,0.000000
523000009.000000,8415.000000,2737.000000,309017.000000,24295.000000,174315573.000000,0.000000
524000041.000000,8337.000000,2711.000000,308733.000000,24611.000000,174648917.000000,0.000000
525000169.000000,8387.000000,2724.000000,308860.000000,24515.000000,174982292.000000,0.000000
526000201.000000,8351.000000,2677.000000,308704.000000,24641.000000,175315637.000000,0.000000
527000041.000000,8332.000000,2685.000000,308659.000000,24621.000000,175648917.000000,0.000000
528000361.000000,8330.000000,2602.000000,308661.000000,24779.000000,175982357.000000,0.000000
529000489.000000,8404.000000,2740.000000,309063.000000,24313.000000,176315733.000000,0.000000
530000521.000000,8378.000000,2699.000000,308814.000000,24530.000000,176649077.000000,0.000000
531000169.000000,8375.000000,2738.000000,308887.000000,24329.000000,176982293.000000,0.000000
532000201.000000,8358.000000,2731.000000,308786.000000,24558.000000,177315637.000000,0.000000
533000329.000000,8457.000000,2832.000000,309210.000000,24166.000000,177649013.000000,0.000000
534000553.000000,8406.000000,2741.000000,308969.000000,24439.000000,177982421.000000,0.000000
535000201.000000,8295.000000,2643.000000,308453.000000,24763.000000,178315637.000000,0.000000
536000137.000000,8322.000000,2642.000000,308601.000000,24711.000000,178648949.000000,0.000000
537000265.000000,8359.000000,2725.000000,308885.000000,24491.000000,178982325.000000,0.000000
538000105.000000,8429.000000,2776.000000,309041.000000,24239.000000,179315605.000000,0.000000
539000002.000000,8347.000000,2638.000000,308755.000000,24539.000000,179648899.000000,0.000000
540000034.000000,8333.000000,2629.000000,308735.000000,24609.000000,179982243.000000,0.000000
541000489.000000,8359.000000,2691.000000,308818.000000,24672.000000,180315733.000000,0.000000
542000002.000000,8405.000000,2762.000000,308811.000000,24355.000000,180648899.000000,0.000000
543000457.000000,8301.000000,2609.000000,308639.000000,24851.000000,180982389.000000,0.000000
544000585.000000,8353.000000,2679.000000,308723.000000,24653.000000,181315765.000000,0.000000
545000002.000000,8349.000000,2664.000000,308540.000000,24594.000000,181648899.000000,0.000000
546000361.000000,8359.000000,2716.000000,309008.000000,24449.000000,181982356.000000,0.000000
547000393.000000,8359.000000,2716.000000,308841.000000,24504.000000,182315701.000000,0.000000
548000002.000000,8335.000000,2629.000000,308585.000000,24613.000000,182648899.000000,0.000000
549000034.000000,8424.000000,2774.000000,309096.000000,24248.000000,182982243.000000,0.000000
550000105.000000,8338.000000,2616.000000,308714.000000,24647.000000,183315604.000000,0.000000
551000137.000000,8379.000000,2776.000000,308904.000000,24441.000000,183648949.000000,0.000000
552000169.000000,8347.000000,2689.000000,308846.000000,24498.000000,183982293.000000,0.000000
553000393.000000,8378.000000,2726.000000,308965.000000,24443.000000,184315701.000000,0.000000
554001099.000000,8212.000000,2624.000000,304935.000000,25588.000000,184646224.000000,139.000000
555000489.000000,6883.000000,2089.000000,292498.000000,23932.000000,184962654.000000,28.000000
556000233.000000,8276.000000,2547.000000,308282.000000,24966.000000,185295902.000000,0.000000
557000265.000000,8359.000000,2673.000000,308771.000000,24573.000000,185629246.000000,0.000000
558000201.000000,8316.000000,2562.000000,308563.000000,24749.000000,185962558.000000,0.000000
559000329.000000,8368.000000,2656.000000,308882.000000,24494.000000,186295934.000000,0.000000
560000265.000000,8393.000000,2744.000000,308886.000000,24426.000000,186629246.000000,0.000000
561000201.000000,8353.000000,2654.000000,308775.000000,24537.000000,186962558.000000,0.000000
562000233.000000,8338.000000,2626.000000,308681.000000,24662.000000,187295901.000000,0.000000
563000361.000000,8346.000000,2626.000000,308714.000000,24663.000000,187629278.000000,0.000000
564000393.000000,8297.000000,2622.000000,308548.000000,24796.000000,187962622.000000,0.000000
565000137.000000,8352.000000,2669.000000,308706.000000,24542.000000,188295870.000000,0.000000
566000040.000000,8438.000000,2776.000000,309037.000000,24258.000000,188629165.000000,0.000000
567000585.000000,8409.000000,2774.000000,309152.000000,24369.000000,188962686.000000,0.000000
568000137.000000,8298.000000,2612.000000,308396.000000,24788.000000,189295870.000000,0.000000
569000265.000000,8309.000000,2587.000000,308585.000000,24791.000000,189629246.000000,0.000000
570000201.000000,8313.000000,2643.000000,308481.000000,24831.000000,189962558.000000,0.000000
571000002.000000,8313.000000,2622.000000,308593.000000,24669.000000,190295820.000000,0.000000
572000361.000000,8329.000000,2628.000000,308764.000000,24694.000000,190629278.000000,0.000000
573000105.000000,8338.000000,2619.000000,308577.000000,24671.000000,190962526.000000,0.000000
574000521.000000,8369.000000,2684.000000,308926.000000,24546.000000,191295998.000000,0.000000
575000361.000000,8311.000000,2617.000000,308407.000000,24873.000000,191629278.000000,0.000000
576000105.000000,8404.000000,2734.000000,309031.000000,24217.000000,191962526.000000,0.000000
577000425.000000,8421.000000,2734.000000,309154.000000,24286.000000,192295966.000000,0.000000
578000265.000000,8307.000000,2635.000000,308482.000000,24798.000000,192629246.000000,0.000000
579000105.000000,8286.000000,2569.000000,308397.000000,24883.000000,192962526.000000,0.000000
580000137.000000,8350.000000,2624.000000,308785.000000,24559.000000,193295870.000000,0.000000
581000553.000000,8287.000000,2586.000000,308570.000000,24902.000000,193629342.000000,0.000000
582000009.000000,8325.000000,2645.000000,308408.000000,24744.000000,193962494.000000,0.000000
583000425.000000,8312.000000,2627.000000,308623.000000,24848.000000,194295965.000000,0.000000
584000361.000000,8355.000000,2666.000000,308881.000000,24432.000000,194629278.000000,0.000000
585000297.000000,8309.000000,2635.000000,308533.000000,24779.000000,194962590.000000,0.000000
586000329.000000,8314.000000,2637.000000,308562.000000,24782.000000,195295934.000000,0.000000
587000169.000000,8310.000000,2616.000000,308542.000000,24737.000000,195629213.000000,0.000000
588000297.000000,8399.000000,2735.000000,308945.000000,24432.000000,195962590.000000,0.000000
589000041.000000,8303.000000,2623.000000,308499.000000,24749.000000,196295838.000000,0.000000
590000361.000000,8331.000000,2646.000000,308740.000000,24700.000000,196629278.000000,0.000000
591000681.000000,8364.000000,2679.000000,308942.000000,24498.000000,196962718.000000,0.000000
592000002.000000,8321.000000,2690.000000,308532.000000,24570.000000,197295820.000000,0.000000
593000169.000000,8303.000000,2590.000000,308513.000000,24881.000000,197629214.000000,0.000000
594000297.000000,8331.000000,2636.000000,308609.000000,24767.000000,197962590.000000,0.000000
595000425.000000,8347.000000,2685.000000,308777.000000,24599.000000,198295966.000000,0.000000
596000265.000000,8315.000000,2639.000000,308714.000000,24566.000000,198629246.000000,0.000000
597000585.000000,8375.000000,2655.000000,308957.000000,24483.000000,198962686.000000,0.000000
598000002.000000,8388.000000,2714.000000,308729.000000,24405.000000,199295820.000000,0.000000
599000034.000000,8390.000000,2718.000000,308939.000000,24405.000000,199629164.000000,0.000000
600000105.000000,8393.000000,2738.000000,309014.000000,24348.000000,199962526.000000,0.000000
601000329.000000,8339.000000,2647.000000,308775.000000,24633.000000,200295934.000000,0.000000
602000553.000000,8367.000000,2632.000000,308897.000000,24511.000000,200629342.000000,0.000000
603000585.000000,8376.000000,2700.000000,308907.000000,24437.000000,200962686.000000,0.000000
604000041.000000,8392.000000,2750.000000,308759.000000,24393.000000,201295838.000000,0.000000
605000133.000000,6722.000000,1810.000000,270129.000000,23682.000000,201589649.000000,196.000000
606000030.000000,8067.000000,2160.000000,307256.000000,26038.000000,201922943.000000,8.000000
607000389.000000,8277.000000,2497.000000,308479.000000,24979.000000,202256401.000000,0.000000
608000810.000000,8346.000000,2630.000000,308902.000000,24570.000000,202589873.000000,0.000000
609000453.000000,8400.000000,2685.000000,308675.000000,24541.000000,202923089.000000,0.000000
610000677.000000,8394.000000,2710.000000,309110.000000,24298.000000,203256497.000000,0.000000
611000325.000000,8439.000000,2766.000000,308912.000000,24304.000000,203589713.000000,0.000000
612000261.000000,8430.000000,2775.000000,309037.000000,24275.000000,203923025.000000,0.000000
613000293.000000,8342.000000,2666.000000,308830.000000,24514.000000,204256369.000000,0.000000
614000325.000000,8296.000000,2650.000000,308566.000000,24778.000000,204589713.000000,0.000000
615000069.000000,8300.000000,2648.000000,308496.000000,24752.000000,204922961.000000,0.000000
616000293.000000,8287.000000,2579.000000,308530.000000,24877.000000,205256368.000000,0.000000
617000133.000000,8278.000000,2587.000000,308475.000000,24806.000000,205589649.000000,0.000000
618000549.000000,8408.000000,2764.000000,309174.000000,24298.000000,205923121.000000,0.000000
619000389.000000,8363.000000,2706.000000,308801.000000,24479.000000,206256401.000000,0.000000
620000037.000000,8273.000000,2585.000000,308354.000000,24861.000000,206589616.000000,0.000000
621000069.000000,8318.000000,2618.000000,308577.000000,24768.000000,206922961.000000,0.000000
622000293.000000,8347.000000,2694.000000,308746.000000,24662.000000,207256369.000000,0.000000
623000037.000000,8317.000000,2580.000000,308586.000000,24662.000000,207589617.000000,0.000000
624000453.000000,8359.000000,2653.000000,309008.000000,24464.000000,207923089.000000,0.000000
625000005.000000,8293.000000,2577.000000,308376.000000,24808.000000,208256273.000000,0.000000
626000037.000000,8297.000000,2592.000000,308481.000000,24863.000000,208589617.000000,0.000000
627000069.000000,8325.000000,2625.000000,308597.000000,24747.000000,208922961.000000,0.000000
628000005.000000,8381.000000,2697.000000,308844.000000,24468.000000,209256273.000000,0.000000
629001002.000000,8394.000000,2736.000000,309187.000000,24477.000000,209589937.000000,0.000000
630000165.000000,8393.000000,2708.000000,308624.000000,24432.000000,209922993.000000,0.000000
631000197.000000,8259.000000,2595.000000,308346.000000,24998.000000,210256337.000000,0.000000
632000037.000000,8352.000000,2649.000000,308656.000000,24624.000000,210589617.000000,0.000000
633000165.000000,8317.000000,2656.000000,308808.000000,24568.000000,210922993.000000,0.000000
634000293.000000,8273.000000,2563.000000,308460.000000,24916.000000,211256369.000000,0.000000
635000613.000000,8293.000000,2587.000000,308454.000000,24986.000000,211589809.000000,0.000000
636000165.000000,8359.000000,2692.000000,308714.000000,24470.000000,211922993.000000,0.000000
637000197.000000,8324.000000,2679.000000,308631.000000,24713.000000,212256337.000000,0.000000
638000133.000000,8335.000000,2655.000000,308578.000000,24734.000000,212589649.000000,0.000000
639000357.000000,8273.000000,2586.000000,308489.000000,24919.000000,212923057.000000,0.000000
640000389.000000,8332.000000,2630.000000,308591.000000,24753.000000,213256401.000000,0.000000
641000234.000000,8233.000000,2535.000000,308090.000000,25190.000000,213589681.000000,0.000000
642000165.000000,8378.000000,2676.000000,308649.000000,24663.000000,213922993.000000,0.000000
643000677.000000,8306.000000,2621.000000,308726.000000,24778.000000,214256497.000000,0.000000
644000229.000000,8226.000000,2466.000000,308119.000000,25065.000000,214589681.000000,0.000000
645000036.000000,8294.000000,2563.000000,308408.000000,24855.000000,214922944.000000,0.000000
646000005.000000,8373.000000,2704.000000,308857.000000,24472.000000,215256273.000000,0.000000
647000325.000000,8326.000000,2643.000000,308887.000000,24553.000000,215589713.000000,0.000000
648000165.000000,8352.000000,2687.000000,308628.000000,24652.000000,215922993.000000,0.000000
649000197.000000,8333.000000,2630.000000,308755.000000,24589.000000,216256337.000000,0.000000
650000325.000000,8283.000000,2607.000000,308507.000000,24869.000000,216589713.000000,0.000000
651000165.000000,8355.000000,2646.000000,308660.000000,24620.000000,216922993.000000,0.000000
652000485.000000,8317.000000,2577.000000,308682.000000,24758.000000,217256433.000000,0.000000
653000325.000000,8364.000000,2665.000000,308770.000000,24510.000000,217589713.000000,0.000000
654000453.000000,8284.000000,2564.000000,308617.000000,24759.000000,217923089.000000,0.000000
655000101.000000,8320.000000,2598.000000,308596.000000,24620.000000,218256305.000000,0.000000
656000594.000000,5839.000000,1193.000000,267781.000000,24397.000000,218548483.000000,171.000000
657000321.000000,7508.000000,1774.000000,269532.000000,24895.000000,218842910.000000,26.000000
658000257.000000,8186.000000,2374.000000,307916.000000,25396.000000,219176222.000000,0.000000
659000193.000000,8176.000000,2392.000000,307949.000000,25362.000000,219509533.000000,0.000000
660000129.000000,8201.000000,2516.000000,307946.000000,25368.000000,219842847.000000,0.000000
661000026.000000,8283.000000,2531.000000,308474.000000,24819.000000,220176140.000000,0.000000
662000481.000000,8282.000000,2500.000000,308614.000000,24876.000000,220509630.000000,0.000000
663000002.000000,8267.000000,2486.000000,308265.000000,24912.000000,220842807.000000,0.000000
664000353.000000,8353.000000,2694.000000,308976.000000,24471.000000,221176254.000000,0.000000
665000193.000000,8326.000000,2638.000000,308605.000000,24675.000000,221509534.000000,0.000000
666000129.000000,8317.000000,2622.000000,308616.000000,24696.000000,221842846.000000,0.000000
667000257.000000,8362.000000,2625.000000,308855.000000,24521.000000,222176222.000000,0.000000
668000385.000000,8316.000000,2618.000000,308636.000000,24740.000000,222509598.000000,0.000000
669000033.000000,8296.000000,2591.000000,308405.000000,24811.000000,222842814.000000,0.000000
670000065.000000,8275.000000,2499.000000,308554.000000,24790.000000,223176158.000000,0.000000
671000097.000000,8309.000000,2652.000000,308511.000000,24833.000000,223509502.000000,0.000000
672000129.000000,8323.000000,2632.000000,308646.000000,24698.000000,223842846.000000,0.000000
673000161.000000,8383.000000,2697.000000,308867.000000,24477.000000,224176190.000000,0.000000
674000481.000000,8392.000000,2729.000000,308998.000000,24442.000000,224509630.000000,0.000000
675000513.000000,8339.000000,2706.000000,308873.000000,24471.000000,224842974.000000,0.000000
676000257.000000,8335.000000,2661.000000,308522.000000,24726.000000,225176222.000000,0.000000
677000385.000000,8292.000000,2592.000000,308587.000000,24789.000000,225509598.000000,0.000000
678000513.000000,8328.000000,2666.000000,308708.000000,24668.000000,225842974.000000,0.000000
679000353.000000,8313.000000,2640.000000,308591.000000,24689.000000,226176254.000000,0.000000
680000385.000000,8356.000000,2714.000000,308787.000000,24556.000000,226509597.000000,0.000000
681000321.000000,8392.000000,2737.000000,309004.000000,24309.000000,226842910.000000,0.000000
682000257.000000,8353.000000,2719.000000,308841.000000,24471.000000,227176222.000000,0.000000
683000097.000000,8401.000000,2739.000000,308853.000000,24427.000000,227509502.000000,0.000000
684000134.000000,8367.000000,2684.000000,308786.000000,24558.000000,227842846.000000,0.000000
685000257.000000,8393.000000,2746.000000,309017.000000,24359.000000,228176222.000000,0.000000
686000193.000000,8244.000000,2525.000000,308296.000000,25016.000000,228509534.000000,0.000000
687000513.000000,8309.000000,2620.000000,308625.000000,24815.000000,228842974.000000,0.000000
688000641.000000,8308.000000,2581.000000,308558.000000,24818.000000,229176350.000000,0.000000
689000289.000000,8384.000000,2762.000000,308812.000000,24404.000000,229509566.000000,0.000000
690000321.000000,8363.000000,2690.000000,308881.000000,24463.000000,229842910.000000,0.000000
691000641.000000,8404.000000,2732.000000,309045.000000,24395.000000,230176350.000000,0.000000
692000385.000000,8356.000000,2691.000000,308709.000000,24539.000000,230509598.000000,0.000000
693000129.000000,8305.000000,2651.000000,308470.000000,24778.000000,230842846.000000,0.000000
694000161.000000,8347.000000,2656.000000,308720.000000,24624.000000,231176190.000000,0.000000
695000097.000000,8301.000000,2636.000000,308448.000000,24864.000000,231509502.000000,0.000000
696000321.000000,8241.000000,2589.000000,308399.000000,25009.000000,231842910.000000,0.000000
697000161.000000,8337.000000,2628.000000,308551.000000,24729.000000,232176190.000000,0.000000
698000385.000000,8315.000000,2666.000000,308706.000000,24702.000000,232509598.000000,0.000000
699000609.000000,8283.000000,2590.000000,308633.000000,24775.000000,232843006.000000,0.000000
700000545.000000,8347.000000,2662.000000,308730.000000,24582.000000,233176318.000000,0.000000
701000289.000000,8351.000000,2769.000000,308735.000000,24513.000000,233509566.000000,0.000000
702000513.000000,8340.000000,2691.000000,308825.000000,24583.000000,233842974.000000,0.000000
703000353.000000,8399.000000,2724.000000,308776.000000,24504.000000,234176254.000000,0.000000
704000481.000000,8367.000000,2719.000000,308884.000000,24492.000000,234509630.000000,0.000000
705000033.000000,8376.000000,2720.000000,308737.000000,24447.000000,234842814.000000,0.000000
706000353.000000,8339.000000,2663.000000,308832.000000,24608.000000,235176254.000000,0.000000
707000100.000000,7399.000000,1813.000000,286913.000000,30377.000000,235493544.000000,172.000000
708000025.000000,4021.000000,579.000000,247863.000000,18212.000000,235759619.000000,22.000000
709000160.000000,7130.000000,1575.000000,232844.000000,23029.000000,236015492.000000,24.000000
710000480.000000,8202.000000,2430.000000,308130.000000,25311.000000,236348933.000000,0.000000
711000224.000000,8094.000000,2350.000000,307583.000000,25665.000000,236682181.000000,0.000000
712000160.000000,8156.000000,2338.000000,307768.000000,25544.000000,237015493.000000,0.000000
713000480.000000,8292.000000,2588.000000,308641.000000,24799.000000,237348933.000000,0.000000
714000416.000000,8254.000000,2547.000000,308324.000000,24988.000000,237682245.000000,0.000000
715000025.000000,8289.000000,2549.000000,308315.000000,24883.000000,238015443.000000,0.000000
716000192.000000,8312.000000,2685.000000,308599.000000,24795.000000,238348837.000000,0.000000
717000128.000000,8262.000000,2542.000000,308305.000000,25007.000000,238682149.000000,0.000000
718000352.000000,8255.000000,2516.000000,308389.000000,25019.000000,239015557.000000,0.000000
719000096.000000,8263.000000,2542.000000,308216.000000,25032.000000,239348805.000000,0.000000
720000224.000000,8222.000000,2503.000000,308216.000000,25160.000000,239682181.000000,0.000000
721000160.000000,8292.000000,2563.000000,308483.000000,24829.000000,240015493.000000,0.000000
722000004.000000,8268.000000,2578.000000,308379.000000,24901.000000,240348773.000000,0.000000
723000224.000000,8294.000000,2582.000000,308675.000000,24733.000000,240682181.000000,0.000000
724000064.000000,8318.000000,2663.000000,308621.000000,24659.000000,241015461.000000,0.000000
725000288.000000,8366.000000,2681.000000,308932.000000,24476.000000,241348869.000000,0.000000
726000608.000000,8272.000000,2559.000000,308499.000000,24940.000000,241682308.000000,0.000000
727000256.000000,8253.000000,2509.000000,308231.000000,24986.000000,242015525.000000,0.000000
728000096.000000,8308.000000,2615.000000,308550.000000,24730.000000,242348805.000000,0.000000
729000032.000000,8318.000000,2619.000000,308549.000000,24763.000000,242682117.000000,0.000000
730000064.000000,8278.000000,2580.000000,308479.000000,24865.000000,243015461.000000,0.000000
731000480.000000,8273.000000,2551.000000,308550.000000,24922.000000,243348933.000000,0.000000
732000128.000000,8321.000000,2576.000000,308498.000000,24718.000000,243682149.000000,0.000000
733000025.000000,8241.000000,2516.000000,308087.000000,25207.000000,244015443.000000,0.000000
734000101.000000,8289.000000,2567.000000,308508.000000,24854.000000,244348805.000000,0.000000
735000128.000000,8304.000000,2629.000000,308592.000000,24753.000000,244682150.000000,0.000000
736000352.000000,8340.000000,2712.000000,308725.000000,24682.000000,245015557.000000,0.000000
737000096.000000,8237.000000,2548.000000,308142.000000,25106.000000,245348805.000000,0.000000
738000608.000000,8231.000000,2515.000000,308270.000000,25234.000000,245682309.000000,0.000000
739000448.000000,8323.000000,2621.000000,308568.000000,24712.000000,246015589.000000,0.000000
740000384.000000,8322.000000,2696.000000,308674.000000,24638.000000,246348901.000000,0.000000
741000608.000000,8274.000000,2584.000000,308491.000000,24917.000000,246682309.000000,0.000000
742000352.000000,8271.000000,2578.000000,308313.000000,24935.000000,247015557.000000,0.000000
743000288.000000,8354.000000,2660.000000,308898.000000,24414.000000,247348869.000000,0.000000
744000032.000000,8302.000000,2596.000000,308453.000000,24795.000000,247682117.000000,0.000000
745000544.000000,8329.000000,2609.000000,308792.000000,24712.000000,248015621.000000,0.000000
746000192.000000,8299.000000,2617.000000,308417.000000,24799.000000,248348837.000000,0.000000
747000800.000000,8304.000000,2581.000000,308692.000000,24843.000000,248682372.000000,0.000000
748000448.000000,8242.000000,2529.000000,308237.000000,24980.000000,249015589.000000,0.000000
749000384.000000,8264.000000,2540.000000,308382.000000,24930.000000,249348901.000000,0.000000
750000320.000000,8320.000000,2646.000000,308627.000000,24685.000000,249682213.000000,0.000000
751000544.000000,8299.000000,2625.000000,308708.000000,24699.000000,250015620.000000,0.000000
752000384.000000,8342.000000,2685.000000,308615.000000,24666.000000,250348901.000000,0.000000
753000320.000000,8309.000000,2614.000000,308473.000000,24839.000000,250682213.000000,0.000000
754000064.000000,8320.000000,2639.000000,308711.000000,24537.000000,251015461.000000,0.000000
755000288.000000,8293.000000,2648.000000,308537.000000,24870.000000,251348868.000000,0.000000
756000512.000000,8308.000000,2563.000000,308602.000000,24807.000000,251682277.000000,0.000000
757000160.000000,8321.000000,2625.000000,308558.000000,24658.000000,252015493.000000,0.000000
758000384.000000,8212.000000,2517.000000,308237.000000,25171.000000,252348901.000000,0.000000
759000131.000000,8416.000000,2366.000000,304305.000000,27738.000000,252680944.000000,199.000000
760000731.000000,4321.000000,265.000000,246555.000000,32914.000000,252960413.000000,4.000000
761000769.000000,11688.000000,6961.000000,290710.000000,39925.000000,253291048.000000,56.000000
762001729.000000,2657.000000,157.000000,241011.000000,9234.000000,253541293.000000,9.000000
763000240.000000,7862.000000,1736.000000,176112.000000,23265.000000,253740670.000000,17.000000
764000176.000000,8090.000000,2288.000000,307261.000000,26051.000000,254073982.000000,0.000000
765000112.000000,8182.000000,2450.000000,307800.000000,25512.000000,254407294.000000,0.000000
766000240.000000,8230.000000,2450.000000,308065.000000,25311.000000,254740670.000000,0.000000
767000368.000000,8151.000000,2380.000000,307674.000000,25702.000000,255074046.000000,0.000000
768000208.000000,8233.000000,2451.000000,307932.000000,25348.000000,255407326.000000,0.000000
769000144.000000,8296.000000,2566.000000,308381.000000,24930.000000,255740637.000000,0.000000
770000272.000000,8280.000000,2540.000000,308290.000000,25087.000000,256074014.000000,0.000000
771000304.000000,8331.000000,2659.000000,308526.000000,24818.000000,256407358.000000,0.000000
772000048.000000,8247.000000,2523.000000,308096.000000,25152.000000,256740606.000000,0.000000
773000464.000000,8251.000000,2462.000000,308334.000000,25138.000000,257074078.000000,0.000000
774000112.000000,8376.000000,2681.000000,308553.000000,24663.000000,257407294.000000,0.000000
775000240.000000,8338.000000,2605.000000,308579.000000,24797.000000,257740670.000000,0.000000
776000080.000000,8354.000000,2672.000000,308725.000000,24555.000000,258073950.000000,0.000000
777000304.000000,8354.000000,2636.000000,308742.000000,24666.000000,258407358.000000,0.000000
778000144.000000,8326.000000,2580.000000,308579.000000,24701.000000,258740638.000000,0.000000
779000368.000000,8321.000000,2580.000000,308571.000000,24837.000000,259074046.000000,0.000000
780000016.000000,8364.000000,2599.000000,308765.000000,24451.000000,259407262.000000,0.000000
781000048.000000,8323.000000,2662.000000,308513.000000,24831.000000,259740606.000000,0.000000
782000176.000000,8340.000000,2618.000000,308604.000000,24773.000000,260073983.000000,0.000000
783000400.000000,8358.000000,2634.000000,308742.000000,24665.000000,260407390.000000,0.000000
784000048.000000,8339.000000,2619.000000,308540.000000,24676.000000,260740606.000000,0.000000
785000272.000000,8429.000000,2733.000000,309060.000000,24348.000000,261074014.000000,0.000000
786000016.000000,8347.000000,2643.000000,308662.000000,24586.000000,261407262.000000,0.000000
787000048.000000,8277.000000,2547.000000,308286.000000,25058.000000,261740606.000000,0.000000
788000176.000000,8417.000000,2747.000000,309089.000000,24287.000000,262073982.000000,0.000000
789000112.000000,8349.000000,2628.000000,308683.000000,24629.000000,262407294.000000,0.000000
790000336.000000,8337.000000,2585.000000,308808.000000,24599.000000,262740701.000000,0.000000
791000176.000000,8291.000000,2588.000000,308409.000000,24872.000000,263073982.000000,0.000000
792000208.000000,8350.000000,2663.000000,308649.000000,24695.000000,263407326.000000,0.000000
793000336.000000,8315.000000,2533.000000,308697.000000,24679.000000,263740702.000000,0.000000
794000080.000000,8381.000000,2750.000000,308759.000000,24488.000000,264073949.000000,0.000000
795000400.000000,8327.000000,2614.000000,308571.000000,24870.000000,264407390.000000,0.000000
796000009.000000,8387.000000,2719.000000,308796.000000,24402.000000,264740588.000000,0.000000
797000272.000000,8338.000000,2632.000000,308647.000000,24779.000000,265074014.000000,0.000000
798000688.000000,8379.000000,2678.000000,308828.000000,24644.000000,265407486.000000,0.000000
799000240.000000,8321.000000,2631.000000,308503.000000,24681.000000,265740670.000000,0.000000
800000368.000000,8340.000000,2617.000000,308551.000000,24825.000000,266074046.000000,0.000000
801000112.000000,8336.000000,2616.000000,308479.000000,24769.000000,266407294.000000,0.000000
802000336.000000,8360.000000,2687.000000,308655.000000,24753.000000,266740702.000000,0.000000
803000464.000000,8388.000000,2729.000000,308890.000000,24486.000000,267074078.000000,0.000000
804000496.000000,8343.000000,2613.000000,308663.000000,24681.000000,267407422.000000,0.000000
805000336.000000,8345.000000,2658.000000,308517.000000,24763.000000,267740702.000000,0.000000
806000560.000000,8331.000000,2605.000000,308689.000000,24719.000000,268074110.000000,0.000000
807000400.000000,8278.000000,2561.000000,308293.000000,24987.000000,268407390.000000,0.000000
808000144.000000,8278.000000,2563.000000,308424.000000,24824.000000,268740638.000000,0.000000
809000272.000000,8295.000000,2589.000000,308656.000000,24720.000000,269074014.000000,0.000000
810000112.000000,8344.000000,2657.000000,308757.000000,24523.000000,269407294.000000,0.000000
811000048.000000,8256.000000,2531.000000,308472.000000,24840.000000,269740606.000000,0.000000
812000368.000000,8362.000000,2671.000000,308907.000000,24533.000000,270074046.000000,0.000000
813000016.000000,8275.000000,2566.000000,308338.000000,24878.000000,270407262.000000,0.000000
814000562.000000,7663.000000,1036.000000,269908.000000,50588.000000,270727758.000000,158.000000
815000778.000000,2961.000000,95.000000,241822.000000,22386.000000,270991966.000000,2.000000
816000743.000000,9148.000000,2574.000000,277896.000000,43045.000000,271312907.000000,17.000000
817000167.000000,2653.000000,210.000000,240630.000000,9226.000000,271562763.000000,17.000000
818000615.000000,2673.000000,199.000000,240911.000000,9204.000000,271812878.000000,7.000000
819000039.000000,2630.000000,231.000000,240617.000000,9239.000000,272062734.000000,11.000000
820001511.000000,2613.000000,258.000000,241075.000000,9293.000000,272313102.000000,16.000000
821000348.000000,11271.000000,2817.000000,115506.000000,31194.000000,272459802.000000,7.000000
822000086.000000,8726.000000,2665.000000,287542.000000,25860.000000,272773204.000000,7.000000
823000406.000000,8279.000000,2603.000000,308412.000000,25028.000000,273106644.000000,0.000000
824000635.000000,8207.000000,2421.000000,308200.000000,25208.000000,273440052.000000,0.000000
825000566.000000,8176.000000,2419.000000,307821.000000,25491.000000,273773364.000000,0.000000
826000694.000000,8276.000000,2590.000000,308297.000000,25079.000000,274106740.000000,0.000000
827000150.000000,8323.000000,2620.000000,308384.000000,24768.000000,274439892.000000,0.000000
828000379.000000,8281.000000,2554.000000,308455.000000,24953.000000,274773300.000000,0.000000
829000214.000000,8322.000000,2609.000000,308465.000000,24815.000000,275106580.000000,0.000000
830000246.000000,8264.000000,2595.000000,308243.000000,25101.000000,275439924.000000,0.000000
831000047.000000,8294.000000,2604.000000,308400.000000,24862.000000,275773186.000000,0.000000
832000123.000000,8225.000000,2439.000000,308085.000000,25277.000000,276106548.000000,0.000000
833000054.000000,8268.000000,2483.000000,308416.000000,24896.000000,276439860.000000,0.000000
834000182.000000,8252.000000,2538.000000,308385.000000,24991.000000,276773236.000000,0.000000
835000214.000000,8202.000000,2419.000000,307999.000000,25345.000000,277106580.000000,0.000000
836000534.000000,8175.000000,2445.000000,308023.000000,25417.000000,277440020.000000,0.000000
837000566.000000,8255.000000,2517.000000,308286.000000,25058.000000,277773364.000000,0.000000
838000214.000000,8273.000000,2536.000000,308397.000000,24819.000000,278106580.000000,0.000000
839000342.000000,8296.000000,2564.000000,308610.000000,24766.000000,278439956.000000,0.000000
840000374.000000,8373.000000,2672.000000,308732.000000,24612.000000,278773300.000000,0.000000
841000310.000000,8339.000000,2684.000000,308805.000000,24507.000000,279106612.000000,0.000000
842000438.000000,8299.000000,2604.000000,308641.000000,24735.000000,279439988.000000,0.000000
843000001.000000,8381.000000,2686.000000,308738.000000,24448.000000,279773174.000000,0.000000
844000022.000000,8460.000000,2817.000000,309240.000000,24102.000000,280106516.000000,0.000000
845000534.000000,8430.000000,2787.000000,309272.000000,24232.000000,280440020.000000,0.000000
846000278.000000,8370.000000,2692.000000,308720.000000,24528.000000,280773268.000000,0.000000
847000406.000000,8258.000000,2587.000000,308392.000000,24984.000000,281106644.000000,0.000000
848000054.000000,8264.000000,2504.000000,308308.000000,24908.000000,281439860.000000,0.000000
849000086.000000,8313.000000,2627.000000,308599.000000,24746.000000,281773205.000000,0.000000
850000022.000000,8264.000000,2600.000000,308337.000000,24975.000000,282106517.000000,0.000000
851000438.000000,8374.000000,2708.000000,309014.000000,24457.000000,282439988.000000,0.000000
852000086.000000,8306.000000,2612.000000,308351.000000,24865.000000,282773204.000000,0.000000
853000022.000000,8289.000000,2630.000000,308524.000000,24788.000000,283106516.000000,0.000000
854000054.000000,8318.000000,2659.000000,308519.000000,24825.000000,283439860.000000,0.000000
855000182.000000,8295.000000,2559.000000,308596.000000,24780.000000,283773236.000000,0.000000
856000118.000000,8317.000000,2648.000000,308662.000000,24650.000000,284106548.000000,0.000000
857000054.000000,8347.000000,2624.000000,308793.000000,24518.000000,284439859.000000,0.000000
858000278.000000,8293.000000,2605.000000,308566.000000,24843.000000,284773268.000000,0.000000
859000406.000000,8330.000000,2614.000000,308681.000000,24695.000000,285106644.000000,0.000000
860000054.000000,8277.000000,2574.000000,308433.000000,24783.000000,285439860.000000,0.000000
861000566.000000,8295.000000,2556.000000,308677.000000,24827.000000,285773364.000000,0.000000
862000310.000000,8343.000000,2647.000000,308681.000000,24567.000000,286106612.000000,0.000000
863000054.000000,8298.000000,2606.000000,308491.000000,24758.000000,286439861.000000,0.000000
864000374.000000,8331.000000,2612.000000,308770.000000,24669.000000,286773300.000000,0.000000
865000406.000000,8331.000000,2719.000000,308677.000000,24667.000000,287106644.000000,0.000000
866000150.000000,8325.000000,2659.000000,308664.000000,24584.000000,287439892.000000,0.000000
867000566.000000,8264.000000,2589.000000,308481.000000,24991.000000,287773364.000000,0.000000
868000022.000000,8224.000000,2494.000000,308093.000000,25060.000000,288106517.000000,0.000000
869000054.000000,8348.000000,2683.000000,308696.000000,24647.000000,288439860.000000,0.000000
870000763.000000,8307.000000,2597.000000,308848.000000,24720.000000,288773428.000000,0.000000
871000118.000000,8397.000000,2689.000000,308674.000000,24446.000000,289106548.000000,0.000000
872000043.000000,7967.000000,1502.000000,279620.000000,45093.000000,289431261.000000,149.000000
873000360.000000,6661.000000,300.000000,254943.000000,56520.000000,289742724.000000,2.000000
874000364.000000,2968.000000,89.000000,241786.000000,22366.000000,290006876.000000,0.000000
875000580.000000,2965.000000,70.000000,241830.000000,22378.000000,290271084.000000,0.000000
876000584.000000,2951.000000,71.000000,241752.000000,22400.000000,290535236.000000,0.000000
877000333.000000,15709.000000,5790.000000,315943.000000,60786.000000,290911965.000000,23.000000
878001293.000000,2681.000000,227.000000,241033.000000,9212.000000,291162210.000000,10.000000
879000717.000000,2658.000000,183.000000,240644.000000,9212.000000,291412066.000000,10.000000
880001165.000000,2645.000000,209.000000,240858.000000,9254.000000,291662178.000000,14.000000
881001101.000000,2646.000000,196.000000,240754.000000,9230.000000,291912162.000000,14.000000
882000525.000000,2635.000000,201.000000,240627.000000,9229.000000,292162018.000000,14.000000
883001997.000000,2646.000000,203.000000,241121.000000,9250.000000,292412389.000000,10.000000
884000004.000000,2608.000000,224.000000,240247.000000,9252.000000,292661888.000000,10.000000
885000333.000000,2619.000000,194.000000,240813.000000,9272.000000,292911973.000000,16.000000
886000030.000000,10803.000000,2562.000000,122778.000000,30010.000000,293064761.000000,6.000000
887000350.000000,12751.000000,3363.000000,100334.000000,33042.000000,293198137.000000,0.000000
888000028.000000,8717.000000,2376.000000,279891.000000,26879.000000,293504907.000000,5.000000
889000060.000000,8252.000000,2436.000000,308200.000000,25145.000000,293838252.000000,0.000000
890000476.000000,8263.000000,2464.000000,308361.000000,25111.000000,294171724.000000,0.000000
891000316.000000,8183.000000,2351.000000,307857.000000,25423.000000,294505004.000000,0.000000
892000348.000000,8294.000000,2489.000000,308301.000000,25043.000000,294838348.000000,0.000000
893000188.000000,8346.000000,2652.000000,308585.000000,24695.000000,295171628.000000,0.000000
894000220.000000,8288.000000,2548.000000,308342.000000,25002.000000,295504972.000000,0.000000
895000156.000000,8287.000000,2552.000000,308346.000000,24966.000000,295838284.000000,0.000000
896000092.000000,8287.000000,2568.000000,308354.000000,24959.000000,296171597.000000,0.000000
897000316.000000,8324.000000,2560.000000,308546.000000,24861.000000,296505004.000000,0.000000
898000060.000000,8435.000000,2730.000000,308918.000000,24330.000000,296838252.000000,0.000000
899000188.000000,8297.000000,2562.000000,308555.000000,24821.000000,297171628.000000,0.000000
900000316.000000,8375.000000,2646.000000,308847.000000,24529.000000,297505004.000000,0.000000
901000444.000000,8327.000000,2639.000000,308670.000000,24706.000000,297838380.000000,0.000000
902000668.000000,8254.000000,2512.000000,308128.000000,25280.000000,298171788.000000,0.000000
903000700.000000,8312.000000,2609.000000,308371.000000,24973.000000,298505132.000000,0.000000
904000540.000000,8325.000000,2618.000000,308585.000000,24695.000000,298838412.000000,0.000000
905000188.000000,8299.000000,2595.000000,308326.000000,24890.000000,299171628.000000,0.000000
906000220.000000,8276.000000,2521.000000,308360.000000,24984.000000,299504972.000000,0.000000
907000021.000000,8270.000000,2550.000000,308144.000000,25118.000000,299838234.000000,0.000000
908000188.000000,8317.000000,2573.000000,308641.000000,24753.000000,300171628.000000,0.000000
909000220.000000,8270.000000,2531.000000,308491.000000,24852.000000,300504971.000000,0.000000
910000156.000000,8300.000000,2523.000000,308371.000000,24942.000000,300838284.000000,0.000000
911000284.000000,8315.000000,2603.000000,308571.000000,24805.000000,301171660.000000,0.000000
912000604.000000,8323.000000,2612.000000,308645.000000,24795.000000,301505100.000000,0.000000
913000021.000000,8356.000000,2628.000000,308529.000000,24605.000000,301838234.000000,0.000000
914000006.000000,8288.000000,2614.000000,308349.000000,24983.000000,302171566.000000,0.000000
915000220.000000,8273.000000,2545.000000,308485.000000,24921.000000,302504972.000000,0.000000
916000156.000000,8339.000000,2597.000000,308677.000000,24636.000000,302838285.000000,0.000000
917000284.000000,8308.000000,2523.000000,308627.000000,24748.000000,303171660.000000,0.000000
918000028.000000,8288.000000,2568.000000,308398.000000,24850.000000,303504908.000000,0.000000
919000060.000000,8281.000000,2538.000000,308350.000000,24994.000000,303838252.000000,0.000000
920000764.000000,8296.000000,2528.000000,308688.000000,24880.000000,304171820.000000,0.000000
921000028.000000,8270.000000,2577.000000,308241.000000,24847.000000,304504908.000000,0.000000
922000060.000000,8296.000000,2554.000000,308449.000000,24895.000000,304838252.000000,0.000000
923000006.000000,8267.000000,2542.000000,308425.000000,24889.000000,305171566.000000,0.000000
924000508.000000,8351.000000,2597.000000,308771.000000,24731.000000,305505068.000000,0.000000
925000636.000000,8414.000000,2722.000000,309050.000000,24326.000000,305838444.000000,0.000000
926000673.000000,8384.000000,2640.000000,308871.000000,24473.000000,306171788.000000,0.000000
927000220.000000,8410.000000,2722.000000,308859.000000,24325.000000,306504972.000000,0.000000
928000636.000000,8358.000000,2686.000000,308790.000000,24682.000000,306838444.000000,0.000000
929000007.000000,8270.000000,2543.000000,308048.000000,25074.000000,307171566.000000,0.000000
930000028.000000,8346.000000,2618.000000,308747.000000,24595.000000,307504908.000000,0.000000
931000444.000000,8385.000000,2673.000000,308851.000000,24621.000000,307838380.000000,0.000000
932000092.000000,8328.000000,2594.000000,308446.000000,24770.000000,308171596.000000,0.000000
933000028.000000,8354.000000,2636.000000,308656.000000,24656.000000,308504908.000000,0.000000
934000156.000000,8289.000000,2544.000000,308341.000000,25034.000000,308838283.000000,0.000000
935000284.000000,8296.000000,2596.000000,308536.000000,24841.000000,309171660.000000,0.000000
936000028.000000,8286.000000,2575.000000,308410.000000,24838.000000,309504908.000000,0.000000
937000021.000000,8297.000000,2566.000000,308425.000000,24901.000000,309838234.000000,0.000000
938000105.000000,8053.000000,1464.000000,281499.000000,43772.000000,310163505.000000,173.000000
939000137.000000,7132.000000,299.000000,256593.000000,61599.000000,310481697.000000,0.000000
940000169.000000,7170.000000,231.000000,256592.000000,61599.000000,310799888.000000,0.000000
941000338.000000,4437.000000,100.000000,247076.000000,35971.000000,311082935.000000,2.000000
942000342.000000,2989.000000,79.000000,241828.000000,22324.000000,311347087.000000,0.000000
943000134.000000,2936.000000,85.000000,241672.000000,22424.000000,311611183.000000,0.000000
944000350.000000,2973.000000,73.000000,241846.000000,22362.000000,311875391.000000,0.000000
945000566.000000,2991.000000,64.000000,241882.000000,22326.000000,312139599.000000,0.000000
946000570.000000,2989.000000,79.000000,241828.000000,22324.000000,312403751.000000,0.000000
947000574.000000,2956.000000,66.000000,241762.000000,22390.000000,312667903.000000,0.000000
948000074.000000,23401.000000,9349.000000,343539.000000,86569.000000,313098011.000000,1.000000
949000790.000000,5130.000000,1253.000000,253341.000000,17439.000000,313368791.000000,23.000000
950002262.000000,2655.000000,213.000000,241125.000000,9243.000000,313619159.000000,12.000000
951000150.000000,2670.000000,202.000000,240281.000000,9191.000000,313868631.000000,17.000000
952001110.000000,2650.000000,224.000000,241003.000000,9240.000000,314118874.000000,15.000000
953001046.000000,2663.000000,144.000000,240786.000000,9198.000000,314368858.000000,11.000000
954000470.000000,2617.000000,205.000000,240602.000000,9254.000000,314618714.000000,13.000000
955000406.000000,2598.000000,225.000000,240708.000000,9276.000000,314868698.000000,9.000000
956000342.000000,2611.000000,240.000000,240700.000000,9287.000000,315118685.000000,13.000000
957000278.000000,2607.000000,190.000000,240714.000000,9270.000000,315368669.000000,8.000000
958000214.000000,2593.000000,219.000000,240681.000000,9303.000000,315618653.000000,12.000000
959000662.000000,2543.000000,262.000000,240771.000000,9341.000000,315868765.000000,12.000000
960000086.000000,2615.000000,190.000000,240612.000000,9244.000000,316118621.000000,14.000000
961000534.000000,2603.000000,195.000000,240831.000000,9284.000000,316368736.000000,12.000000
962000470.000000,2610.000000,174.000000,240727.000000,9257.000000,316618720.000000,13.000000
963001430.000000,2590.000000,214.000000,240922.000000,9318.000000,316868960.000000,11.000000
964001366.000000,2625.000000,198.000000,240720.000000,9264.000000,317118944.000000,11.000000
965000060.000000,3862.000000,490.000000,220266.000000,13112.000000,317352322.000000,14.000000
966000200.000000,12723.000000,3326.000000,100145.000000,33207.000000,317485674.000000,0.000000
967000400.000000,12984.000000,3664.000000,101065.000000,32295.000000,317619034.000000,0.000000
968000420.000000,12892.000000,3514.000000,100815.000000,32521.000000,317752370.000000,0.000000
969000062.000000,12135.000000,3562.000000,144482.000000,30458.000000,317927310.000000,11.000000
970000190.000000,8297.000000,2553.000000,308462.000000,24914.000000,318260686.000000,0.000000
971000126.000000,8240.000000,2492.000000,307989.000000,25323.000000,318593998.000000,0.000000
972000062.000000,8288.000000,2558.000000,308391.000000,24920.000000,318927309.000000,0.000000
973000002.000000,8254.000000,2545.000000,308269.000000,25044.000000,319260622.000000,0.000000
974000606.000000,8355.000000,2596.000000,308791.000000,24745.000000,319594158.000000,0.000000
975000254.000000,8368.000000,2669.000000,308652.000000,24564.000000,319927374.000000,0.000000
976000286.000000,8177.000000,2459.000000,308031.000000,25313.000000,320260718.000000,0.000000
977000222.000000,8270.000000,2527.000000,308291.000000,25021.000000,320594030.000000,0.000000
978000023.000000,8214.000000,2447.000000,308063.000000,25199.000000,320927292.000000,0.000000
979000766.000000,8277.000000,2523.000000,308623.000000,24963.000000,321260878.000000,0.000000
980000510.000000,8384.000000,2702.000000,308728.000000,24520.000000,321594126.000000,0.000000
981000350.000000,8353.000000,2651.000000,308724.000000,24556.000000,321927406.000000,0.000000
982000382.000000,8281.000000,2543.000000,308388.000000,24956.000000,322260750.000000,0.000000
983000318.000000,8327.000000,2617.000000,308538.000000,24774.000000,322594062.000000,0.000000
984000158.000000,8294.000000,2574.000000,308378.000000,24902.000000,322927342.000000,0.000000
985000002.000000,8235.000000,2482.000000,308131.000000,25149.000000,323260622.000000,0.000000
986000126.000000,8286.000000,2592.000000,308414.000000,24962.000000,323593998.000000,0.000000
987000158.000000,8354.000000,2657.000000,308582.000000,24762.000000,323927342.000000,0.000000
988000190.000000,8280.000000,2558.000000,308421.000000,24923.000000,324260686.000000,0.000000
989000510.000000,8306.000000,2623.000000,308585.000000,24854.000000,324594125.000000,0.000000
990000542.000000,8298.000000,2595.000000,308505.000000,24840.000000,324927470.000000,0.000000
991000002.000000,8210.000000,2476.000000,308007.000000,25145.000000,325260622.000000,0.000000
992000126.000000,8258.000000,2472.000000,308258.000000,25118.000000,325593998.000000,0.000000
993000254.000000,8282.000000,2574.000000,308461.000000,24914.000000,325927373.000000,0.000000
994000286.000000,8307.000000,2569.000000,308528.000000,24817.000000,326260718.000000,0.000000
995000126.000000,8288.000000,2524.000000,308478.000000,24803.000000,326593999.000000,0.000000
996000350.000000,8283.000000,2517.000000,308473.000000,24934.000000,326927406.000000,0.000000
997000001.000000,8347.000000,2648.000000,308552.000000,24663.000000,327260621.000000,0.000000
998000222.000000,8309.000000,2592.000000,308634.000000,24775.000000,327594030.000000,0.000000
999000254.000000,8336.000000,2610.000000,308527.000000,24817.000000,327927374.000000,0.000000
