Instruction,pfIssued,pfInCache,overallMisses,overallHits,overallAccesses,unusedPrefetches
1000177.000000,3215.000000,137.000000,276741.000000,57359.000000,334100.000000,0.000000
2000305.000000,3295.000000,124.000000,276392.000000,56984.000000,667476.000000,0.000000
3000625.000000,3283.000000,113.000000,276344.000000,57096.000000,1000916.000000,0.000000
4000081.000000,3298.000000,132.000000,276248.000000,56904.000000,1334068.000000,0.000000
5000112.000000,3269.000000,132.000000,276161.000000,57184.000000,1667413.000000,0.000000
6000145.000000,3275.000000,123.000000,276207.000000,57136.000000,2000756.000000,0.000000
7000273.000000,3265.000000,110.000000,276152.000000,57224.000000,2334132.000000,0.000000
8000204.000000,3279.000000,116.000000,276217.000000,57096.000000,2667445.000000,0.000000
9000049.000000,3274.000000,117.000000,276144.000000,57135.000000,3000724.000000,0.000000
10000272.000000,3284.000000,126.000000,276329.000000,57080.000000,3334133.000000,0.000000
11000305.000000,3276.000000,116.000000,276215.000000,57128.000000,3667476.000000,0.000000
12000337.000000,3305.000000,122.000000,276448.000000,56896.000000,4000820.000000,0.000000
13000561.000000,3278.000000,122.000000,276280.000000,57128.000000,4334228.000000,0.000000
14000113.000000,3279.000000,112.000000,276120.000000,57064.000000,4667412.000000,0.000000
15000145.000000,3272.000000,129.000000,276184.000000,57160.000000,5000756.000000,0.000000
16000268.000000,3291.000000,116.000000,276359.000000,57016.000000,5334131.000000,0.000000
17000305.000000,3306.000000,121.000000,276457.000000,56888.000000,5667476.000000,0.000000
18000241.000000,3291.000000,106.000000,276312.000000,57000.000000,6000788.000000,0.000000
19000465.000000,3301.000000,119.000000,276464.000000,56944.000000,6334196.000000,0.000000
20000305.000000,3260.000000,123.000000,276040.000000,57240.000000,6667476.000000,0.000000
21000241.000000,3269.000000,124.000000,276136.000000,57176.000000,7000788.000000,0.000000
22000172.000000,3279.000000,130.000000,276210.000000,57103.000000,7334101.000000,0.000000
23000112.000000,3292.000000,116.000000,276320.000000,56992.000000,7667413.000000,0.000000
24000140.000000,3284.000000,115.000000,276278.000000,57064.000000,8000755.000000,0.000000
25000369.000000,3264.000000,123.000000,276169.000000,57240.000000,8334164.000000,0.000000
26000204.000000,3302.000000,115.000000,276375.000000,56904.000000,8667443.000000,0.000000
27000145.000000,3271.000000,111.000000,276153.000000,57160.000000,9000756.000000,0.000000
28000172.000000,3302.000000,131.000000,276424.000000,56920.000000,9334100.000000,0.000000
29000593.000000,3312.000000,113.000000,276600.000000,56872.000000,9667572.000000,0.000000
30000236.000000,3284.000000,120.000000,276177.000000,57039.000000,10000788.000000,0.000000
31000657.000000,3292.000000,107.000000,276440.000000,57032.000000,10334260.000000,0.000000
32000017.000000,3301.000000,110.000000,276248.000000,56872.000000,10667380.000000,0.000000
33000145.000000,3259.000000,115.000000,276104.000000,57272.000000,11000756.000000,0.000000
34000076.000000,3279.000000,120.000000,276215.000000,57096.000000,11334067.000000,0.000000
35000108.000000,3281.000000,118.000000,276257.000000,57088.000000,11667412.000000,0.000000
36000049.000000,3297.000000,112.000000,276360.000000,56952.000000,12000724.000000,0.000000
37000177.000000,3252.000000,123.000000,276048.000000,57328.000000,12334100.000000,0.000000
38000204.000000,3280.000000,129.000000,276247.000000,57096.000000,12667443.000000,0.000000
39000529.000000,3277.000000,125.000000,276297.000000,57144.000000,13000884.000000,0.000000
40000268.000000,3289.000000,112.000000,276249.000000,57000.000000,13334133.000000,0.000000
41000208.000000,3273.000000,110.000000,276168.000000,57144.000000,13667445.000000,0.000000
42000044.000000,3293.000000,115.000000,276302.000000,56976.000000,14000723.000000,0.000000
43000268.000000,3287.000000,121.000000,276353.000000,57056.000000,14334132.000000,0.000000
44000017.000000,3295.000000,123.000000,276296.000000,56952.000000,14667380.000000,0.000000
45000236.000000,3284.000000,112.000000,276327.000000,57080.000000,15000787.000000,0.000000
46000177.000000,3271.000000,121.000000,276153.000000,57160.000000,15334100.000000,0.000000
47000204.000000,3285.000000,115.000000,276287.000000,57056.000000,15667443.000000,0.000000
48000337.000000,3316.000000,126.000000,276554.000000,56823.000000,16000820.000000,0.000000
49000172.000000,3302.000000,127.000000,276377.000000,56904.000000,16334101.000000,0.000000
50000401.000000,3252.000000,143.000000,276071.000000,57336.000000,16667508.000000,0.000000
51000661.000000,3279.000000,113.000000,276511.000000,57039.000000,17001058.000000,1.000000
52000116.000000,3275.000000,148.000000,276065.000000,57088.000000,17334211.000000,0.000000
53000533.000000,3287.000000,127.000000,276399.000000,57072.000000,17667682.000000,0.000000
54000085.000000,3286.000000,120.000000,276176.000000,57008.000000,18000866.000000,0.000000
55000117.000000,3297.000000,120.000000,276384.000000,56960.000000,18334210.000000,0.000000
56000053.000000,3257.000000,110.000000,276040.000000,57272.000000,18667522.000000,0.000000
57000084.000000,3291.000000,117.000000,276337.000000,57008.000000,19000867.000000,0.000000
58000021.000000,3279.000000,123.000000,276215.000000,57096.000000,19334178.000000,0.000000
59000149.000000,3283.000000,120.000000,276296.000000,57080.000000,19667554.000000,0.000000
60000373.000000,3294.000000,108.000000,276408.000000,57000.000000,20000962.000000,0.000000
61000405.000000,3257.000000,110.000000,276064.000000,57280.000000,20334306.000000,0.000000
62000245.000000,3292.000000,93.000000,276296.000000,56984.000000,20667586.000000,0.000000
63000276.000000,3289.000000,131.000000,276321.000000,57024.000000,21000931.000000,0.000000
64000400.000000,3277.000000,126.000000,276246.000000,57128.000000,21334305.000000,0.000000
65000048.000000,3288.000000,128.000000,276216.000000,57000.000000,21667521.000000,0.000000
66000176.000000,3303.000000,114.000000,276450.000000,56927.000000,22000898.000000,0.000000
67000016.000000,3262.000000,126.000000,276055.000000,57224.000000,22334177.000000,0.000000
68000144.000000,3277.000000,133.000000,276248.000000,57128.000000,22667553.000000,0.000000
69000464.000000,3289.000000,119.000000,276392.000000,57048.000000,23000993.000000,0.000000
70000020.000000,3274.000000,113.000000,276082.000000,57104.000000,23334179.000000,0.000000
71000245.000000,3301.000000,126.000000,276463.000000,56944.000000,23667586.000000,0.000000
72000373.000000,3318.000000,138.000000,276576.000000,56800.000000,24000962.000000,0.000000
73000117.000000,3271.000000,119.000000,276104.000000,57144.000000,24334210.000000,0.000000
74000048.000000,3275.000000,102.000000,276174.000000,57137.000000,24667521.000000,0.000000
75000176.000000,3279.000000,115.000000,276264.000000,57112.000000,25000897.000000,0.000000
76000020.000000,3281.000000,130.000000,276210.000000,57072.000000,25334179.000000,0.000000
77000144.000000,3294.000000,121.000000,276383.000000,56992.000000,25667554.000000,0.000000
78000176.000000,3314.000000,135.000000,276521.000000,56824.000000,26000899.000000,0.000000
79000016.000000,3299.000000,120.000000,276350.000000,56928.000000,26334177.000000,0.000000
80000144.000000,3284.000000,138.000000,276306.000000,57072.000000,26667555.000000,0.000000
81000080.000000,3282.000000,125.000000,276238.000000,57072.000000,27000865.000000,0.000000
82000117.000000,3288.000000,113.000000,276313.000000,57032.000000,27334210.000000,0.000000
83000244.000000,3275.000000,116.000000,276233.000000,57144.000000,27667587.000000,0.000000
84000272.000000,3272.000000,114.000000,276182.000000,57160.000000,28000929.000000,0.000000
85000213.000000,3293.000000,101.000000,276329.000000,56984.000000,28334242.000000,0.000000
86000240.000000,3314.000000,119.000000,276519.000000,56824.000000,28667585.000000,0.000000
87000181.000000,3317.000000,130.000000,276521.000000,56792.000000,29000898.000000,0.000000
88000117.000000,3252.000000,116.000000,276000.000000,57312.000000,29334210.000000,0.000000
89000240.000000,3278.000000,117.000000,276255.000000,57120.000000,29667585.000000,0.000000
90000085.000000,3280.000000,131.000000,276201.000000,57080.000000,30000866.000000,0.000000
91000112.000000,3298.000000,115.000000,276391.000000,56952.000000,30334209.000000,0.000000
92000148.000000,3283.000000,136.000000,276274.000000,57072.000000,30667555.000000,0.000000
93000176.000000,3266.000000,129.000000,276135.000000,57208.000000,31000898.000000,0.000000
94000021.000000,3286.000000,110.000000,276241.000000,57039.000000,31334178.000000,0.000000
95000053.000000,3281.000000,118.000000,276256.000000,57088.000000,31667522.000000,0.000000
96000373.000000,3261.000000,126.000000,276161.000000,57279.000000,32000962.000000,0.000000
97000016.000000,3289.000000,138.000000,276223.000000,56992.000000,32334177.000000,0.000000
98000149.000000,3257.000000,126.000000,276089.000000,57288.000000,32667554.000000,0.000000
99000176.000000,3295.000000,136.000000,276367.000000,56976.000000,33000897.000000,0.000000
100000116.000000,3259.000000,141.000000,276058.000000,57256.000000,33334211.000000,0.000000
101000202.000000,3279.000000,123.000000,276468.000000,57023.000000,33667702.000000,0.000000
102000234.000000,3282.000000,130.000000,276264.000000,57080.000000,34001046.000000,0.000000
103000078.000000,3288.000000,115.000000,276266.000000,57016.000000,34334328.000000,0.000000
104000298.000000,3278.000000,121.000000,276278.000000,57128.000000,34667734.000000,0.000000
105000234.000000,3283.000000,128.000000,276249.000000,57064.000000,35001047.000000,0.000000
106000271.000000,3285.000000,114.000000,276288.000000,57056.000000,35334391.000000,0.000000
107000010.000000,3289.000000,111.000000,276247.000000,57000.000000,35667638.000000,0.000000
108000335.000000,3279.000000,100.000000,276313.000000,57128.000000,36001079.000000,0.000000
109000170.000000,3292.000000,132.000000,276295.000000,56984.000000,36334358.000000,0.000000
110000106.000000,3309.000000,122.000000,276449.000000,56863.000000,36667670.000000,0.000000
111000239.000000,3256.000000,120.000000,276081.000000,57296.000000,37001047.000000,0.000000
112000655.000000,3288.000000,132.000000,276408.000000,57064.000000,37334519.000000,0.000000
113000298.000000,3282.000000,127.000000,276167.000000,57048.000000,37667734.000000,0.000000
114000234.000000,3260.000000,124.000000,276064.000000,57248.000000,38001046.000000,0.000000
115000170.000000,3282.000000,114.000000,276242.000000,57072.000000,38334360.000000,0.000000
116000110.000000,3274.000000,112.000000,276176.000000,57136.000000,38667672.000000,0.000000
117000138.000000,3270.000000,124.000000,276167.000000,57176.000000,39001015.000000,0.000000
118000174.000000,3305.000000,112.000000,276449.000000,56896.000000,39334360.000000,0.000000
119000303.000000,3278.000000,138.000000,276255.000000,57120.000000,39667735.000000,0.000000
120000138.000000,3275.000000,129.000000,276161.000000,57120.000000,40001016.000000,0.000000
121000367.000000,3304.000000,120.000000,276487.000000,56920.000000,40334423.000000,0.000000
122000303.000000,3282.000000,108.000000,276240.000000,57072.000000,40667735.000000,0.000000
123000138.000000,3282.000000,125.000000,276217.000000,57064.000000,41001016.000000,0.000000
124000463.000000,3281.000000,124.000000,276327.000000,57112.000000,41334455.000000,0.000000
125000010.000000,3269.000000,111.000000,276039.000000,57144.000000,41667638.000000,0.000000
126000047.000000,3281.000000,119.000000,276257.000000,57088.000000,42000983.000000,0.000000
127000175.000000,3283.000000,122.000000,276296.000000,57080.000000,42334359.000000,0.000000
128000394.000000,3276.000000,127.000000,276263.000000,57144.000000,42667766.000000,0.000000
129000138.000000,3271.000000,131.000000,276104.000000,57144.000000,43001014.000000,0.000000
130000170.000000,3289.000000,108.000000,276320.000000,57024.000000,43334358.000000,0.000000
131000202.000000,3295.000000,120.000000,276361.000000,56983.000000,43667702.000000,0.000000
132000143.000000,3276.000000,144.000000,276193.000000,57120.000000,44001015.000000,0.000000
133000074.000000,3258.000000,128.000000,276049.000000,57264.000000,44334328.000000,0.000000
134000298.000000,3281.000000,130.000000,276303.000000,57104.000000,44667735.000000,0.000000
135000042.000000,3276.000000,113.000000,276145.000000,57104.000000,45000984.000000,0.000000
136000174.000000,3289.000000,118.000000,276344.000000,57032.000000,45334360.000000,0.000000
137000399.000000,3266.000000,124.000000,276183.000000,57224.000000,45667767.000000,0.000000
138000143.000000,3283.000000,122.000000,276193.000000,57055.000000,46001015.000000,0.000000
139000270.000000,3273.000000,120.000000,276217.000000,57160.000000,46334392.000000,0.000000
140000015.000000,3314.000000,121.000000,276447.000000,56800.000000,46667639.000000,0.000000
141000527.000000,3264.000000,103.000000,276240.000000,57264.000000,47001143.000000,0.000000
142000559.000000,3295.000000,116.000000,276368.000000,56976.000000,47334487.000000,0.000000
143000015.000000,3264.000000,110.000000,275969.000000,57183.000000,47667639.000000,0.000000
144000334.000000,3288.000000,118.000000,276385.000000,57056.000000,48001080.000000,0.000000
145000266.000000,3285.000000,106.000000,276262.000000,57048.000000,48334390.000000,0.000000
146000207.000000,3300.000000,136.000000,276385.000000,56928.000000,48667703.000000,0.000000
147000234.000000,3264.000000,132.000000,276119.000000,57224.000000,49001046.000000,0.000000
148000266.000000,3286.000000,109.000000,276296.000000,57048.000000,49334390.000000,0.000000
149000010.000000,3275.000000,117.000000,276128.000000,57120.000000,49667638.000000,0.000000
150000138.000000,3296.000000,121.000000,276408.000000,56968.000000,50001014.000000,0.000000
151000266.000000,3273.000000,132.000000,276217.000000,57160.000000,50334391.000000,0.000000
152000189.000000,3277.000000,123.000000,276364.000000,56999.000000,50667754.000000,0.000000
153000610.000000,3290.000000,113.000000,276423.000000,57048.000000,51001225.000000,0.000000
154000258.000000,3278.000000,113.000000,276136.000000,57080.000000,51334441.000000,0.000000
155000285.000000,3304.000000,114.000000,276439.000000,56904.000000,51667784.000000,0.000000
156000706.000000,3287.000000,127.000000,276401.000000,57072.000000,52001257.000000,0.000000
157000161.000000,3317.000000,123.000000,276401.000000,56752.000000,52334410.000000,0.000000
158000193.000000,3264.000000,141.000000,276120.000000,57224.000000,52667754.000000,0.000000
159000322.000000,3292.000000,115.000000,276367.000000,57008.000000,53001129.000000,0.000000
160000061.000000,3287.000000,105.000000,276232.000000,57016.000000,53334377.000000,0.000000
161000386.000000,3292.000000,122.000000,276409.000000,57031.000000,53667817.000000,0.000000
162000221.000000,3298.000000,125.000000,276344.000000,56936.000000,54001097.000000,0.000000
163000065.000000,3277.000000,132.000000,276177.000000,57104.000000,54334378.000000,0.000000
164000093.000000,3251.000000,125.000000,276014.000000,57328.000000,54667720.000000,0.000000
165000029.000000,3309.000000,123.000000,276449.000000,56863.000000,55001032.000000,0.000000
166000061.000000,3267.000000,124.000000,276139.000000,57207.000000,55334378.000000,0.000000
167000098.000000,3263.000000,111.000000,276111.000000,57232.000000,55667721.000000,0.000000
168000125.000000,3273.000000,109.000000,276192.000000,57152.000000,56001065.000000,0.000000
169000541.000000,3279.000000,125.000000,276335.000000,57136.000000,56334536.000000,0.000000
170000189.000000,3284.000000,112.000000,276185.000000,57032.000000,56667753.000000,0.000000
171000125.000000,3282.000000,123.000000,276239.000000,57072.000000,57001064.000000,0.000000
172000061.000000,3306.000000,115.000000,276432.000000,56880.000000,57334376.000000,0.000000
173000189.000000,3281.000000,105.000000,276280.000000,57096.000000,57667752.000000,0.000000
174000226.000000,3272.000000,134.000000,276185.000000,57160.000000,58001097.000000,0.000000
175000834.000000,3270.000000,132.000000,276312.000000,57224.000000,58334633.000000,0.000000
176000189.000000,3266.000000,120.000000,275967.000000,57152.000000,58667752.000000,0.000000
177000033.000000,3287.000000,109.000000,276258.000000,57024.000000,59001034.000000,0.000000
178000253.000000,3284.000000,122.000000,276327.000000,57080.000000,59334441.000000,0.000000
179000194.000000,3292.000000,119.000000,276320.000000,56992.000000,59667753.000000,0.000000
180000418.000000,3299.000000,121.000000,276448.000000,56960.000000,60001161.000000,0.000000
181000546.000000,3287.000000,131.000000,276328.000000,57048.000000,60334537.000000,0.000000
182000093.000000,3263.000000,142.000000,275993.000000,57192.000000,60667722.000000,0.000000
183000418.000000,3281.000000,129.000000,276327.000000,57112.000000,61001161.000000,0.000000
184000354.000000,3304.000000,113.000000,276416.000000,56896.000000,61334473.000000,0.000000
185000097.000000,3291.000000,96.000000,276265.000000,56984.000000,61667722.000000,0.000000
186000029.000000,3269.000000,126.000000,276134.000000,57176.000000,62001032.000000,0.000000
187000157.000000,3304.000000,113.000000,276464.000000,56912.000000,62334408.000000,0.000000
188000098.000000,3282.000000,133.000000,276241.000000,57072.000000,62667721.000000,0.000000
189000029.000000,3269.000000,116.000000,276137.000000,57176.000000,63001034.000000,0.000000
190000161.000000,3286.000000,112.000000,276320.000000,57056.000000,63334410.000000,0.000000
191000098.000000,3282.000000,115.000000,276239.000000,57072.000000,63667721.000000,0.000000
192000413.000000,3272.000000,113.000000,276255.000000,57184.000000,64001160.000000,0.000000
193000157.000000,3295.000000,123.000000,276289.000000,56959.000000,64334408.000000,0.000000
194000098.000000,3288.000000,130.000000,276289.000000,57024.000000,64667721.000000,0.000000
195000514.000000,3294.000000,132.000000,276449.000000,57023.000000,65001193.000000,0.000000
196000066.000000,3271.000000,135.000000,276056.000000,57128.000000,65334377.000000,0.000000
197000093.000000,3279.000000,120.000000,276241.000000,57104.000000,65667722.000000,0.000000
198000322.000000,3314.000000,120.000000,276567.000000,56840.000000,66001129.000000,0.000000
199000162.000000,3281.000000,140.000000,276208.000000,57072.000000,66334409.000000,0.000000
200000386.000000,3271.000000,110.000000,276224.000000,57184.000000,66667817.000000,0.000000
201000221.000000,3311.000000,112.000000,276449.000000,56832.000000,67001098.000000,0.000000
202000144.000000,3255.000000,123.000000,276137.000000,57133.000000,67334368.000000,2.000000
203000661.000000,3281.000000,128.000000,276377.000000,57128.000000,67667873.000000,0.000000
204000117.000000,3308.000000,107.000000,276328.000000,56824.000000,68001025.000000,0.000000
205000053.000000,3271.000000,116.000000,276152.000000,57160.000000,68334337.000000,0.000000
206000084.000000,3274.000000,115.000000,276194.000000,57151.000000,68667682.000000,0.000000
207000597.000000,3267.000000,114.000000,276263.000000,57240.000000,69001185.000000,0.000000
208000341.000000,3283.000000,121.000000,276200.000000,57048.000000,69334433.000000,0.000000
209000565.000000,3287.000000,124.000000,276352.000000,57056.000000,69667841.000000,0.000000
210000309.000000,3265.000000,120.000000,276056.000000,57192.000000,70001089.000000,0.000000
211000048.000000,3293.000000,125.000000,276281.000000,56968.000000,70334338.000000,0.000000
212000080.000000,3277.000000,111.000000,276222.000000,57120.000000,70667680.000000,0.000000
213000117.000000,3284.000000,137.000000,276281.000000,57064.000000,71001025.000000,0.000000
214000048.000000,3284.000000,129.000000,276249.000000,57063.000000,71334337.000000,0.000000
215000176.000000,3284.000000,115.000000,276305.000000,57072.000000,71667714.000000,0.000000
216000208.000000,3281.000000,127.000000,276254.000000,57088.000000,72001056.000000,0.000000
217000149.000000,3286.000000,120.000000,276273.000000,57040.000000,72334369.000000,0.000000
218000084.000000,3250.000000,123.000000,275985.000000,57328.000000,72667682.000000,0.000000
219000592.000000,3261.000000,122.000000,276214.000000,57288.000000,73001184.000000,0.000000
220000053.000000,3286.000000,103.000000,276145.000000,57008.000000,73334337.000000,0.000000
221000276.000000,3278.000000,119.000000,276289.000000,57120.000000,73667746.000000,0.000000
222000117.000000,3270.000000,119.000000,276119.000000,57160.000000,74001025.000000,0.000000
223000725.000000,3286.000000,128.000000,276440.000000,57096.000000,74334561.000000,0.000000
224000085.000000,3292.000000,118.000000,276176.000000,56944.000000,74667681.000000,0.000000
225000020.000000,3298.000000,124.000000,276369.000000,56944.000000,75000994.000000,0.000000
226000341.000000,3285.000000,118.000000,276359.000000,57080.000000,75334433.000000,0.000000
227000080.000000,3285.000000,137.000000,276215.000000,57032.000000,75667680.000000,0.000000
228000016.000000,3263.000000,119.000000,276090.000000,57224.000000,76000994.000000,0.000000
229000144.000000,3300.000000,122.000000,276430.000000,56944.000000,76334368.000000,0.000000
230000469.000000,3274.000000,125.000000,276273.000000,57168.000000,76667809.000000,0.000000
231000112.000000,3292.000000,123.000000,276248.000000,56968.000000,77001025.000000,0.000000
232000245.000000,3277.000000,112.000000,276248.000000,57128.000000,77334401.000000,0.000000
233000373.000000,3295.000000,131.000000,276392.000000,56984.000000,77667777.000000,0.000000
234000112.000000,3303.000000,127.000000,276359.000000,56888.000000,78001024.000000,0.000000
235000533.000000,3250.000000,130.000000,276105.000000,57368.000000,78334497.000000,0.000000
236000176.000000,3264.000000,116.000000,276023.000000,57192.000000,78667712.000000,0.000000
237000016.000000,3273.000000,128.000000,276146.000000,57136.000000,79000994.000000,0.000000
238000144.000000,3279.000000,101.000000,276262.000000,57112.000000,79334368.000000,0.000000
239000176.000000,3287.000000,116.000000,276304.000000,57040.000000,79667712.000000,0.000000
240000309.000000,3274.000000,144.000000,276225.000000,57152.000000,80001089.000000,0.000000
241000245.000000,3282.000000,123.000000,276240.000000,57072.000000,80334401.000000,0.000000
242000180.000000,3281.000000,127.000000,276233.000000,57080.000000,80667714.000000,0.000000
243000213.000000,3266.000000,130.000000,276135.000000,57208.000000,81001057.000000,0.000000
244000244.000000,3283.000000,122.000000,276273.000000,57072.000000,81334402.000000,0.000000
245000180.000000,3275.000000,128.000000,276184.000000,57128.000000,81667714.000000,0.000000
246000405.000000,3297.000000,109.000000,276431.000000,56976.000000,82001121.000000,0.000000
247000240.000000,3266.000000,128.000000,276087.000000,57192.000000,82334400.000000,0.000000
248000272.000000,3290.000000,108.000000,276328.000000,57016.000000,82667744.000000,0.000000
249000405.000000,3301.000000,117.000000,276441.000000,56936.000000,83001121.000000,0.000000
250000341.000000,3261.000000,134.000000,276072.000000,57240.000000,83334433.000000,0.000000
251000085.000000,3257.000000,128.000000,275992.000000,57256.000000,83667681.000000,0.000000
252000098.000000,3271.000000,126.000000,276259.000000,56877.000000,84000817.000000,1.000000
253000226.000000,3275.000000,117.000000,276223.000000,57151.000000,84334191.000000,0.000000
254000066.000000,3304.000000,123.000000,276392.000000,56888.000000,84667471.000000,0.000000
255000006.000000,3268.000000,105.000000,276123.000000,57191.000000,85000785.000000,0.000000
256000322.000000,3308.000000,123.000000,276530.000000,56910.000000,85334225.000000,0.000000
257000258.000000,3278.000000,131.000000,276186.000000,57125.000000,85667536.000000,0.000000
258000103.000000,3277.000000,126.000000,276165.000000,57115.000000,86000816.000000,0.000000
259000615.000000,3295.000000,127.000000,276488.000000,57016.000000,86334320.000000,0.000000
260000262.000000,3300.000000,129.000000,276313.000000,56904.000000,86667537.000000,0.000000
261000098.000000,3265.000000,126.000000,276078.000000,57200.000000,87000815.000000,0.000000
262000135.000000,3270.000000,121.000000,276169.000000,57176.000000,87334160.000000,0.000000
263000071.000000,3283.000000,126.000000,276248.000000,57064.000000,87667472.000000,0.000000
264000487.000000,3292.000000,123.000000,276440.000000,57032.000000,88000944.000000,0.000000
265000034.000000,3299.000000,112.000000,276281.000000,56904.000000,88334129.000000,0.000000
266000258.000000,3286.000000,124.000000,276342.000000,57064.000000,88667535.000000,0.000000
267000295.000000,3295.000000,104.000000,276369.000000,56976.000000,89000880.000000,0.000000
268000039.000000,3283.000000,117.000000,276200.000000,57048.000000,89334128.000000,0.000000
269000066.000000,3285.000000,116.000000,276289.000000,57056.000000,89667473.000000,0.000000
270000391.000000,3272.000000,126.000000,276255.000000,57184.000000,90000912.000000,0.000000
271000038.000000,3282.000000,115.000000,276169.000000,57048.000000,90334129.000000,0.000000
272000455.000000,3324.000000,102.000000,276695.000000,56776.000000,90667600.000000,0.000000
273000098.000000,3293.000000,122.000000,276248.000000,56967.000000,91000815.000000,0.000000
274000519.000000,3308.000000,125.000000,276569.000000,56904.000000,91334288.000000,0.000000
275000162.000000,3287.000000,135.000000,276207.000000,57008.000000,91667503.000000,0.000000
276000098.000000,3280.000000,123.000000,276224.000000,57088.000000,92000815.000000,0.000000
277000130.000000,3266.000000,119.000000,276138.000000,57208.000000,92334161.000000,0.000000
278000167.000000,3282.000000,108.000000,276263.000000,57080.000000,92667504.000000,0.000000
279000194.000000,3296.000000,107.000000,276375.000000,56968.000000,93000847.000000,0.000000
280000327.000000,3291.000000,132.000000,276361.000000,57016.000000,93334224.000000,0.000000
281000066.000000,3289.000000,125.000000,276247.000000,57000.000000,93667471.000000,0.000000
282000391.000000,3283.000000,132.000000,276345.000000,57096.000000,94000912.000000,0.000000
283000130.000000,3276.000000,122.000000,276145.000000,57104.000000,94334161.000000,0.000000
284000263.000000,3267.000000,130.000000,276167.000000,57208.000000,94667536.000000,0.000000
285000098.000000,3272.000000,120.000000,276137.000000,57144.000000,95000817.000000,0.000000
286000226.000000,3293.000000,132.000000,276374.000000,57000.000000,95334191.000000,0.000000
287000263.000000,3301.000000,119.000000,276417.000000,56928.000000,95667536.000000,0.000000
288000002.000000,3295.000000,126.000000,276297.000000,56952.000000,96000785.000000,0.000000
289000615.000000,3278.000000,129.000000,276375.000000,57160.000000,96334320.000000,0.000000
290000071.000000,3258.000000,122.000000,275928.000000,57224.000000,96667472.000000,0.000000
291000103.000000,3276.000000,120.000000,276216.000000,57128.000000,97000816.000000,0.000000
292000135.000000,3288.000000,131.000000,276312.000000,57032.000000,97334160.000000,0.000000
293000258.000000,3290.000000,129.000000,276351.000000,57024.000000,97667535.000000,0.000000
294000194.000000,3275.000000,118.000000,276184.000000,57128.000000,98000847.000000,0.000000
295000039.000000,3282.000000,133.000000,276217.000000,57064.000000,98334128.000000,0.000000
296000066.000000,3303.000000,125.000000,276432.000000,56912.000000,98667472.000000,0.000000
297000391.000000,3276.000000,122.000000,276288.000000,57152.000000,99000912.000000,0.000000
298000039.000000,3257.000000,131.000000,275968.000000,57248.000000,99334128.000000,0.000000
299000071.000000,3268.000000,122.000000,276138.000000,57206.000000,99667472.000000,0.000000
300000295.000000,3275.000000,117.000000,276256.000000,57152.000000,100000880.000000,0.000000
301000039.000000,3277.000000,126.000000,276152.000000,57096.000000,100334128.000000,0.000000
302000071.000000,3298.000000,116.000000,276392.000000,56952.000000,100667472.000000,0.000000
303000315.000000,3256.000000,126.000000,276243.000000,56749.000000,101000464.000000,1.000000
304000251.000000,3270.000000,131.000000,276144.000000,57168.000000,101333776.000000,0.000000
305000571.000000,3293.000000,118.000000,276424.000000,57016.000000,101667216.000000,0.000000
306000022.000000,3295.000000,122.000000,276223.000000,56928.000000,102000367.000000,0.000000
307000246.000000,3287.000000,122.000000,276353.000000,57056.000000,102333776.000000,0.000000
308000278.000000,3291.000000,113.000000,276329.000000,57015.000000,102667120.000000,0.000000
309000022.000000,3283.000000,104.000000,276200.000000,57048.000000,103000368.000000,0.000000
310000251.000000,3265.000000,134.000000,276176.000000,57232.000000,103333776.000000,0.000000
311000379.000000,3310.000000,106.000000,276512.000000,56864.000000,103667152.000000,0.000000
312000118.000000,3293.000000,129.000000,276279.000000,56968.000000,104000399.000000,0.000000
313000251.000000,3271.000000,127.000000,276201.000000,57176.000000,104333776.000000,0.000000
314000379.000000,3275.000000,116.000000,276232.000000,57144.000000,104667152.000000,0.000000
315000315.000000,3266.000000,121.000000,276112.000000,57200.000000,105000464.000000,0.000000
316000054.000000,3259.000000,107.000000,276008.000000,57240.000000,105333712.000000,0.000000
317000091.000000,3282.000000,117.000000,276264.000000,57080.000000,105667056.000000,0.000000
318000118.000000,3271.000000,112.000000,276175.000000,57168.000000,106000399.000000,0.000000
319000246.000000,3255.000000,125.000000,276073.000000,57304.000000,106333776.000000,0.000000
320000086.000000,3281.000000,119.000000,276209.000000,57072.000000,106667057.000000,0.000000
321000219.000000,3267.000000,112.000000,276167.000000,57208.000000,107000432.000000,0.000000
322000054.000000,3281.000000,112.000000,276207.000000,57072.000000,107333711.000000,0.000000
323000187.000000,3298.000000,119.000000,276417.000000,56960.000000,107667088.000000,0.000000
324000118.000000,3261.000000,121.000000,276072.000000,57240.000000,108000400.000000,0.000000
325000150.000000,3272.000000,117.000000,276183.000000,57160.000000,108333743.000000,0.000000
326000187.000000,3281.000000,127.000000,276257.000000,57088.000000,108667088.000000,0.000000
327000507.000000,3280.000000,117.000000,276306.000000,57134.000000,109000528.000000,0.000000
328000347.000000,3278.000000,122.000000,276184.000000,57096.000000,109333808.000000,0.000000
329000379.000000,3287.000000,113.000000,276304.000000,57040.000000,109667152.000000,0.000000
330000022.000000,3267.000000,113.000000,276047.000000,57168.000000,110000367.000000,0.000000
331000246.000000,3295.000000,103.000000,276416.000000,56992.000000,110333775.000000,0.000000
332000187.000000,3268.000000,116.000000,276129.000000,57184.000000,110667088.000000,0.000000
333000219.000000,3312.000000,134.000000,276504.000000,56840.000000,111000432.000000,0.000000
334000251.000000,3289.000000,130.000000,276320.000000,57024.000000,111333776.000000,0.000000
335000182.000000,3291.000000,137.000000,276311.000000,57000.000000,111667087.000000,0.000000
336000411.000000,3271.000000,104.000000,276225.000000,57184.000000,112000496.000000,0.000000
337000154.000000,3272.000000,137.000000,276106.000000,57143.000000,112333745.000000,0.000000
338000475.000000,3289.000000,129.000000,276391.000000,57048.000000,112667184.000000,0.000000
339000123.000000,3256.000000,135.000000,275960.000000,57256.000000,113000400.000000,0.000000
340000059.000000,3294.000000,116.000000,276336.000000,56976.000000,113333712.000000,0.000000
341000667.000000,3266.000000,114.000000,276280.000000,57256.000000,113667248.000000,0.000000
342000310.000000,3278.000000,120.000000,276135.000000,57080.000000,114000463.000000,0.000000
343000251.000000,3267.000000,94.000000,276121.000000,57192.000000,114333776.000000,0.000000
344000283.000000,3258.000000,120.000000,276072.000000,57272.000000,114667120.000000,0.000000
345000122.000000,3274.000000,104.000000,276153.000000,57128.000000,115000401.000000,0.000000
346000155.000000,3281.000000,114.000000,276255.000000,57088.000000,115333744.000000,0.000000
347000374.000000,3295.000000,109.000000,276415.000000,56992.000000,115667151.000000,0.000000
348000603.000000,3298.000000,122.000000,276441.000000,56968.000000,116000560.000000,0.000000
349000155.000000,3280.000000,118.000000,276128.000000,57056.000000,116333744.000000,0.000000
350000379.000000,3291.000000,112.000000,276384.000000,57024.000000,116667152.000000,0.000000
351000123.000000,3286.000000,121.000000,276224.000000,57024.000000,117000400.000000,0.000000
352000054.000000,3286.000000,110.000000,276266.000000,57047.000000,117333713.000000,0.000000
353000437.000000,3218.000000,117.000000,275719.000000,56647.000000,117666079.000000,1.000000
354000181.000000,3259.000000,117.000000,276008.000000,57240.000000,117999327.000000,0.000000
355000016.000000,3276.000000,121.000000,276162.000000,57119.000000,118332608.000000,0.000000
356000144.000000,3279.000000,115.000000,276255.000000,57119.000000,118665982.000000,0.000000
357000373.000000,3295.000000,127.000000,276414.000000,56995.000000,118999391.000000,0.000000
358000213.000000,3296.000000,121.000000,276319.000000,56961.000000,119332671.000000,0.000000
359000053.000000,3287.000000,130.000000,276247.000000,57033.000000,119665951.000000,0.000000
360000181.000000,3304.000000,143.000000,276455.000000,56921.000000,119999327.000000,0.000000
361000597.000000,3289.000000,132.000000,276406.000000,57066.000000,120332799.000000,0.000000
362000148.000000,3265.000000,119.000000,276007.000000,57178.000000,120665984.000000,0.000000
363000085.000000,3287.000000,128.000000,276279.000000,57032.000000,120999295.000000,0.000000
364000501.000000,3276.000000,130.000000,276312.000000,57160.000000,121332767.000000,0.000000
365000053.000000,3293.000000,125.000000,276232.000000,56952.000000,121665951.000000,0.000000
366000085.000000,3271.000000,104.000000,276168.000000,57176.000000,121999295.000000,0.000000
367000309.000000,3305.000000,114.000000,276504.000000,56904.000000,122332703.000000,0.000000
368000144.000000,3290.000000,114.000000,276280.000000,57000.000000,122665983.000000,0.000000
369000368.000000,3282.000000,128.000000,276311.000000,57096.000000,122999390.000000,0.000000
370000112.000000,3301.000000,119.000000,276339.000000,56911.000000,123332640.000000,0.000000
371000048.000000,3268.000000,122.000000,276126.000000,57184.000000,123665950.000000,0.000000
372000085.000000,3281.000000,126.000000,276257.000000,57088.000000,123999295.000000,0.000000
373000213.000000,3265.000000,113.000000,276152.000000,57224.000000,124332671.000000,0.000000
374000148.000000,3298.000000,150.000000,276369.000000,56944.000000,124665984.000000,0.000000
375000277.000000,3301.000000,119.000000,276439.000000,56936.000000,124999359.000000,0.000000
376000021.000000,3286.000000,113.000000,276224.000000,57024.000000,125332607.000000,0.000000
377000336.000000,3286.000000,138.000000,276367.000000,57072.000000,125666046.000000,0.000000
378000176.000000,3293.000000,119.000000,276304.000000,56976.000000,125999326.000000,0.000000
379000016.000000,3284.000000,120.000000,276234.000000,57048.000000,126332608.000000,0.000000
380000437.000000,3318.000000,131.000000,276647.000000,56824.000000,126666079.000000,0.000000
381000272.000000,3274.000000,117.000000,276151.000000,57128.000000,126999358.000000,0.000000
382000212.000000,3300.000000,119.000000,276386.000000,56928.000000,127332672.000000,0.000000
383000144.000000,3273.000000,123.000000,276166.000000,57144.000000,127665982.000000,0.000000
384000565.000000,3294.000000,119.000000,276457.000000,57016.000000,127999455.000000,0.000000
385000016.000000,3284.000000,142.000000,276136.000000,57016.000000,128332607.000000,0.000000
386000048.000000,3273.000000,128.000000,276192.000000,57152.000000,128665951.000000,0.000000
387000085.000000,3280.000000,129.000000,276240.000000,57104.000000,128999295.000000,0.000000
388000212.000000,3295.000000,126.000000,276401.000000,56976.000000,129332672.000000,0.000000
389000629.000000,3268.000000,121.000000,276247.000000,57224.000000,129666143.000000,0.000000
390000560.000000,3307.000000,125.000000,276439.000000,56872.000000,129999454.000000,0.000000
391000020.000000,3290.000000,111.000000,276186.000000,56968.000000,130332608.000000,0.000000
392000437.000000,3279.000000,107.000000,276335.000000,57136.000000,130666079.000000,0.000000
393000469.000000,3281.000000,126.000000,276256.000000,57088.000000,130999423.000000,0.000000
394000309.000000,3300.000000,104.000000,276360.000000,56920.000000,131332703.000000,0.000000
395000144.000000,3281.000000,116.000000,276209.000000,57072.000000,131665984.000000,0.000000
396000176.000000,3272.000000,120.000000,276182.000000,57160.000000,131999326.000000,0.000000
397000016.000000,3314.000000,125.000000,276472.000000,56808.000000,132332606.000000,0.000000
398000048.000000,3274.000000,126.000000,276200.000000,57144.000000,132665950.000000,0.000000
399000276.000000,3279.000000,125.000000,276290.000000,57120.000000,132999360.000000,0.000000
400000213.000000,3297.000000,111.000000,276359.000000,56952.000000,133332671.000000,0.000000
401000048.000000,3283.000000,120.000000,276223.000000,57056.000000,133665950.000000,0.000000
402000176.000000,3244.000000,126.000000,275984.000000,57392.000000,133999326.000000,0.000000
403000158.000000,3212.000000,104.000000,275085.000000,55897.000000,134330308.000000,2.000000
404000382.000000,3263.000000,139.000000,276160.000000,57248.000000,134663716.000000,0.000000
405000121.000000,3290.000000,109.000000,276255.000000,56992.000000,134996963.000000,0.000000
406000345.000000,3289.000000,130.000000,276368.000000,57040.000000,135330371.000000,0.000000
407000286.000000,3279.000000,108.000000,276217.000000,57096.000000,135663684.000000,0.000000
408000125.000000,3291.000000,124.000000,276289.000000,56992.000000,135996965.000000,0.000000
409000057.000000,3290.000000,110.000000,276302.000000,57008.000000,136330275.000000,0.000000
410000190.000000,3274.000000,119.000000,276225.000000,57152.000000,136663652.000000,0.000000
411000025.000000,3312.000000,120.000000,276456.000000,56824.000000,136996932.000000,0.000000
412000153.000000,3277.000000,110.000000,276248.000000,57128.000000,137330308.000000,0.000000
413000094.000000,3280.000000,118.000000,276217.000000,57095.000000,137663620.000000,0.000000
414000313.000000,3282.000000,109.000000,276311.000000,57096.000000,137997027.000000,0.000000
415000158.000000,3291.000000,131.000000,276289.000000,56992.000000,138330308.000000,0.000000
416000093.000000,3279.000000,113.000000,276217.000000,57096.000000,138663621.000000,0.000000
417000025.000000,3272.000000,114.000000,276160.000000,57152.000000,138996933.000000,0.000000
418000153.000000,3268.000000,118.000000,276174.000000,57200.000000,139330307.000000,0.000000
419000382.000000,3293.000000,126.000000,276401.000000,57008.000000,139663716.000000,0.000000
420000702.000000,3281.000000,129.000000,276328.000000,57112.000000,139997156.000000,0.000000
421000446.000000,3286.000000,127.000000,276224.000000,57024.000000,140330404.000000,0.000000
422000185.000000,3275.000000,125.000000,276136.000000,57112.000000,140663652.000000,0.000000
423000025.000000,3266.000000,131.000000,276087.000000,57192.000000,140996931.000000,0.000000
424000254.000000,3295.000000,119.000000,276417.000000,56992.000000,141330340.000000,0.000000
425000670.000000,3262.000000,129.000000,276200.000000,57272.000000,141663812.000000,0.000000
426000606.000000,3288.000000,123.000000,276288.000000,57024.000000,141997124.000000,0.000000
427000158.000000,3272.000000,109.000000,276064.000000,57120.000000,142330308.000000,0.000000
428000094.000000,3297.000000,119.000000,276353.000000,56959.000000,142663620.000000,0.000000
429000217.000000,3289.000000,116.000000,276343.000000,57032.000000,142996995.000000,0.000000
430000153.000000,3280.000000,129.000000,276225.000000,57088.000000,143330308.000000,0.000000
431000094.000000,3289.000000,118.000000,276296.000000,57016.000000,143663620.000000,0.000000
432000414.000000,3243.000000,124.000000,276024.000000,57416.000000,143997060.000000,0.000000
433000254.000000,3276.000000,121.000000,276168.000000,57112.000000,144330340.000000,0.000000
434000478.000000,3302.000000,131.000000,276472.000000,56936.000000,144663748.000000,0.000000
435000510.000000,3271.000000,118.000000,276176.000000,57168.000000,144997092.000000,0.000000
436000542.000000,3282.000000,123.000000,276264.000000,57080.000000,145330436.000000,0.000000
437000089.000000,3315.000000,130.000000,276407.000000,56776.000000,145663619.000000,0.000000
438000126.000000,3270.000000,109.000000,276169.000000,57176.000000,145996964.000000,0.000000
439000254.000000,3286.000000,128.000000,276313.000000,57063.000000,146330340.000000,0.000000
440000185.000000,3300.000000,121.000000,276383.000000,56928.000000,146663651.000000,0.000000
441000121.000000,3298.000000,110.000000,276370.000000,56944.000000,146996965.000000,0.000000
442000158.000000,3267.000000,128.000000,276143.000000,57200.000000,147330308.000000,0.000000
443000281.000000,3380.000000,112.000000,277009.000000,56367.000000,147663684.000000,0.000000
444000222.000000,3315.000000,113.000000,276495.000000,56817.000000,147996996.000000,0.000000
445000350.000000,3287.000000,121.000000,276328.000000,57048.000000,148330372.000000,0.000000
446000286.000000,3270.000000,114.000000,276130.000000,57182.000000,148663684.000000,0.000000
447000126.000000,3294.000000,115.000000,276312.000000,56968.000000,148996964.000000,0.000000
448000249.000000,3268.000000,100.000000,276175.000000,57200.000000,149330339.000000,0.000000
449000093.000000,3271.000000,133.000000,276130.000000,57152.000000,149663621.000000,0.000000
450000025.000000,3278.000000,121.000000,276206.000000,57104.000000,149996931.000000,0.000000
451000057.000000,3267.000000,131.000000,276146.000000,57200.000000,150330277.000000,0.000000
452000286.000000,3279.000000,132.000000,276287.000000,57120.000000,150663684.000000,0.000000
453000217.000000,3279.000000,112.000000,276209.000000,57103.000000,150996996.000000,0.000000
454000238.000000,3108.000000,112.000000,273414.000000,55078.000000,151325488.000000,2.000000
455000462.000000,3273.000000,133.000000,276240.000000,57168.000000,151658896.000000,0.000000
456000110.000000,3290.000000,117.000000,276232.000000,56984.000000,151992112.000000,0.000000
457000046.000000,3293.000000,114.000000,276328.000000,56984.000000,152325424.000000,0.000000
458000169.000000,3291.000000,116.000000,276359.000000,57016.000000,152658799.000000,0.000000
459000302.000000,3311.000000,106.000000,276521.000000,56856.000000,152992176.000000,0.000000
460000041.000000,3281.000000,126.000000,276183.000000,57064.000000,153325423.000000,0.000000
461000750.000000,3273.000000,130.000000,276361.000000,57208.000000,153658992.000000,0.000000
462000009.000000,3290.000000,129.000000,276135.000000,56952.000000,153992079.000000,0.000000
463000329.000000,3279.000000,131.000000,276313.000000,57128.000000,154325520.000000,0.000000
464000270.000000,3295.000000,119.000000,276344.000000,56968.000000,154658832.000000,0.000000
465000105.000000,3276.000000,112.000000,276167.000000,57112.000000,154992111.000000,0.000000
466000041.000000,3269.000000,117.000000,276136.000000,57176.000000,155325423.000000,0.000000
467000361.000000,3312.000000,132.000000,276577.000000,56864.000000,155658864.000000,0.000000
468000398.000000,3265.000000,134.000000,276128.000000,57216.000000,155992208.000000,0.000000
469000045.000000,3270.000000,133.000000,276073.000000,57144.000000,156325425.000000,0.000000
470000077.000000,3268.000000,128.000000,276152.000000,57192.000000,156658769.000000,0.000000
471000009.000000,3275.000000,113.000000,276175.000000,57135.000000,156992079.000000,0.000000
472000430.000000,3299.000000,123.000000,276490.000000,56983.000000,157325552.000000,0.000000
473000462.000000,3299.000000,110.000000,276400.000000,56944.000000,157658896.000000,0.000000
474000009.000000,3284.000000,116.000000,276159.000000,57024.000000,157992079.000000,0.000000
475000329.000000,3312.000000,128.000000,276578.000000,56864.000000,158325521.000000,0.000000
476000265.000000,3274.000000,114.000000,276174.000000,57136.000000,158658831.000000,0.000000
477000110.000000,3302.000000,123.000000,276377.000000,56904.000000,158992112.000000,0.000000
478000329.000000,3286.000000,116.000000,276343.000000,57064.000000,159325519.000000,0.000000
479000078.000000,3288.000000,119.000000,276241.000000,57008.000000,159658768.000000,0.000000
480000393.000000,3302.000000,126.000000,276495.000000,56944.000000,159992207.000000,0.000000
481000622.000000,3265.000000,125.000000,276177.000000,57232.000000,160325616.000000,0.000000
482000270.000000,3284.000000,111.000000,276184.000000,57032.000000,160658832.000000,0.000000
483000110.000000,3274.000000,103.000000,276152.000000,57128.000000,160992112.000000,0.000000
484000142.000000,3275.000000,127.000000,276208.000000,57136.000000,161325456.000000,0.000000
485000558.000000,3287.000000,133.000000,276393.000000,57079.000000,161658928.000000,0.000000
486000494.000000,3292.000000,123.000000,276320.000000,56992.000000,161992240.000000,0.000000
487000137.000000,3294.000000,122.000000,276265.000000,56952.000000,162325457.000000,0.000000
488000270.000000,3265.000000,130.000000,276151.000000,57224.000000,162658832.000000,0.000000
489000206.000000,3303.000000,119.000000,276408.000000,56904.000000,162992144.000000,0.000000
490000334.000000,3291.000000,112.000000,276360.000000,57016.000000,163325520.000000,0.000000
491000169.000000,3287.000000,116.000000,276257.000000,57024.000000,163658801.000000,0.000000
492000009.000000,3261.000000,134.000000,276047.000000,57232.000000,163992080.000000,0.000000
493000334.000000,3258.000000,111.000000,276144.000000,57296.000000,164325520.000000,0.000000
494000174.000000,3306.000000,122.000000,276408.000000,56872.000000,164658800.000000,0.000000
495000014.000000,3260.000000,126.000000,276040.000000,57240.000000,164992080.000000,0.000000
496000137.000000,3291.000000,130.000000,276359.000000,57016.000000,165325455.000000,0.000000
497000078.000000,3309.000000,120.000000,276457.000000,56856.000000,165658768.000000,0.000000
498000110.000000,3299.000000,134.000000,276400.000000,56944.000000,165992112.000000,0.000000
499000046.000000,3291.000000,127.000000,276312.000000,57000.000000,166325424.000000,0.000000
500000078.000000,3289.000000,127.000000,276320.000000,57024.000000,166658768.000000,0.000000
501000205.000000,3289.000000,116.000000,276345.000000,57032.000000,166992145.000000,0.000000
502000046.000000,3296.000000,129.000000,276327.000000,56952.000000,167325424.000000,0.000000
503000270.000000,3297.000000,105.000000,276432.000000,56976.000000,167658832.000000,0.000000
504000366.000000,2967.000000,128.000000,270631.000000,52920.000000,167982383.000000,1.000000
505000009.000000,3282.000000,112.000000,276167.000000,57048.000000,168315598.000000,0.000000
506000334.000000,3266.000000,135.000000,276209.000000,57232.000000,168649039.000000,0.000000
507000169.000000,3289.000000,125.000000,276266.000000,57015.000000,168982320.000000,0.000000
508000009.000000,3279.000000,106.000000,276191.000000,57088.000000,169315599.000000,0.000000
509000045.000000,3284.000000,118.000000,276281.000000,57064.000000,169648944.000000,0.000000
510000270.000000,3288.000000,134.000000,276359.000000,57048.000000,169982351.000000,0.000000
511000201.000000,3292.000000,124.000000,276312.000000,56999.000000,170315662.000000,0.000000
512000041.000000,3280.000000,123.000000,276200.000000,57080.000000,170648942.000000,0.000000
513000366.000000,3292.000000,121.000000,276417.000000,57024.000000,170982383.000000,0.000000
514000398.000000,3302.000000,117.000000,276424.000000,56920.000000,171315727.000000,0.000000
515000041.000000,3286.000000,132.000000,276199.000000,57016.000000,171648942.000000,0.000000
516000462.000000,3281.000000,100.000000,276353.000000,57120.000000,171982415.000000,0.000000
517000009.000000,3282.000000,126.000000,276136.000000,57047.000000,172315598.000000,0.000000
518000233.000000,3317.000000,123.000000,276592.000000,56816.000000,172649006.000000,0.000000
519000169.000000,3277.000000,123.000000,276202.000000,57112.000000,172982320.000000,0.000000
520000009.000000,3274.000000,141.000000,276152.000000,57128.000000,173315600.000000,0.000000
521000430.000000,3295.000000,113.000000,276463.000000,57008.000000,173649071.000000,0.000000
522000750.000000,3319.000000,121.000000,276632.000000,56808.000000,173982511.000000,0.000000
523000494.000000,3287.000000,150.000000,276232.000000,57016.000000,174315759.000000,0.000000
524000045.000000,3268.000000,106.000000,276033.000000,57152.000000,174648944.000000,0.000000
525000169.000000,3263.000000,120.000000,276134.000000,57240.000000,174982318.000000,0.000000
526000009.000000,3263.000000,118.000000,276066.000000,57216.000000,175315600.000000,0.000000
527000046.000000,3307.000000,122.000000,276403.000000,56940.000000,175648943.000000,0.000000
528000365.000000,3285.000000,133.000000,276353.000000,57088.000000,175982384.000000,0.000000
529000014.000000,3280.000000,117.000000,276151.000000,57064.000000,176315599.000000,0.000000
530000142.000000,3275.000000,124.000000,276232.000000,57144.000000,176648975.000000,0.000000
531000077.000000,3297.000000,135.000000,276361.000000,56952.000000,176982288.000000,0.000000
532000201.000000,3299.000000,121.000000,276422.000000,56952.000000,177315662.000000,0.000000
533000041.000000,3299.000000,102.000000,276353.000000,56928.000000,177648943.000000,0.000000
534000169.000000,3262.000000,124.000000,276129.000000,57248.000000,177982320.000000,0.000000
535000109.000000,3281.000000,136.000000,276232.000000,57080.000000,178315632.000000,0.000000
536000137.000000,3288.000000,118.000000,276303.000000,57039.000000,178648974.000000,0.000000
537000457.000000,3292.000000,126.000000,276416.000000,57024.000000,178982414.000000,0.000000
538000110.000000,3260.000000,132.000000,275993.000000,57224.000000,179315631.000000,0.000000
539000041.000000,3295.000000,125.000000,276343.000000,56968.000000,179648942.000000,0.000000
540000270.000000,3300.000000,134.000000,276457.000000,56952.000000,179982351.000000,0.000000
541000009.000000,3291.000000,131.000000,276264.000000,56984.000000,180315599.000000,0.000000
542000137.000000,3282.000000,120.000000,276287.000000,57088.000000,180648974.000000,0.000000
543000078.000000,3277.000000,115.000000,276201.000000,57112.000000,180982287.000000,0.000000
544000105.000000,3280.000000,103.000000,276249.000000,57096.000000,181315632.000000,0.000000
545000046.000000,3286.000000,121.000000,276271.000000,57040.000000,181648943.000000,0.000000
546000361.000000,3305.000000,124.000000,276519.000000,56920.000000,181982382.000000,0.000000
547000494.000000,3286.000000,112.000000,276321.000000,57056.000000,182315759.000000,0.000000
548000041.000000,3287.000000,110.000000,276176.000000,57007.000000,182648942.000000,0.000000
549000270.000000,3269.000000,124.000000,276209.000000,57200.000000,182982351.000000,0.000000
550000105.000000,3261.000000,122.000000,276047.000000,57232.000000,183315630.000000,0.000000
551000041.000000,3282.000000,134.000000,276240.000000,57072.000000,183648942.000000,0.000000
552000078.000000,3292.000000,122.000000,276345.000000,57000.000000,183982287.000000,0.000000
553000398.000000,3277.000000,121.000000,276296.000000,57144.000000,184315727.000000,0.000000
554000075.000000,3169.000000,114.000000,273716.000000,56550.000000,184645993.000000,6.000000
555000009.000000,2758.000000,142.000000,266305.000000,50218.000000,184962516.000000,7.000000
556000046.000000,3288.000000,113.000000,276306.000000,57039.000000,185295861.000000,0.000000
557000173.000000,3301.000000,125.000000,276434.000000,56943.000000,185629238.000000,0.000000
558000105.000000,3289.000000,107.000000,276294.000000,57016.000000,185962548.000000,0.000000
559000041.000000,3312.000000,128.000000,276480.000000,56832.000000,186295860.000000,0.000000
560000270.000000,3279.000000,131.000000,276289.000000,57120.000000,186629269.000000,0.000000
561000105.000000,3291.000000,122.000000,276289.000000,56992.000000,186962550.000000,0.000000
562000238.000000,3296.000000,118.000000,276399.000000,56976.000000,187295925.000000,0.000000
563000174.000000,3307.000000,124.000000,276433.000000,56879.000000,187629237.000000,0.000000
564000009.000000,3272.000000,124.000000,276135.000000,57144.000000,187962516.000000,0.000000
565000238.000000,3295.000000,114.000000,276417.000000,56992.000000,188295925.000000,0.000000
566000078.000000,3285.000000,126.000000,276240.000000,57040.000000,188629205.000000,0.000000
567000201.000000,3306.000000,105.000000,276479.000000,56896.000000,188962580.000000,0.000000
568000622.000000,3293.000000,122.000000,276449.000000,57024.000000,189296053.000000,0.000000
569000174.000000,3293.000000,126.000000,276225.000000,56959.000000,189629237.000000,0.000000
570000105.000000,3277.000000,143.000000,276200.000000,57112.000000,189962549.000000,0.000000
571000041.000000,3303.000000,117.000000,276409.000000,56904.000000,190295862.000000,0.000000
572000073.000000,3284.000000,112.000000,276280.000000,57064.000000,190629206.000000,0.000000
573000201.000000,3292.000000,135.000000,276366.000000,57008.000000,190962580.000000,0.000000
574000137.000000,3286.000000,112.000000,276273.000000,57040.000000,191295893.000000,0.000000
575000366.000000,3302.000000,105.000000,276465.000000,56943.000000,191629301.000000,0.000000
576000302.000000,3269.000000,118.000000,276136.000000,57176.000000,191962613.000000,0.000000
577000141.000000,3259.000000,120.000000,276033.000000,57248.000000,192295894.000000,0.000000
578000078.000000,3278.000000,128.000000,276207.000000,57104.000000,192629205.000000,0.000000
579000105.000000,3264.000000,119.000000,276121.000000,57224.000000,192962550.000000,0.000000
580000430.000000,3272.000000,122.000000,276255.000000,57184.000000,193295989.000000,0.000000
581000270.000000,3264.000000,118.000000,276065.000000,57215.000000,193629269.000000,0.000000
582000590.000000,3274.000000,116.000000,276272.000000,57168.000000,193962709.000000,0.000000
583000041.000000,3276.000000,109.000000,276072.000000,57080.000000,194295861.000000,0.000000
584000265.000000,3279.000000,134.000000,276287.000000,57120.000000,194629268.000000,0.000000
585000109.000000,3282.000000,116.000000,276218.000000,57064.000000,194962550.000000,0.000000
586000238.000000,3278.000000,130.000000,276255.000000,57120.000000,195295925.000000,0.000000
587000174.000000,3304.000000,115.000000,276416.000000,56896.000000,195629237.000000,0.000000
588000206.000000,3266.000000,112.000000,276136.000000,57208.000000,195962581.000000,0.000000
589000137.000000,3280.000000,117.000000,276225.000000,57088.000000,196295894.000000,0.000000
590000462.000000,3279.000000,127.000000,276311.000000,57128.000000,196629333.000000,0.000000
591000109.000000,3281.000000,134.000000,276161.000000,57056.000000,196962550.000000,0.000000
592000041.000000,3282.000000,139.000000,276238.000000,57072.000000,197295860.000000,0.000000
593000654.000000,3308.000000,118.000000,276617.000000,56920.000000,197629397.000000,0.000000
594000009.000000,3312.000000,111.000000,276337.000000,56784.000000,197962518.000000,0.000000
595000137.000000,3283.000000,123.000000,276294.000000,57080.000000,198295892.000000,0.000000
596000265.000000,3294.000000,114.000000,276384.000000,56992.000000,198629268.000000,0.000000
597000301.000000,3298.000000,123.000000,276394.000000,56952.000000,198962614.000000,0.000000
598000334.000000,3290.000000,129.000000,276327.000000,57016.000000,199295957.000000,0.000000
599000169.000000,3296.000000,123.000000,276328.000000,56952.000000,199629237.000000,0.000000
600000302.000000,3291.000000,133.000000,276360.000000,57016.000000,199962613.000000,0.000000
601000137.000000,3289.000000,118.000000,276271.000000,57008.000000,200295892.000000,0.000000
602000265.000000,3279.000000,110.000000,276266.000000,57112.000000,200629270.000000,0.000000
603000009.000000,3300.000000,122.000000,276336.000000,56912.000000,200962518.000000,0.000000
604000617.000000,3274.000000,101.000000,276342.000000,57192.000000,201296052.000000,0.000000
605000234.000000,2623.000000,130.000000,248662.000000,44990.000000,201589704.000000,12.000000
606000170.000000,3272.000000,126.000000,276159.000000,57153.000000,201923016.000000,0.000000
607000485.000000,3275.000000,124.000000,276279.000000,57160.000000,202256455.000000,0.000000
608000133.000000,3290.000000,113.000000,276234.000000,56984.000000,202589673.000000,0.000000
609000458.000000,3297.000000,120.000000,276455.000000,56984.000000,202923112.000000,0.000000
610000389.000000,3278.000000,101.000000,276207.000000,57104.000000,203256423.000000,0.000000
611000133.000000,3291.000000,124.000000,276266.000000,56984.000000,203589673.000000,0.000000
612000165.000000,3284.000000,124.000000,276278.000000,57064.000000,203923015.000000,0.000000
613000202.000000,3295.000000,114.000000,276369.000000,56976.000000,204256360.000000,0.000000
614000229.000000,3295.000000,95.000000,276368.000000,56976.000000,204589704.000000,0.000000
615000170.000000,3289.000000,107.000000,276296.000000,57016.000000,204923016.000000,0.000000
616000298.000000,3282.000000,113.000000,276288.000000,57088.000000,205256392.000000,0.000000
617000037.000000,3295.000000,125.000000,276288.000000,56959.000000,205589639.000000,0.000000
618000165.000000,3300.000000,135.000000,276432.000000,56944.000000,205923015.000000,0.000000
619000105.000000,3271.000000,132.000000,276154.000000,57160.000000,206256329.000000,0.000000
620000042.000000,3290.000000,105.000000,276303.000000,57008.000000,206589640.000000,0.000000
621000074.000000,3301.000000,111.000000,276416.000000,56928.000000,206922984.000000,0.000000
622000101.000000,3287.000000,127.000000,276305.000000,57040.000000,207256329.000000,0.000000
623000234.000000,3320.000000,134.000000,276591.000000,56784.000000,207589704.000000,0.000000
624000458.000000,3277.000000,139.000000,276272.000000,57136.000000,207923112.000000,0.000000
625000101.000000,3283.000000,138.000000,276170.000000,57047.000000,208256329.000000,0.000000
626000233.000000,3291.000000,122.000000,276353.000000,57023.000000,208589705.000000,0.000000
627000261.000000,3266.000000,134.000000,276134.000000,57208.000000,208923047.000000,0.000000
628000778.000000,3295.000000,130.000000,276489.000000,57016.000000,209256552.000000,0.000000
629000426.000000,3295.000000,124.000000,276272.000000,56944.000000,209589768.000000,0.000000
630000458.000000,3275.000000,100.000000,276208.000000,57136.000000,209923112.000000,0.000000
631000101.000000,3278.000000,118.000000,276137.000000,57080.000000,210256329.000000,0.000000
632000329.000000,3311.000000,116.000000,276544.000000,56864.000000,210589737.000000,0.000000
633000074.000000,3278.000000,121.000000,276159.000000,57088.000000,210922984.000000,0.000000
634000394.000000,3285.000000,117.000000,276353.000000,57087.000000,211256424.000000,0.000000
635000234.000000,3268.000000,127.000000,276097.000000,57183.000000,211589704.000000,0.000000
636000266.000000,3283.000000,124.000000,276272.000000,57072.000000,211923048.000000,0.000000
637000106.000000,3300.000000,119.000000,276353.000000,56927.000000,212256328.000000,0.000000
638000042.000000,3290.000000,113.000000,276304.000000,57008.000000,212589640.000000,0.000000
639000074.000000,3285.000000,127.000000,276288.000000,57056.000000,212922984.000000,0.000000
640000101.000000,3280.000000,141.000000,276247.000000,57096.000000,213256327.000000,0.000000
641000229.000000,3294.000000,108.000000,276384.000000,56992.000000,213589703.000000,0.000000
642000069.000000,3263.000000,115.000000,276064.000000,57216.000000,213922983.000000,0.000000
643000101.000000,3289.000000,115.000000,276320.000000,57024.000000,214256327.000000,0.000000
644000138.000000,3283.000000,140.000000,276266.000000,57079.000000,214589672.000000,0.000000
645000261.000000,3273.000000,114.000000,276216.000000,57160.000000,214923048.000000,0.000000
646000201.000000,3284.000000,123.000000,276257.000000,57056.000000,215256361.000000,0.000000
647000229.000000,3275.000000,112.000000,276206.000000,57136.000000,215589703.000000,0.000000
648000074.000000,3276.000000,133.000000,276169.000000,57112.000000,215922984.000000,0.000000
649000293.000000,3291.000000,122.000000,276383.000000,57024.000000,216256391.000000,0.000000
650000042.000000,3314.000000,117.000000,276441.000000,56808.000000,216589640.000000,0.000000
651000458.000000,3302.000000,121.000000,276528.000000,56944.000000,216923112.000000,0.000000
652000298.000000,3302.000000,128.000000,276376.000000,56904.000000,217256392.000000,0.000000
653000229.000000,3270.000000,103.000000,276136.000000,57175.000000,217589703.000000,0.000000
654000073.000000,3292.000000,121.000000,276298.000000,56984.000000,217922985.000000,0.000000
655000394.000000,3297.000000,128.000000,276455.000000,56984.000000,218256424.000000,0.000000
656000082.000000,2423.000000,101.000000,252327.000000,39628.000000,218548379.000000,4.000000
657000614.000000,3133.000000,126.000000,243814.000000,50838.000000,218843031.000000,5.000000
658000454.000000,3278.000000,119.000000,276184.000000,57096.000000,219176311.000000,0.000000
659000198.000000,3264.000000,125.000000,276041.000000,57207.000000,219509559.000000,0.000000
660000134.000000,3275.000000,129.000000,276184.000000,57128.000000,219842871.000000,0.000000
661000065.000000,3267.000000,114.000000,276121.000000,57192.000000,220176184.000000,0.000000
662000390.000000,3290.000000,119.000000,276399.000000,57040.000000,220509623.000000,0.000000
663000038.000000,3274.000000,112.000000,276104.000000,57112.000000,220842839.000000,0.000000
664000166.000000,3265.000000,142.000000,276152.000000,57224.000000,221176215.000000,0.000000
665000097.000000,3310.000000,122.000000,276465.000000,56848.000000,221509528.000000,0.000000
666000129.000000,3285.000000,130.000000,276287.000000,57056.000000,221842871.000000,0.000000
667000065.000000,3306.000000,146.000000,276418.000000,56894.000000,222176183.000000,0.000000
668000006.000000,3296.000000,116.000000,276345.000000,56967.000000,222509495.000000,0.000000
669000129.000000,3315.000000,125.000000,276552.000000,56824.000000,222842871.000000,0.000000
670000261.000000,3298.000000,119.000000,276410.000000,56967.000000,223176248.000000,0.000000
671000385.000000,3275.000000,128.000000,276230.000000,57144.000000,223509622.000000,0.000000
672000225.000000,3273.000000,114.000000,276123.000000,57157.000000,223842902.000000,0.000000
673000065.000000,3296.000000,123.000000,276260.000000,57022.000000,224176184.000000,0.000000
674000005.000000,3314.000000,101.000000,276426.000000,56886.000000,224509496.000000,0.000000
675000129.000000,3297.000000,110.000000,276393.000000,56982.000000,224842871.000000,0.000000
676000161.000000,3300.000000,120.000000,276409.000000,56936.000000,225176216.000000,0.000000
677000486.000000,3292.000000,124.000000,276415.000000,57024.000000,225509655.000000,0.000000
678000326.000000,3290.000000,115.000000,276280.000000,57000.000000,225842935.000000,0.000000
679000449.000000,3280.000000,114.000000,276271.000000,57104.000000,226176310.000000,0.000000
680000097.000000,3275.000000,114.000000,276098.000000,57118.000000,226509526.000000,0.000000
681000134.000000,3269.000000,133.000000,276161.000000,57184.000000,226842871.000000,0.000000
682000161.000000,3294.000000,113.000000,276361.000000,56984.000000,227176216.000000,0.000000
683000001.000000,3299.000000,106.000000,276352.000000,56928.000000,227509496.000000,0.000000
684000129.000000,3298.000000,135.000000,276414.000000,56960.000000,227842870.000000,0.000000
685000065.000000,3277.000000,119.000000,276200.000000,57112.000000,228176182.000000,0.000000
686000101.000000,3272.000000,120.000000,276186.000000,57160.000000,228509528.000000,0.000000
687000518.000000,3286.000000,118.000000,276384.000000,57087.000000,228842999.000000,0.000000
688000550.000000,3330.000000,115.000000,276641.000000,56703.000000,229176343.000000,0.000000
689000289.000000,3264.000000,120.000000,276047.000000,57200.000000,229509590.000000,0.000000
690000321.000000,3287.000000,132.000000,276304.000000,57040.000000,229842934.000000,0.000000
691000065.000000,3322.000000,123.000000,276463.000000,56785.000000,230176182.000000,0.000000
692000006.000000,3292.000000,120.000000,276251.000000,57062.000000,230509495.000000,0.000000
693000134.000000,3350.000000,115.000000,276755.000000,56621.000000,230842871.000000,0.000000
694000358.000000,3311.000000,126.000000,276474.000000,56934.000000,231176279.000000,0.000000
695000198.000000,3307.000000,125.000000,276332.000000,56948.000000,231509559.000000,0.000000
696000033.000000,3297.000000,113.000000,276285.000000,56994.000000,231842838.000000,0.000000
697000358.000000,3283.000000,124.000000,276345.000000,57096.000000,232176279.000000,0.000000
698000097.000000,3272.000000,109.000000,276111.000000,57136.000000,232509526.000000,0.000000
699000033.000000,3296.000000,110.000000,276354.000000,56960.000000,232842840.000000,0.000000
700000257.000000,3248.000000,109.000000,276038.000000,57368.000000,233176246.000000,0.000000
701000097.000000,3294.000000,133.000000,276271.000000,57010.000000,233509527.000000,0.000000
702000518.000000,3295.000000,118.000000,276394.000000,57078.000000,233842999.000000,0.000000
703000065.000000,3301.000000,109.000000,276267.000000,56916.000000,234176182.000000,0.000000
704000294.000000,3299.000000,114.000000,276449.000000,56960.000000,234509591.000000,0.000000
705000417.000000,3276.000000,119.000000,276239.000000,57136.000000,234842966.000000,0.000000
706000166.000000,3276.000000,104.000000,276145.000000,57104.000000,235176215.000000,0.000000
707000100.000000,2936.000000,106.000000,263368.000000,53986.000000,235493569.000000,5.000000
708000025.000000,1870.000000,71.000000,240864.000000,25209.000000,235759642.000000,9.000000
709000160.000000,3043.000000,104.000000,211613.000000,44260.000000,236015515.000000,3.000000
710000293.000000,3260.000000,120.000000,276113.000000,57264.000000,236348892.000000,0.000000
711000032.000000,3291.000000,128.000000,276192.000000,57055.000000,236682139.000000,0.000000
712000068.000000,3430.000000,129.000000,277156.000000,56190.000000,237015485.000000,0.000000
713000192.000000,3314.000000,120.000000,276452.000000,56923.000000,237348860.000000,0.000000
714000132.000000,3287.000000,107.000000,276281.000000,57032.000000,237682173.000000,0.000000
715000256.000000,3297.000000,101.000000,276406.000000,56968.000000,238015547.000000,0.000000
716000773.000000,3298.000000,122.000000,276513.000000,56992.000000,238349052.000000,0.000000
717000128.000000,3285.000000,133.000000,276119.000000,57000.000000,238682171.000000,0.000000
718000261.000000,3277.000000,127.000000,276249.000000,57128.000000,239015548.000000,0.000000
719000096.000000,3308.000000,117.000000,276425.000000,56856.000000,239348829.000000,0.000000
720000224.000000,3282.000000,116.000000,276286.000000,57088.000000,239682203.000000,0.000000
721000164.000000,3305.000000,108.000000,276426.000000,56888.000000,240015517.000000,0.000000
722000197.000000,3280.000000,99.000000,276247.000000,57096.000000,240348860.000000,0.000000
723000032.000000,3266.000000,123.000000,276087.000000,57192.000000,240682139.000000,0.000000
724000069.000000,3280.000000,128.000000,276249.000000,57096.000000,241015484.000000,0.000000
725000389.000000,3282.000000,129.000000,276336.000000,57104.000000,241348924.000000,0.000000
726000128.000000,3280.000000,126.000000,276175.000000,57072.000000,241682171.000000,0.000000
727000261.000000,3302.000000,121.000000,276449.000000,56928.000000,242015548.000000,0.000000
728000096.000000,3284.000000,117.000000,276231.000000,57048.000000,242348827.000000,0.000000
729000224.000000,3265.000000,120.000000,276152.000000,57224.000000,242682203.000000,0.000000
730000352.000000,3270.000000,123.000000,276192.000000,57184.000000,243015579.000000,0.000000
731000292.000000,3295.000000,113.000000,276346.000000,56968.000000,243348893.000000,0.000000
732000032.000000,3295.000000,118.000000,276296.000000,56952.000000,243682141.000000,0.000000
733000256.000000,3275.000000,122.000000,276254.000000,57152.000000,244015547.000000,0.000000
734000192.000000,3273.000000,106.000000,276168.000000,57144.000000,244348859.000000,0.000000
735000325.000000,3291.000000,119.000000,276361.000000,57016.000000,244682236.000000,0.000000
736000256.000000,3292.000000,110.000000,276321.000000,56992.000000,245015549.000000,0.000000
737000192.000000,3284.000000,124.000000,276254.000000,57056.000000,245348859.000000,0.000000
738000709.000000,3283.000000,115.000000,276393.000000,57112.000000,245682364.000000,0.000000
739000068.000000,3280.000000,121.000000,276081.000000,57040.000000,246015485.000000,0.000000
740000389.000000,3283.000000,109.000000,276336.000000,57103.000000,246348924.000000,0.000000
741000128.000000,3306.000000,120.000000,276385.000000,56864.000000,246682173.000000,0.000000
742000256.000000,3285.000000,129.000000,276311.000000,57064.000000,247015548.000000,0.000000
743000192.000000,3298.000000,100.000000,276367.000000,56944.000000,247348859.000000,0.000000
744000132.000000,3310.000000,126.000000,276466.000000,56848.000000,247682173.000000,0.000000
745000453.000000,3298.000000,108.000000,276463.000000,56976.000000,248015612.000000,0.000000
746000192.000000,3282.000000,124.000000,276191.000000,57056.000000,248348859.000000,0.000000
747000133.000000,3287.000000,113.000000,276281.000000,57032.000000,248682172.000000,0.000000
748000453.000000,3279.000000,126.000000,276312.000000,57128.000000,249015612.000000,0.000000
749000581.000000,3243.000000,135.000000,275976.000000,57400.000000,249348988.000000,0.000000
750000517.000000,3265.000000,116.000000,276104.000000,57208.000000,249682300.000000,0.000000
751000549.000000,3287.000000,112.000000,276297.000000,57047.000000,250015644.000000,0.000000
752000197.000000,3278.000000,114.000000,276136.000000,57080.000000,250348860.000000,0.000000
753000517.000000,3249.000000,104.000000,276072.000000,57368.000000,250682300.000000,0.000000
754000064.000000,3280.000000,129.000000,276127.000000,57056.000000,251015483.000000,0.000000
755000293.000000,3300.000000,119.000000,276457.000000,56952.000000,251348892.000000,0.000000
756000128.000000,3283.000000,132.000000,276225.000000,57056.000000,251682173.000000,0.000000
757000357.000000,3265.000000,126.000000,276175.000000,57232.000000,252015580.000000,0.000000
758000003.000000,3292.000000,126.000000,276239.000000,56976.000000,252348795.000000,0.000000
759000307.000000,3299.000000,119.000000,273908.000000,58319.000000,252681022.000000,2.000000
760000519.000000,1997.000000,72.000000,240720.000000,38640.000000,252960382.000000,3.000000
761000257.000000,6660.000000,286.000000,268861.000000,61719.000000,253290962.000000,5.000000
762003265.000000,1234.000000,38.000000,240077.000000,10680.000000,253541719.000000,4.000000
763000341.000000,3372.000000,135.000000,155959.000000,43066.000000,253740744.000000,6.000000
764000277.000000,3246.000000,114.000000,275943.000000,57369.000000,254074056.000000,0.000000
765000112.000000,3273.000000,112.000000,276143.000000,57136.000000,254407335.000000,0.000000
766000148.000000,3303.000000,119.000000,276434.000000,56912.000000,254740681.000000,0.000000
767000176.000000,3286.000000,121.000000,276294.000000,57048.000000,255074023.000000,0.000000
768000405.000000,3283.000000,130.000000,276314.000000,57095.000000,255407432.000000,0.000000
769000149.000000,3289.000000,119.000000,276248.000000,57000.000000,255740680.000000,0.000000
770000176.000000,3280.000000,125.000000,276247.000000,57096.000000,256074023.000000,0.000000
771000213.000000,3285.000000,130.000000,276289.000000,57056.000000,256407368.000000,0.000000
772000052.000000,3286.000000,124.000000,276249.000000,57032.000000,256740649.000000,0.000000
773000757.000000,3278.000000,110.000000,276364.000000,57203.000000,257074216.000000,0.000000
774000021.000000,3367.000000,124.000000,276444.000000,56644.000000,257407304.000000,0.000000
775000149.000000,3385.000000,126.000000,276804.000000,56572.000000,257740680.000000,0.000000
776000181.000000,3409.000000,121.000000,276993.000000,56351.000000,258074024.000000,0.000000
777000112.000000,3278.000000,113.000000,276131.000000,57181.000000,258407336.000000,0.000000
778000245.000000,3260.000000,130.000000,276112.000000,57264.000000,258740712.000000,0.000000
779000272.000000,3278.000000,130.000000,276231.000000,57112.000000,259074055.000000,0.000000
780000405.000000,3300.000000,121.000000,276433.000000,56944.000000,259407432.000000,0.000000
781000144.000000,3292.000000,113.000000,276271.000000,56976.000000,259740679.000000,0.000000
782000080.000000,3291.000000,104.000000,276312.000000,57000.000000,260073991.000000,0.000000
783000309.000000,3285.000000,123.000000,276337.000000,57072.000000,260407400.000000,0.000000
784000048.000000,3294.000000,117.000000,276289.000000,56960.000000,260740649.000000,0.000000
785000080.000000,3280.000000,110.000000,276240.000000,57103.000000,261073992.000000,0.000000
786000309.000000,3277.000000,140.000000,276265.000000,57143.000000,261407400.000000,0.000000
787000341.000000,3267.000000,139.000000,276137.000000,57207.000000,261740744.000000,0.000000
788000272.000000,3255.000000,112.000000,276024.000000,57288.000000,262074056.000000,0.000000
789000020.000000,3290.000000,106.000000,276257.000000,56992.000000,262407305.000000,0.000000
790000052.000000,3305.000000,124.000000,276448.000000,56896.000000,262740649.000000,0.000000
791000085.000000,3292.000000,119.000000,276343.000000,57000.000000,263073992.000000,0.000000
792000212.000000,3278.000000,109.000000,276257.000000,57120.000000,263407369.000000,0.000000
793000341.000000,3294.000000,110.000000,276383.000000,56992.000000,263740744.000000,0.000000
794000085.000000,3275.000000,122.000000,276136.000000,57112.000000,264073992.000000,0.000000
795000309.000000,3295.000000,117.000000,276416.000000,56992.000000,264407400.000000,0.000000
796000240.000000,3273.000000,124.000000,276167.000000,57144.000000,264740711.000000,0.000000
797000080.000000,3269.000000,118.000000,276114.000000,57168.000000,265073993.000000,0.000000
798000309.000000,3298.000000,105.000000,276439.000000,56968.000000,265407400.000000,0.000000
799000437.000000,3286.000000,120.000000,276320.000000,57056.000000,265740776.000000,0.000000
800000176.000000,3272.000000,113.000000,276112.000000,57136.000000,266074024.000000,0.000000
801000112.000000,3285.000000,129.000000,276263.000000,57048.000000,266407335.000000,0.000000
802000144.000000,3276.000000,121.000000,276217.000000,57128.000000,266740680.000000,0.000000
803000085.000000,3316.000000,116.000000,276512.000000,56800.000000,267073992.000000,0.000000
804000309.000000,3288.000000,119.000000,276360.000000,57048.000000,267407400.000000,0.000000
805000240.000000,3308.000000,105.000000,276448.000000,56864.000000,267740712.000000,0.000000
806000277.000000,3276.000000,111.000000,276216.000000,57128.000000,268074056.000000,0.000000
807000016.000000,3278.000000,132.000000,276159.000000,57088.000000,268407303.000000,0.000000
808000341.000000,3282.000000,130.000000,276337.000000,57104.000000,268740744.000000,0.000000
809000176.000000,3284.000000,114.000000,276231.000000,57048.000000,269074023.000000,0.000000
810000213.000000,3276.000000,109.000000,276217.000000,57128.000000,269407368.000000,0.000000
811000533.000000,3314.000000,129.000000,276592.000000,56848.000000,269740808.000000,0.000000
812000176.000000,3275.000000,124.000000,276113.000000,57104.000000,270074025.000000,0.000000
813000117.000000,3276.000000,109.000000,276191.000000,57120.000000,270407336.000000,0.000000
814000562.000000,3348.000000,112.000000,253798.000000,66667.000000,270727801.000000,0.000000
815000142.000000,1438.000000,48.000000,238626.000000,25414.000000,270991841.000000,1.000000
816000231.000000,4114.000000,138.000000,251912.000000,69064.000000,271312817.000000,1.000000
817001191.000000,1220.000000,62.000000,239579.000000,10661.000000,271563057.000000,4.000000
818003687.000000,1270.000000,38.000000,239983.000000,10643.000000,271813683.000000,3.000000
819000143.000000,1245.000000,48.000000,238513.000000,10598.000000,272062794.000000,5.000000
820000079.000000,1240.000000,46.000000,239348.000000,10636.000000,272312778.000000,3.000000
821000408.000000,4785.000000,166.000000,85260.000000,61811.000000,272459849.000000,1.000000
822000278.000000,3484.000000,125.000000,255268.000000,58189.000000,272773306.000000,3.000000
823000122.000000,3268.000000,116.000000,276099.000000,57183.000000,273106588.000000,0.000000
824000246.000000,3289.000000,119.000000,276343.000000,57032.000000,273439963.000000,0.000000
825000086.000000,3295.000000,121.000000,276319.000000,56960.000000,273773242.000000,0.000000
826000310.000000,3279.000000,114.000000,276288.000000,57120.000000,274106650.000000,0.000000
827000150.000000,3274.000000,116.000000,276152.000000,57128.000000,274439930.000000,0.000000
828000475.000000,3287.000000,131.000000,276377.000000,57064.000000,274773371.000000,0.000000
829000315.000000,3307.000000,101.000000,276416.000000,56864.000000,275106651.000000,0.000000
830000154.000000,3281.000000,117.000000,276209.000000,57072.000000,275439932.000000,0.000000
831000091.000000,3262.000000,132.000000,276079.000000,57232.000000,275773243.000000,0.000000
832000118.000000,3279.000000,126.000000,276239.000000,57104.000000,276106586.000000,0.000000
833000251.000000,3267.000000,127.000000,276169.000000,57208.000000,276439963.000000,0.000000
834000283.000000,3304.000000,124.000000,276440.000000,56904.000000,276773307.000000,0.000000
835000603.000000,3261.000000,131.000000,276168.000000,57272.000000,277106747.000000,0.000000
836000150.000000,3260.000000,107.000000,275968.000000,57216.000000,277439931.000000,0.000000
837000475.000000,3297.000000,119.000000,276456.000000,56984.000000,277773371.000000,0.000000
838000122.000000,3276.000000,126.000000,276121.000000,57096.000000,278106588.000000,0.000000
839000059.000000,3299.000000,118.000000,276375.000000,56936.000000,278439899.000000,0.000000
840000475.000000,3293.000000,104.000000,276448.000000,57024.000000,278773371.000000,0.000000
841000507.000000,3297.000000,109.000000,276384.000000,56960.000000,279106715.000000,0.000000
842000150.000000,3266.000000,120.000000,276039.000000,57176.000000,279439930.000000,0.000000
843000283.000000,3294.000000,131.000000,276385.000000,56992.000000,279773307.000000,0.000000
844000603.000000,3280.000000,123.000000,276320.000000,57120.000000,280106747.000000,0.000000
845000539.000000,3294.000000,123.000000,276336.000000,56976.000000,280440059.000000,0.000000
846000182.000000,3309.000000,140.000000,276383.000000,56832.000000,280773274.000000,0.000000
847000315.000000,3255.000000,134.000000,276073.000000,57304.000000,281106651.000000,0.000000
848000347.000000,3266.000000,120.000000,276136.000000,57208.000000,281439995.000000,0.000000
849000086.000000,3299.000000,114.000000,276327.000000,56920.000000,281773242.000000,0.000000
850000219.000000,3268.000000,120.000000,276177.000000,57200.000000,282106619.000000,0.000000
851000347.000000,3308.000000,116.000000,276496.000000,56880.000000,282439995.000000,0.000000
852000763.000000,3303.000000,137.000000,276528.000000,56944.000000,282773467.000000,0.000000
853000310.000000,3276.000000,114.000000,276095.000000,57088.000000,283106650.000000,0.000000
854000539.000000,3291.000000,127.000000,276385.000000,57024.000000,283440059.000000,0.000000
855000379.000000,3284.000000,111.000000,276232.000000,57048.000000,283773339.000000,0.000000
856000315.000000,3281.000000,105.000000,276232.000000,57080.000000,284106651.000000,0.000000
857000155.000000,3286.000000,120.000000,276248.000000,57032.000000,284439931.000000,0.000000
858000374.000000,3276.000000,118.000000,276263.000000,57144.000000,284773338.000000,0.000000
859000411.000000,3293.000000,108.000000,276353.000000,56992.000000,285106683.000000,0.000000
860000150.000000,3323.000000,103.000000,276519.000000,56728.000000,285439930.000000,0.000000
861000278.000000,3275.000000,116.000000,276232.000000,57144.000000,285773306.000000,0.000000
862000310.000000,3300.000000,128.000000,276408.000000,56936.000000,286106650.000000,0.000000
863000059.000000,3272.000000,108.000000,276113.000000,57136.000000,286439899.000000,0.000000
864000187.000000,3292.000000,112.000000,276368.000000,57008.000000,286773275.000000,0.000000
865000118.000000,3306.000000,115.000000,276431.000000,56880.000000,287106586.000000,0.000000
866000155.000000,3289.000000,118.000000,276321.000000,57024.000000,287439931.000000,0.000000
867000086.000000,3265.000000,112.000000,276105.000000,57208.000000,287773244.000000,0.000000
868000027.000000,3312.000000,117.000000,276479.000000,56832.000000,288106555.000000,0.000000
869000154.000000,3280.000000,115.000000,276273.000000,57104.000000,288439932.000000,0.000000
870000187.000000,3311.000000,116.000000,276495.000000,56848.000000,288773275.000000,0.000000
871000315.000000,3295.000000,101.000000,276392.000000,56984.000000,289106651.000000,0.000000
872000307.000000,3414.000000,131.000000,259398.000000,65335.000000,289431384.000000,0.000000
873000784.000000,3214.000000,111.000000,245569.000000,65922.000000,289742875.000000,1.000000
874000576.000000,1432.000000,51.000000,238664.000000,25432.000000,290006971.000000,0.000000
875001852.000000,1422.000000,57.000000,238994.000000,25494.000000,290271459.000000,0.000000
876000584.000000,1440.000000,53.000000,238430.000000,25386.000000,290535275.000000,0.000000
877024004.000000,6292.000000,229.000000,269583.000000,113060.000000,290917918.000000,0.000000
878039812.000000,37.000000,0.000000,241905.000000,12050.000000,291171873.000000,8.000000
879162116.000000,43.000000,0.000000,267276.000000,13300.000000,291452449.000000,6.000000
880014084.000000,29.000000,0.000000,202879.000000,10113.000000,291665441.000000,3.000000
881029892.000000,36.000000,0.000000,241913.000000,12039.000000,291919393.000000,4.000000
882053892.000000,34.000000,0.000000,243867.000000,12133.000000,292175393.000000,4.000000
883028740.000000,31.000000,1.000000,232160.000000,11555.000000,292419108.000000,3.000000
884019972.000000,33.000000,0.000000,236052.000000,11756.000000,292666916.000000,5.000000
885027588.000000,37.000000,0.000000,239958.000000,11946.000000,292918820.000000,6.000000
886000450.000000,4559.000000,184.000000,87993.000000,58043.000000,293064856.000000,2.000000
887000110.000000,5392.000000,181.000000,65410.000000,67878.000000,293198144.000000,0.000000
888000033.000000,3536.000000,154.000000,248109.000000,58693.000000,293504946.000000,3.000000
889000257.000000,3279.000000,147.000000,276239.000000,57169.000000,293838354.000000,0.000000
890000097.000000,3303.000000,101.000000,276335.000000,56945.000000,294171634.000000,0.000000
891000124.000000,3275.000000,109.000000,276200.000000,57143.000000,294504977.000000,0.000000
892000353.000000,3295.000000,127.000000,276417.000000,56992.000000,294838386.000000,0.000000
893000289.000000,3284.000000,128.000000,276256.000000,57056.000000,295171698.000000,0.000000
894000321.000000,3283.000000,126.000000,276272.000000,57072.000000,295505042.000000,0.000000
895000257.000000,3271.000000,140.000000,276152.000000,57160.000000,295838354.000000,0.000000
896000284.000000,3269.000000,106.000000,276160.000000,57184.000000,296171698.000000,0.000000
897000225.000000,3299.000000,116.000000,276369.000000,56943.000000,296505010.000000,0.000000
898000545.000000,3296.000000,132.000000,276434.000000,57006.000000,296838450.000000,0.000000
899000385.000000,3283.000000,115.000000,276217.000000,57063.000000,297171730.000000,0.000000
900000316.000000,3288.000000,126.000000,276281.000000,57031.000000,297505042.000000,0.000000
901000065.000000,3247.000000,125.000000,275912.000000,57336.000000,297838290.000000,0.000000
902000097.000000,3283.000000,120.000000,276258.000000,57086.000000,298171634.000000,0.000000
903000609.000000,3305.000000,115.000000,276498.000000,57006.000000,298505138.000000,0.000000
904000833.000000,3303.000000,129.000000,276410.000000,56998.000000,298838546.000000,0.000000
905000577.000000,3318.000000,118.000000,276403.000000,56845.000000,299171794.000000,0.000000
906000316.000000,3309.000000,124.000000,276330.000000,56917.000000,299505041.000000,0.000000
907000156.000000,3311.000000,133.000000,276378.000000,56902.000000,299838321.000000,0.000000
908000097.000000,3310.000000,129.000000,276395.000000,56918.000000,300171634.000000,0.000000
909000225.000000,3307.000000,116.000000,276418.000000,56958.000000,300505010.000000,0.000000
910000064.000000,3316.000000,142.000000,276419.000000,56862.000000,300838291.000000,0.000000
911000097.000000,3307.000000,128.000000,276386.000000,56957.000000,301171634.000000,0.000000
912000033.000000,3309.000000,112.000000,276386.000000,56926.000000,301504946.000000,0.000000
913000449.000000,3311.000000,109.000000,276522.000000,56950.000000,301838418.000000,0.000000
914000577.000000,3269.000000,107.000000,276114.000000,57262.000000,302171794.000000,0.000000
915000224.000000,3301.000000,113.000000,276279.000000,56938.000000,302505011.000000,0.000000
916000060.000000,3293.000000,121.000000,276302.000000,56976.000000,302838289.000000,0.000000
917000284.000000,3297.000000,126.000000,276432.000000,56976.000000,303171697.000000,0.000000
918000321.000000,3302.000000,118.000000,276425.000000,56920.000000,303505042.000000,0.000000
919000060.000000,3302.000000,116.000000,276353.000000,56896.000000,303838291.000000,0.000000
920000092.000000,3290.000000,128.000000,276328.000000,57016.000000,304171635.000000,0.000000
921000609.000000,3273.000000,126.000000,276311.000000,57192.000000,304505138.000000,0.000000
922000064.000000,3278.000000,117.000000,276089.000000,57064.000000,304838291.000000,0.000000
923000572.000000,3308.000000,94.000000,276590.000000,56912.000000,305171793.000000,0.000000
924000320.000000,3277.000000,108.000000,276126.000000,57124.000000,305505043.000000,0.000000
925000833.000000,3309.000000,129.000000,276557.000000,56946.000000,305838546.000000,0.000000
926000288.000000,3306.000000,118.000000,276257.000000,56896.000000,306171699.000000,0.000000
927000220.000000,3302.000000,124.000000,276328.000000,56982.000000,306505009.000000,0.000000
928000353.000000,3287.000000,108.000000,276252.000000,57125.000000,306838386.000000,0.000000
929000193.000000,3300.000000,111.000000,276283.000000,56997.000000,307171666.000000,0.000000
930000417.000000,3308.000000,117.000000,276450.000000,56958.000000,307505074.000000,0.000000
931000353.000000,3303.000000,108.000000,276338.000000,56974.000000,307838386.000000,0.000000
932000284.000000,3292.000000,132.000000,276312.000000,56999.000000,308171697.000000,0.000000
933000033.000000,3299.000000,121.000000,276322.000000,56927.000000,308504946.000000,0.000000
934000257.000000,3306.000000,106.000000,276504.000000,56904.000000,308838354.000000,0.000000
935000288.000000,3299.000000,121.000000,276401.000000,56944.000000,309171699.000000,0.000000
936000225.000000,3282.000000,135.000000,276239.000000,57072.000000,309505010.000000,0.000000
937000348.000000,3289.000000,101.000000,276343.000000,57032.000000,309838385.000000,0.000000
938000721.000000,3357.000000,124.000000,260346.000000,65006.000000,310163737.000000,0.000000
939000049.000000,3469.000000,120.000000,246213.000000,71756.000000,310481706.000000,0.000000
940000081.000000,3470.000000,115.000000,245682.000000,72509.000000,310799897.000000,0.000000
941000338.000000,2157.000000,87.000000,241226.000000,41844.000000,311082967.000000,2.000000
942000130.000000,1445.000000,51.000000,238690.000000,25406.000000,311347063.000000,0.000000
943000558.000000,1440.000000,48.000000,238830.000000,25434.000000,311611327.000000,0.000000
944000350.000000,1444.000000,41.000000,238688.000000,25408.000000,311875423.000000,0.000000
945000354.000000,1442.000000,45.000000,238734.000000,25418.000000,312139575.000000,0.000000
946000358.000000,1432.000000,60.000000,238714.000000,25438.000000,312403727.000000,0.000000
947000150.000000,1443.000000,61.000000,238686.000000,25410.000000,312667823.000000,0.000000
948000029.000000,10096.000000,351.000000,263792.000000,166408.000000,313098023.000000,0.000000
949048525.000000,1160.000000,52.000000,252657.000000,30072.000000,313380752.000000,4.000000
950031565.000000,37.000000,2.000000,234121.000000,11639.000000,313626512.000000,4.000000
951022797.000000,29.000000,0.000000,236043.000000,11765.000000,313874320.000000,1.000000
952014029.000000,38.000000,0.000000,236067.000000,11744.000000,314122131.000000,5.000000
953005261.000000,35.000000,0.000000,236078.000000,11730.000000,314369939.000000,1.000000
954021069.000000,41.000000,0.000000,241922.000000,12030.000000,314623891.000000,4.000000
955020493.000000,31.000000,0.000000,238018.000000,11838.000000,314873747.000000,2.000000
956036301.000000,35.000000,0.000000,241907.000000,12049.000000,315127703.000000,4.000000
957019341.000000,37.000000,0.000000,234122.000000,11638.000000,315373463.000000,2.000000
958002381.000000,34.000000,0.000000,234118.000000,11642.000000,315619223.000000,4.000000
959026381.000000,38.000000,1.000000,243845.000000,12155.000000,315875223.000000,5.000000
960042189.000000,36.000000,0.000000,241918.000000,12034.000000,316129175.000000,6.000000
961000653.000000,39.000000,1.000000,228276.000000,11343.000000,316368794.000000,5.000000
962016461.000000,40.000000,1.000000,241897.000000,12055.000000,316622746.000000,4.000000
963032269.000000,39.000000,0.000000,241918.000000,12034.000000,316876698.000000,6.000000
964015309.000000,39.000000,1.000000,234128.000000,11632.000000,317122458.000000,4.000000
965000300.000000,766.000000,30.000000,210280.000000,19649.000000,317352387.000000,3.000000
966000200.000000,5251.000000,176.000000,64836.000000,68484.000000,317485707.000000,0.000000
967000160.000000,5250.000000,211.000000,64832.000000,68496.000000,317619035.000000,0.000000
968000060.000000,5240.000000,187.000000,64770.000000,68550.000000,317752355.000000,0.000000
969000062.000000,4857.000000,177.000000,108916.000000,66070.000000,317927341.000000,4.000000
970000190.000000,3288.000000,138.000000,276329.000000,57047.000000,318260717.000000,0.000000
971000222.000000,3258.000000,131.000000,276073.000000,57272.000000,318594062.000000,0.000000
972000062.000000,3263.000000,137.000000,276063.000000,57216.000000,318927341.000000,0.000000
973000190.000000,3287.000000,136.000000,276328.000000,57048.000000,319260717.000000,0.000000
974000030.000000,3270.000000,108.000000,276122.000000,57160.000000,319593999.000000,0.000000
975000163.000000,3280.000000,111.000000,276264.000000,57111.000000,319927374.000000,0.000000
976000094.000000,3310.000000,106.000000,276464.000000,56848.000000,320260686.000000,0.000000
977000222.000000,3279.000000,132.000000,276265.000000,57112.000000,320594063.000000,0.000000
978000259.000000,3287.000000,120.000000,276303.000000,57040.000000,320927406.000000,0.000000
979000579.000000,3291.000000,124.000000,276408.000000,57032.000000,321260846.000000,0.000000
980000611.000000,3286.000000,112.000000,276296.000000,57048.000000,321594190.000000,0.000000
981000067.000000,3283.000000,120.000000,276128.000000,57024.000000,321927342.000000,0.000000
982000291.000000,3279.000000,126.000000,276288.000000,57120.000000,322260750.000000,0.000000
983000030.000000,3268.000000,131.000000,276081.000000,57168.000000,322593999.000000,0.000000
984000158.000000,3270.000000,140.000000,276190.000000,57184.000000,322927373.000000,0.000000
985000099.000000,3272.000000,140.000000,276161.000000,57152.000000,323260686.000000,0.000000
986000034.000000,3310.000000,129.000000,276465.000000,56848.000000,323593999.000000,0.000000
987000451.000000,3310.000000,119.000000,276576.000000,56895.000000,323927470.000000,0.000000
988000291.000000,3306.000000,109.000000,276408.000000,56872.000000,324260750.000000,0.000000
989000131.000000,3268.000000,119.000000,276104.000000,57176.000000,324594030.000000,0.000000
990000062.000000,3296.000000,113.000000,276351.000000,56960.000000,324927341.000000,0.000000
991000190.000000,3302.000000,101.000000,276448.000000,56928.000000,325260717.000000,0.000000
992000131.000000,3278.000000,109.000000,276209.000000,57104.000000,325594030.000000,0.000000
993000259.000000,3294.000000,114.000000,276384.000000,56992.000000,325927406.000000,0.000000
994000286.000000,3257.000000,130.000000,276063.000000,57280.000000,326260749.000000,0.000000
995000222.000000,3289.000000,114.000000,276298.000000,57016.000000,326594063.000000,0.000000
996000254.000000,3289.000000,114.000000,276319.000000,57024.000000,326927406.000000,0.000000
997000099.000000,3288.000000,114.000000,276264.000000,57016.000000,327260686.000000,0.000000
998000034.000000,3309.000000,141.000000,276457.000000,56856.000000,327593999.000000,0.000000
999000163.000000,3285.000000,120.000000,276311.000000,57064.000000,327927374.000000,0.000000
