Instruction,pfIssued,pfInCache,overallMisses,overallHits,overallAccesses,unusedPrefetches
1001262.000000,605.000000,16.000000,364220.000000,5927.000000,370147.000000,3.000000
2001236.000000,634.000000,31.000000,363296.000000,5409.000000,738852.000000,1.000000
3004618.000000,618.000000,34.000000,364241.000000,5685.000000,1108778.000000,1.000000
4001131.000000,636.000000,21.000000,361965.000000,5405.000000,1476148.000000,3.000000
5002780.000000,627.000000,29.000000,363772.000000,5514.000000,1845434.000000,0.000000
6002799.000000,625.000000,20.000000,363128.000000,5586.000000,2214148.000000,0.000000
7001035.000000,634.000000,29.000000,363075.000000,5455.000000,2582678.000000,0.000000
8000207.000000,594.000000,20.000000,359026.000000,5277.000000,2946981.000000,0.000000
9003107.000000,618.000000,29.000000,359122.000000,5355.000000,3311458.000000,0.000000
10000334.000000,597.000000,17.000000,357125.000000,5251.000000,3673834.000000,0.000000
11015655.000000,336.000000,20.000000,360766.000000,2962.000000,4037562.000000,1.000000
12002046.000000,100.000000,9.000000,349023.000000,587.000000,4387172.000000,11.000000
13015271.000000,95.000000,6.000000,358952.000000,396.000000,4746520.000000,11.000000
14000633.000000,71.000000,8.000000,349062.000000,372.000000,5095954.000000,2.000000
15002903.000000,79.000000,8.000000,355384.000000,367.000000,5451705.000000,6.000000
16003948.000000,82.000000,11.000000,358910.000000,448.000000,5811063.000000,10.000000
17012483.000000,80.000000,8.000000,357248.000000,350.000000,6168661.000000,9.000000
18016119.000000,78.000000,9.000000,355616.000000,350.000000,6524627.000000,6.000000
19034180.000000,85.000000,10.000000,360690.000000,379.000000,6885696.000000,8.000000
20015296.000000,87.000000,8.000000,352189.000000,372.000000,7238257.000000,5.000000
21012801.000000,87.000000,10.000000,351890.000000,513.000000,7590660.000000,13.000000
22008727.000000,73.000000,9.000000,352076.000000,433.000000,7943169.000000,3.000000
23001241.000000,79.000000,13.000000,349796.000000,396.000000,8293361.000000,3.000000
24003140.000000,87.000000,17.000000,353104.000000,476.000000,8646941.000000,6.000000
25009195.000000,88.000000,15.000000,354305.000000,459.000000,9001705.000000,7.000000
26000689.000000,88.000000,4.000000,349292.000000,504.000000,9351501.000000,6.000000
27017053.000000,86.000000,12.000000,358189.000000,424.000000,9710114.000000,4.000000
28001087.000000,89.000000,9.000000,347220.000000,360.000000,10057694.000000,6.000000
29011600.000000,88.000000,13.000000,356581.000000,423.000000,10414698.000000,10.000000
30005306.000000,84.000000,7.000000,351264.000000,434.000000,10766396.000000,6.000000
31005002.000000,99.000000,5.000000,351164.000000,527.000000,11118087.000000,6.000000
32000984.000000,99.000000,7.000000,351796.000000,566.000000,11470449.000000,15.000000
33005464.000000,97.000000,8.000000,353978.000000,599.000000,11825026.000000,15.000000
34012467.000000,102.000000,1.000000,355916.000000,518.000000,12181460.000000,19.000000
35000100.000000,90.000000,3.000000,349989.000000,346.000000,12531795.000000,11.000000
36004128.000000,70.000000,6.000000,355291.000000,342.000000,12887428.000000,5.000000
37003230.000000,80.000000,8.000000,354746.000000,382.000000,13242556.000000,8.000000
38002331.000000,84.000000,10.000000,352152.000000,394.000000,13595102.000000,5.000000
39011273.000000,76.000000,6.000000,357297.000000,371.000000,13952770.000000,6.000000
40022187.000000,72.000000,11.000000,358062.000000,349.000000,14311181.000000,5.000000
41004322.000000,70.000000,5.000000,348105.000000,362.000000,14659648.000000,5.000000
42007619.000000,75.000000,10.000000,349419.000000,358.000000,15009425.000000,8.000000
43014802.000000,83.000000,9.000000,356386.000000,412.000000,15366223.000000,7.000000
44007248.000000,81.000000,7.000000,351179.000000,470.000000,15717872.000000,8.000000
45010919.000000,84.000000,9.000000,355427.000000,477.000000,16073776.000000,10.000000
46010091.000000,88.000000,8.000000,352546.000000,446.000000,16426768.000000,14.000000
47010954.000000,88.000000,11.000000,352970.000000,463.000000,16780201.000000,12.000000
48011580.000000,86.000000,8.000000,354859.000000,514.000000,17135574.000000,8.000000
49013249.000000,88.000000,7.000000,356995.000000,433.000000,17493002.000000,16.000000
50009666.000000,86.000000,10.000000,353718.000000,426.000000,17847146.000000,5.000000
51003484.000000,94.000000,7.000000,353008.000000,454.000000,18200608.000000,11.000000
52016114.000000,84.000000,15.000000,359960.000000,442.000000,18561010.000000,5.000000
53003019.000000,90.000000,8.000000,349987.000000,496.000000,18911493.000000,7.000000
54013217.000000,86.000000,7.000000,358903.000000,477.000000,19270873.000000,12.000000
55021262.000000,93.000000,7.000000,358043.000000,403.000000,19629319.000000,8.000000
56006188.000000,82.000000,10.000000,350440.000000,494.000000,19980253.000000,13.000000
57005070.000000,85.000000,12.000000,355059.000000,443.000000,20335755.000000,6.000000
58008156.000000,110.000000,9.000000,350100.000000,558.000000,20686413.000000,11.000000
59004060.000000,99.000000,12.000000,349298.000000,519.000000,21036230.000000,21.000000
60004805.000000,106.000000,9.000000,353330.000000,574.000000,21390134.000000,18.000000
61005245.000000,100.000000,7.000000,351478.000000,518.000000,21742130.000000,17.000000
62001688.000000,112.000000,9.000000,350928.000000,555.000000,22093613.000000,18.000000
63009270.000000,91.000000,12.000000,351156.000000,573.000000,22445342.000000,19.000000
64007389.000000,90.000000,10.000000,351490.000000,487.000000,22797319.000000,8.000000
65012141.000000,95.000000,6.000000,355358.000000,489.000000,23153166.000000,14.000000
66007942.000000,95.000000,8.000000,351264.000000,499.000000,23504929.000000,17.000000
67000039.000000,106.000000,6.000000,352516.000000,448.000000,23857893.000000,15.000000
68006046.000000,97.000000,6.000000,356526.000000,519.000000,24214938.000000,20.000000
69001352.000000,91.000000,6.000000,352541.000000,413.000000,24567892.000000,11.000000
70007451.000000,77.000000,10.000000,356370.000000,347.000000,24924609.000000,8.000000
71016324.000000,76.000000,9.000000,357315.000000,362.000000,25282286.000000,6.000000
72023776.000000,79.000000,9.000000,360566.000000,337.000000,25643189.000000,8.000000
73000935.000000,89.000000,8.000000,347149.000000,423.000000,25990761.000000,6.000000
74013729.000000,75.000000,7.000000,358703.000000,372.000000,26349836.000000,10.000000
75004253.000000,76.000000,12.000000,350859.000000,349.000000,26701044.000000,5.000000
76012764.000000,82.000000,11.000000,359707.000000,341.000000,27061092.000000,6.000000
77016347.000000,86.000000,12.000000,357712.000000,452.000000,27419256.000000,7.000000
78026085.000000,78.000000,10.000000,358859.000000,477.000000,27778592.000000,12.000000
79003799.000000,78.000000,8.000000,347988.000000,421.000000,28127001.000000,8.000000
80020469.000000,89.000000,12.000000,360761.000000,472.000000,28488234.000000,5.000000
81006020.000000,81.000000,17.000000,350393.000000,444.000000,28839071.000000,6.000000
82007800.000000,86.000000,16.000000,355341.000000,500.000000,29194912.000000,3.000000
83010882.000000,91.000000,9.000000,356414.000000,450.000000,29551776.000000,9.000000
84015604.000000,82.000000,6.000000,357023.000000,402.000000,29909201.000000,8.000000
85001266.000000,93.000000,8.000000,349805.000000,396.000000,30259402.000000,12.000000
86001399.000000,87.000000,6.000000,356031.000000,417.000000,30615850.000000,4.000000
87001362.000000,105.000000,9.000000,354159.000000,579.000000,30970588.000000,7.000000
88027160.000000,109.000000,4.000000,360571.000000,587.000000,31331746.000000,24.000000
89007497.000000,84.000000,9.000000,345672.000000,393.000000,31677811.000000,17.000000
90002157.000000,78.000000,8.000000,347698.000000,354.000000,32025863.000000,4.000000
91004125.000000,90.000000,17.000000,353225.000000,499.000000,32379587.000000,10.000000
92015511.000000,87.000000,8.000000,353717.000000,419.000000,32733723.000000,5.000000
93003665.000000,87.000000,6.000000,347979.000000,450.000000,33082152.000000,5.000000
94006697.000000,90.000000,8.000000,354252.000000,405.000000,33436809.000000,8.000000
95005025.000000,84.000000,10.000000,350804.000000,378.000000,33787991.000000,9.000000
96005453.000000,80.000000,5.000000,351450.000000,476.000000,34139917.000000,7.000000
97014199.000000,93.000000,11.000000,353652.000000,525.000000,34494094.000000,9.000000
98003468.000000,104.000000,5.000000,347962.000000,504.000000,34842560.000000,16.000000
99019346.000000,101.000000,8.000000,356889.000000,538.000000,35199987.000000,16.000000
100000591.000000,100.000000,4.000000,347194.000000,562.000000,35547743.000000,16.000000
101008267.000000,112.000000,5.000000,356876.000000,503.000000,35905122.000000,18.000000
102001372.000000,110.000000,6.000000,349345.000000,488.000000,36254955.000000,21.000000
103008188.000000,96.000000,11.000000,348537.000000,499.000000,36603991.000000,20.000000
104004701.000000,91.000000,6.000000,350661.000000,474.000000,36955126.000000,13.000000
105009724.000000,108.000000,7.000000,354796.000000,616.000000,37310538.000000,22.000000
106004644.000000,99.000000,6.000000,350162.000000,577.000000,37661277.000000,19.000000
107003194.000000,101.000000,6.000000,350422.000000,515.000000,38012214.000000,9.000000
108013346.000000,89.000000,11.000000,354727.000000,466.000000,38367407.000000,23.000000
109006635.000000,91.000000,10.000000,349347.000000,565.000000,38717319.000000,10.000000
110003354.000000,92.000000,8.000000,349482.000000,474.000000,39067275.000000,15.000000
111007557.000000,104.000000,5.000000,351433.000000,559.000000,39419267.000000,17.000000
112009186.000000,86.000000,9.000000,352284.000000,411.000000,39771962.000000,13.000000
113000441.000000,83.000000,5.000000,347672.000000,374.000000,40120008.000000,7.000000
114007990.000000,86.000000,9.000000,355061.000000,484.000000,40475553.000000,11.000000
115012342.000000,95.000000,9.000000,355621.000000,474.000000,40831648.000000,16.000000
116012781.000000,103.000000,7.000000,348548.000000,548.000000,41180744.000000,19.000000
117001210.000000,104.000000,8.000000,347809.000000,518.000000,41529071.000000,18.000000
118011129.000000,98.000000,13.000000,356226.000000,610.000000,41885907.000000,20.000000
119006447.000000,100.000000,1.000000,351217.000000,582.000000,42237706.000000,12.000000
120001378.000000,96.000000,7.000000,350567.000000,633.000000,42588906.000000,22.000000
121000557.000000,117.000000,11.000000,350147.000000,648.000000,42939701.000000,23.000000
122016314.000000,101.000000,5.000000,355344.000000,474.000000,43295519.000000,21.000000
123000888.000000,76.000000,7.000000,346937.000000,401.000000,43642857.000000,9.000000
124024033.000000,77.000000,8.000000,358102.000000,477.000000,44001436.000000,6.000000
125001309.000000,75.000000,7.000000,342313.000000,421.000000,44344170.000000,7.000000
126002382.000000,94.000000,10.000000,352293.000000,405.000000,44696868.000000,5.000000
127006666.000000,96.000000,10.000000,352721.000000,580.000000,45050169.000000,11.000000
128004212.000000,91.000000,5.000000,349808.000000,452.000000,45400429.000000,14.000000
129008802.000000,78.000000,9.000000,350350.000000,395.000000,45751174.000000,9.000000
130004352.000000,83.000000,10.000000,348434.000000,443.000000,46100051.000000,11.000000
131001624.000000,90.000000,6.000000,352781.000000,528.000000,46453360.000000,9.000000
132003744.000000,95.000000,5.000000,348832.000000,542.000000,46802734.000000,8.000000
133004462.000000,93.000000,10.000000,352510.000000,492.000000,47155736.000000,16.000000
134015880.000000,102.000000,7.000000,357798.000000,430.000000,47513964.000000,10.000000
135013632.000000,89.000000,8.000000,352822.000000,549.000000,47867335.000000,16.000000
136003646.000000,101.000000,5.000000,344323.000000,498.000000,48212156.000000,15.000000
137013009.000000,81.000000,13.000000,353429.000000,426.000000,48566011.000000,18.000000
138008723.000000,79.000000,10.000000,350503.000000,426.000000,48916940.000000,6.000000
139005642.000000,78.000000,9.000000,348960.000000,395.000000,49266295.000000,5.000000
140014297.000000,76.000000,12.000000,356454.000000,382.000000,49623131.000000,4.000000
141006714.000000,83.000000,11.000000,343984.000000,386.000000,49967501.000000,8.000000
142004951.000000,84.000000,18.000000,351066.000000,413.000000,50318980.000000,11.000000
143007716.000000,94.000000,15.000000,351991.000000,580.000000,50671551.000000,13.000000
144007060.000000,94.000000,6.000000,352322.000000,515.000000,51024388.000000,14.000000
145000273.000000,95.000000,7.000000,350027.000000,524.000000,51374939.000000,13.000000
146010665.000000,85.000000,8.000000,355011.000000,454.000000,51730404.000000,10.000000
147010504.000000,91.000000,8.000000,349494.000000,500.000000,52080398.000000,15.000000
148012556.000000,88.000000,6.000000,349821.000000,389.000000,52430608.000000,8.000000
149011754.000000,79.000000,16.000000,349301.000000,451.000000,52780360.000000,5.000000
150000287.000000,73.000000,9.000000,346909.000000,419.000000,53127688.000000,7.000000
151028629.000000,85.000000,8.000000,361364.000000,410.000000,53489462.000000,7.000000
152013114.000000,91.000000,5.000000,348295.000000,500.000000,53838257.000000,10.000000
153020132.000000,93.000000,11.000000,355211.000000,520.000000,54193988.000000,8.000000
154010725.000000,93.000000,8.000000,350006.000000,463.000000,54544457.000000,15.000000
155003865.000000,104.000000,10.000000,348586.000000,533.000000,54893576.000000,15.000000
156005608.000000,107.000000,3.000000,354005.000000,462.000000,55248043.000000,18.000000
157021823.000000,91.000000,8.000000,355845.000000,490.000000,55604378.000000,16.000000
158001179.000000,114.000000,13.000000,343647.000000,731.000000,55948756.000000,21.000000
159002652.000000,114.000000,4.000000,352338.000000,643.000000,56301737.000000,29.000000
160006763.000000,89.000000,9.000000,352216.000000,460.000000,56654413.000000,20.000000
161008209.000000,92.000000,12.000000,352955.000000,503.000000,57007871.000000,13.000000
162010080.000000,92.000000,9.000000,351981.000000,404.000000,57360256.000000,12.000000
163003896.000000,75.000000,5.000000,344844.000000,387.000000,57705487.000000,7.000000
164001315.000000,73.000000,9.000000,342072.000000,406.000000,58047965.000000,5.000000
165007258.000000,80.000000,8.000000,347764.000000,427.000000,58396156.000000,6.000000
166007518.000000,85.000000,6.000000,350821.000000,443.000000,58747420.000000,14.000000
167020881.000000,87.000000,18.000000,352357.000000,488.000000,59100265.000000,14.000000
168009044.000000,73.000000,15.000000,344151.000000,378.000000,59444794.000000,8.000000
169018968.000000,73.000000,15.000000,353074.000000,412.000000,59798280.000000,3.000000
170015942.000000,74.000000,16.000000,340777.000000,348.000000,60139405.000000,2.000000
171008147.000000,86.000000,14.000000,346599.000000,435.000000,60486439.000000,4.000000
172008910.000000,83.000000,8.000000,351392.000000,460.000000,60838291.000000,17.000000
173011502.000000,84.000000,9.000000,353766.000000,369.000000,61192426.000000,12.000000
174000666.000000,83.000000,9.000000,344367.000000,422.000000,61537215.000000,7.000000
175002775.000000,96.000000,12.000000,352784.000000,449.000000,61890448.000000,14.000000
176006541.000000,109.000000,6.000000,354151.000000,526.000000,62245125.000000,20.000000
177020493.000000,96.000000,9.000000,355406.000000,522.000000,62601053.000000,26.000000
178022756.000000,83.000000,6.000000,349999.000000,463.000000,62951515.000000,11.000000
179004606.000000,97.000000,9.000000,343725.000000,454.000000,63295694.000000,8.000000
180027151.000000,87.000000,8.000000,356784.000000,392.000000,63652870.000000,13.000000
181003547.000000,89.000000,12.000000,342675.000000,373.000000,63995918.000000,10.000000
182017109.000000,94.000000,10.000000,358906.000000,400.000000,64355224.000000,15.000000
183012025.000000,79.000000,16.000000,352517.000000,366.000000,64708107.000000,8.000000
184001321.000000,95.000000,9.000000,345771.000000,487.000000,65054365.000000,9.000000
185000018.000000,85.000000,7.000000,347452.000000,413.000000,65402230.000000,17.000000
186018450.000000,87.000000,5.000000,354633.000000,478.000000,65757341.000000,11.000000
187002147.000000,97.000000,17.000000,345523.000000,451.000000,66103315.000000,12.000000
188004946.000000,85.000000,13.000000,353448.000000,406.000000,66457169.000000,17.000000
189004623.000000,94.000000,5.000000,352028.000000,511.000000,66809708.000000,14.000000
190012344.000000,91.000000,3.000000,356408.000000,492.000000,67166608.000000,14.000000
191004294.000000,100.000000,3.000000,348040.000000,439.000000,67515087.000000,5.000000
192011582.000000,81.000000,8.000000,354459.000000,412.000000,67869958.000000,23.000000
193005624.000000,88.000000,11.000000,350143.000000,456.000000,68220557.000000,5.000000
194008056.000000,97.000000,8.000000,351743.000000,502.000000,68572802.000000,12.000000
195023970.000000,88.000000,12.000000,354603.000000,430.000000,68927835.000000,14.000000
196008264.000000,59.000000,16.000000,346202.000000,449.000000,69274486.000000,10.000000
197004039.000000,79.000000,6.000000,350103.000000,395.000000,69624984.000000,7.000000
198009417.000000,78.000000,8.000000,352572.000000,364.000000,69977920.000000,6.000000
199003071.000000,92.000000,9.000000,348089.000000,507.000000,70326516.000000,13.000000
200005888.000000,88.000000,8.000000,352738.000000,389.000000,70679643.000000,12.000000
201014397.000000,78.000000,6.000000,356572.000000,371.000000,71036586.000000,8.000000
202004279.000000,81.000000,7.000000,350022.000000,403.000000,71387011.000000,3.000000
203016120.000000,84.000000,8.000000,354992.000000,491.000000,71742494.000000,11.000000
204008259.000000,91.000000,10.000000,347298.000000,521.000000,72090313.000000,7.000000
205006110.000000,93.000000,4.000000,353480.000000,498.000000,72444291.000000,14.000000
206000006.000000,19387.000000,14.000000,277066.000000,53367.000000,72774724.000000,40.000000
207002143.000000,40087.000000,2040.000000,218476.000000,184180.000000,73177380.000000,204.000000
208000020.000000,7432.000000,378.000000,180863.000000,184228.000000,73542471.000000,6592.000000
209003025.000000,7259.000000,359.000000,186887.000000,183472.000000,73912830.000000,6398.000000
210000025.000000,10104.000000,478.000000,197033.000000,173498.000000,74283361.000000,4545.000000
211000145.000000,7101.000000,454.000000,191469.000000,183446.000000,74658276.000000,6293.000000
212000036.000000,10130.000000,521.000000,206784.000000,172344.000000,75037404.000000,4656.000000
213000747.000000,6853.000000,431.000000,207035.000000,181391.000000,75425830.000000,6029.000000
214000031.000000,6033.000000,496.000000,210865.000000,170148.000000,75806843.000000,5349.000000
215003315.000000,9181.000000,755.000000,228965.000000,163409.000000,76199217.000000,3781.000000
216001696.000000,6026.000000,627.000000,233501.000000,168355.000000,76601073.000000,5172.000000
217000091.000000,6304.000000,702.000000,229666.000000,172752.000000,77003491.000000,5494.000000
218000033.000000,9346.000000,837.000000,231276.000000,167026.000000,77401793.000000,4030.000000
219000007.000000,6170.000000,637.000000,229027.000000,175841.000000,77806661.000000,5307.000000
220000014.000000,8184.000000,882.000000,238919.000000,170555.000000,78216135.000000,4439.000000
221000054.000000,7072.000000,603.000000,243034.000000,170618.000000,78629787.000000,4708.000000
222000020.000000,6040.000000,644.000000,244875.000000,170344.000000,79045006.000000,5091.000000
223000002.000000,9329.000000,787.000000,240991.000000,170289.000000,79456286.000000,4085.000000
224003757.000000,6039.000000,708.000000,247546.000000,175711.000000,79879543.000000,5228.000000
225000611.000000,6040.000000,718.000000,248945.000000,177009.000000,80305497.000000,5161.000000
226004087.000000,9354.000000,837.000000,242489.000000,173727.000000,80721713.000000,4244.000000
227000221.000000,6240.000000,644.000000,250697.000000,175219.000000,81147629.000000,5363.000000
228000007.000000,6177.000000,577.000000,259010.000000,176505.000000,81583144.000000,5384.000000
229000007.000000,8974.000000,877.000000,248577.000000,171046.000000,82002767.000000,4066.000000
230000021.000000,5695.000000,772.000000,267292.000000,169281.000000,82439340.000000,4980.000000
231000090.000000,5978.000000,816.000000,261386.000000,170685.000000,82871411.000000,5243.000000
232000173.000000,9051.000000,908.000000,247093.000000,170726.000000,83289230.000000,4146.000000
233000099.000000,6249.000000,991.000000,260891.000000,171950.000000,83722071.000000,5431.000000
234001642.000000,5760.000000,785.000000,263386.000000,169281.000000,84154738.000000,5001.000000
235000208.000000,8961.000000,987.000000,252345.000000,170887.000000,84577970.000000,4070.000000
236000154.000000,5915.000000,797.000000,262628.000000,171446.000000,85012044.000000,5242.000000
237000308.000000,5831.000000,528.000000,261424.000000,171274.000000,85444742.000000,5098.000000
238003052.000000,8800.000000,815.000000,249676.000000,172843.000000,85867261.000000,3983.000000
239000033.000000,5658.000000,831.000000,258198.000000,173759.000000,86299218.000000,4850.000000
240000036.000000,7091.000000,858.000000,256427.000000,172585.000000,86728230.000000,4846.000000
241000112.000000,7951.000000,690.000000,256380.000000,167203.000000,87151813.000000,4411.000000
242000202.000000,5910.000000,608.000000,266551.000000,170247.000000,87588611.000000,5094.000000
243000003.000000,8886.000000,919.000000,253262.000000,171505.000000,88013378.000000,4539.000000
244000450.000000,6358.000000,788.000000,261033.000000,174862.000000,88449273.000000,4959.000000
245000012.000000,6202.000000,812.000000,260593.000000,175581.000000,88885447.000000,5307.000000
246002141.000000,9271.000000,990.000000,248233.000000,176605.000000,89310285.000000,4598.000000
247000189.000000,6002.000000,668.000000,268551.000000,173640.000000,89752476.000000,5170.000000
248000323.000000,6002.000000,683.000000,268044.000000,175965.000000,90196485.000000,5183.000000
249000020.000000,8924.000000,1118.000000,262061.000000,174480.000000,90633026.000000,4405.000000
250000115.000000,6141.000000,905.000000,270119.000000,174584.000000,91077729.000000,5339.000000
251000143.000000,5865.000000,738.000000,280723.000000,170166.000000,91528618.000000,5147.000000
252000088.000000,8954.000000,993.000000,261661.000000,175238.000000,91965517.000000,4573.000000
253000159.000000,6120.000000,1023.000000,275807.000000,172717.000000,92414041.000000,5231.000000
254000050.000000,6386.000000,1096.000000,272710.000000,175406.000000,92862157.000000,5494.000000
255000403.000000,9082.000000,1308.000000,256978.000000,178458.000000,93297593.000000,4713.000000
256000014.000000,6119.000000,944.000000,271212.000000,174867.000000,93743672.000000,5263.000000
257000333.000000,6277.000000,980.000000,277858.000000,174801.000000,94196331.000000,5350.000000
258000013.000000,9205.000000,1289.000000,259784.000000,178861.000000,94634976.000000,4853.000000
259000103.000000,6026.000000,1050.000000,278135.000000,176043.000000,95089154.000000,5122.000000
260002996.000000,6242.000000,1124.000000,282612.000000,176810.000000,95548576.000000,5346.000000
261000126.000000,8750.000000,1316.000000,255863.000000,181270.000000,95985709.000000,4809.000000
262001211.000000,6394.000000,983.000000,277628.000000,176785.000000,96440122.000000,5193.000000
263000192.000000,6099.000000,1033.000000,288570.000000,171897.000000,96900589.000000,5240.000000
264000086.000000,7509.000000,1170.000000,274359.000000,172770.000000,97347718.000000,4796.000000
265000171.000000,7304.000000,1160.000000,277331.000000,179076.000000,97804125.000000,5080.000000
266000060.000000,6134.000000,1059.000000,279388.000000,176034.000000,98259547.000000,5264.000000
267000011.000000,6559.000000,981.000000,281781.000000,175400.000000,98716728.000000,5303.000000
268000472.000000,8471.000000,1212.000000,271146.000000,176565.000000,99164439.000000,4884.000000
269000453.000000,6138.000000,1072.000000,286678.000000,173161.000000,99624278.000000,5227.000000
270000148.000000,5947.000000,1030.000000,293501.000000,171103.000000,100088882.000000,5068.000000
271000016.000000,8628.000000,1301.000000,263518.000000,180488.000000,100532888.000000,4806.000000
272000023.000000,6108.000000,928.000000,285833.000000,173220.000000,100991941.000000,5250.000000
273000826.000000,5978.000000,1074.000000,295808.000000,168921.000000,101456670.000000,5043.000000
274004785.000000,8853.000000,1406.000000,264444.000000,183324.000000,101904438.000000,5091.000000
275000016.000000,5945.000000,1112.000000,288037.000000,173134.000000,102365609.000000,5003.000000
276000185.000000,5843.000000,1028.000000,292404.000000,172400.000000,102830413.000000,5010.000000
277000227.000000,8480.000000,1378.000000,262991.000000,182828.000000,103276232.000000,4848.000000
278002771.000000,5898.000000,1012.000000,294921.000000,170270.000000,103741423.000000,4986.000000
279004976.000000,5802.000000,1012.000000,297507.000000,169397.000000,104208327.000000,5002.000000
280000372.000000,8497.000000,1375.000000,263849.000000,181815.000000,104653991.000000,4993.000000
281000003.000000,6048.000000,1025.000000,296224.000000,171265.000000,105121480.000000,5106.000000
282000053.000000,5990.000000,1051.000000,292165.000000,170862.000000,105584507.000000,5106.000000
283000060.000000,8486.000000,1320.000000,269837.000000,181469.000000,106035813.000000,5301.000000
284000079.000000,5947.000000,1161.000000,295543.000000,169866.000000,106501222.000000,4884.000000
285000570.000000,6105.000000,1171.000000,289398.000000,177983.000000,106968603.000000,5165.000000
286000007.000000,6955.000000,1194.000000,285000.000000,172578.000000,107426181.000000,4796.000000
287000003.000000,7178.000000,1369.000000,278455.000000,181059.000000,107885695.000000,5264.000000
288002262.000000,6004.000000,1039.000000,292375.000000,173791.000000,108351861.000000,5158.000000
289000146.000000,5876.000000,1145.000000,296966.000000,167318.000000,108816145.000000,4972.000000
290001242.000000,8343.000000,1392.000000,269004.000000,181923.000000,109267072.000000,5138.000000
291000031.000000,5847.000000,1111.000000,293565.000000,170427.000000,109731064.000000,5024.000000
292000697.000000,5976.000000,1100.000000,295348.000000,172476.000000,110198888.000000,5135.000000
293000099.000000,8561.000000,1416.000000,259018.000000,190405.000000,110648311.000000,5348.000000
294001320.000000,6223.000000,1074.000000,293767.000000,172985.000000,111115063.000000,5199.000000
295000073.000000,5898.000000,1124.000000,293333.000000,173192.000000,111581588.000000,5009.000000
296000523.000000,8281.000000,1343.000000,267885.000000,184445.000000,112033918.000000,5226.000000
297005128.000000,6050.000000,1136.000000,297199.000000,173851.000000,112504968.000000,5142.000000
298000143.000000,5861.000000,1039.000000,282032.000000,173762.000000,112960762.000000,5216.000000
299000018.000000,7894.000000,1209.000000,262185.000000,182662.000000,113405609.000000,5059.000000
300003530.000000,5933.000000,1058.000000,293443.000000,172281.000000,113871333.000000,5181.000000
301000017.000000,6029.000000,886.000000,290019.000000,172403.000000,114333755.000000,5296.000000
302000438.000000,7940.000000,1332.000000,266722.000000,186671.000000,114787148.000000,5060.000000
303000156.000000,5800.000000,1075.000000,291984.000000,173722.000000,115252854.000000,5050.000000
304004218.000000,5819.000000,801.000000,287547.000000,175037.000000,115715438.000000,5127.000000
305003211.000000,7910.000000,1319.000000,268321.000000,185728.000000,116169487.000000,5074.000000
306000156.000000,5915.000000,990.000000,294798.000000,172106.000000,116636391.000000,5201.000000
307000301.000000,6192.000000,1079.000000,292132.000000,175713.000000,117104236.000000,5367.000000
308000032.000000,7870.000000,1279.000000,276293.000000,184552.000000,117565081.000000,5305.000000
309000154.000000,6188.000000,958.000000,285848.000000,180161.000000,118031090.000000,5207.000000
310000778.000000,5678.000000,867.000000,300436.000000,170812.000000,118502338.000000,5002.000000
311000092.000000,5636.000000,873.000000,303493.000000,169178.000000,118975009.000000,4941.000000
312000154.000000,7771.000000,1229.000000,274598.000000,183402.000000,119433009.000000,5051.000000
313001419.000000,5642.000000,1083.000000,304104.000000,169819.000000,119906932.000000,4894.000000
314000010.000000,5799.000000,1097.000000,295315.000000,169617.000000,120371864.000000,5104.000000
315002530.000000,8132.000000,1486.000000,268859.000000,187154.000000,120827877.000000,5318.000000
316000050.000000,5772.000000,1018.000000,297343.000000,173130.000000,121298350.000000,5008.000000
317002274.000000,5996.000000,1059.000000,297048.000000,173032.000000,121768430.000000,5208.000000
318000071.000000,7947.000000,1384.000000,266550.000000,188397.000000,122223377.000000,5103.000000
319000003.000000,5753.000000,1014.000000,298290.000000,174667.000000,122696334.000000,4967.000000
320000021.000000,5791.000000,986.000000,295756.000000,175529.000000,123167619.000000,5045.000000
321002245.000000,7816.000000,1245.000000,275173.000000,186738.000000,123629530.000000,5067.000000
322000703.000000,5745.000000,974.000000,296243.000000,170200.000000,124095973.000000,4972.000000
323003600.000000,6056.000000,933.000000,301061.000000,172285.000000,124569319.000000,5199.000000
324000329.000000,7666.000000,1243.000000,277492.000000,181113.000000,125027924.000000,5094.000000
325000144.000000,6091.000000,1061.000000,291605.000000,174995.000000,125494524.000000,5010.000000
326003827.000000,5704.000000,887.000000,298771.000000,170363.000000,125963658.000000,5007.000000
327000010.000000,6282.000000,1018.000000,296705.000000,172797.000000,126433160.000000,4986.000000
328002864.000000,7513.000000,1272.000000,282021.000000,184020.000000,126899201.000000,5255.000000
329000320.000000,5844.000000,1010.000000,302851.000000,170617.000000,127372669.000000,4960.000000
330003651.000000,5936.000000,921.000000,307700.000000,171799.000000,127852168.000000,5070.000000
331000161.000000,7787.000000,1339.000000,271082.000000,189191.000000,128312441.000000,5228.000000
332000632.000000,6237.000000,1018.000000,301760.000000,176263.000000,128790464.000000,5278.000000
333000157.000000,6247.000000,874.000000,306438.000000,174352.000000,129271254.000000,5227.000000
334004945.000000,7712.000000,1349.000000,281372.000000,189227.000000,129741853.000000,5325.000000
335000225.000000,5788.000000,1068.000000,309912.000000,170268.000000,130222033.000000,4931.000000
336000069.000000,5852.000000,946.000000,308855.000000,170623.000000,130701511.000000,5063.000000
337000066.000000,7634.000000,1303.000000,278758.000000,186425.000000,131166694.000000,5420.000000
338000092.000000,5847.000000,965.000000,315087.000000,168918.000000,131650699.000000,4971.000000
339000413.000000,5745.000000,909.000000,317564.000000,165897.000000,132134160.000000,4973.000000
340000946.000000,7326.000000,1409.000000,279819.000000,179976.000000,132593955.000000,5237.000000
341000074.000000,5573.000000,1108.000000,318683.000000,163996.000000,133076634.000000,4850.000000
342000061.000000,5610.000000,978.000000,313452.000000,167520.000000,133557606.000000,4873.000000
343000016.000000,6643.000000,1033.000000,303887.000000,171505.000000,134032998.000000,4936.000000
344001583.000000,6306.000000,1263.000000,299602.000000,175107.000000,134507707.000000,5200.000000
345002392.000000,5559.000000,879.000000,319513.000000,164108.000000,134991328.000000,4772.000000
346004894.000000,5505.000000,996.000000,318462.000000,167256.000000,135477046.000000,4830.000000
347000045.000000,7213.000000,1318.000000,284479.000000,182764.000000,135944289.000000,5139.000000
348000045.000000,5666.000000,923.000000,314944.000000,167028.000000,136426261.000000,4871.000000
349003461.000000,5358.000000,858.000000,321961.000000,162343.000000,136910565.000000,4747.000000
350000041.000000,7276.000000,1322.000000,279313.000000,181291.000000,137371169.000000,5397.000000
351000588.000000,5334.000000,918.000000,316851.000000,160817.000000,137848837.000000,4670.000000
352000018.000000,5453.000000,875.000000,316967.000000,164765.000000,138330569.000000,4778.000000
353000128.000000,6979.000000,1254.000000,289380.000000,182618.000000,138802567.000000,5296.000000
354000011.000000,5747.000000,931.000000,309425.000000,169523.000000,139281515.000000,4819.000000
355000116.000000,5325.000000,821.000000,314041.000000,159442.000000,139754998.000000,4650.000000
356000018.000000,5536.000000,917.000000,318987.000000,164194.000000,140238179.000000,4742.000000
357000022.000000,7091.000000,1500.000000,287587.000000,182702.000000,140708468.000000,5228.000000
358001975.000000,5691.000000,1190.000000,317074.000000,168238.000000,141193780.000000,4986.000000
359000070.000000,5715.000000,1298.000000,312260.000000,171812.000000,141677852.000000,5032.000000
360000195.000000,7341.000000,1410.000000,286452.000000,187534.000000,142151838.000000,5518.000000
361000546.000000,5492.000000,942.000000,323314.000000,160121.000000,142635273.000000,4782.000000
362002705.000000,5558.000000,983.000000,322313.000000,164665.000000,143122251.000000,4828.000000
363000677.000000,6751.000000,1384.000000,301143.000000,176550.000000,143599944.000000,5230.000000
364000023.000000,6030.000000,1140.000000,307602.000000,175795.000000,144083341.000000,5094.000000
365003212.000000,5373.000000,871.000000,318152.000000,166050.000000,144567543.000000,4712.000000
366000973.000000,5432.000000,848.000000,321953.000000,161686.000000,145051182.000000,4750.000000
367002878.000000,7287.000000,1373.000000,290846.000000,184345.000000,145526373.000000,5557.000000
368000550.000000,5374.000000,1004.000000,321475.000000,163844.000000,146011692.000000,4694.000000
369000039.000000,5521.000000,870.000000,321273.000000,168117.000000,146501082.000000,4827.000000
370000159.000000,7120.000000,1357.000000,285471.000000,190584.000000,146977137.000000,5364.000000
371000018.000000,5559.000000,942.000000,318557.000000,165142.000000,147460836.000000,4824.000000
372001390.000000,5720.000000,892.000000,324644.000000,163191.000000,147948671.000000,5014.000000
373000103.000000,6730.000000,1214.000000,296882.000000,174093.000000,148419646.000000,5262.000000
374000315.000000,5756.000000,1045.000000,299106.000000,168725.000000,148887477.000000,4834.000000
375005831.000000,5407.000000,808.000000,308952.000000,160608.000000,149357037.000000,4743.000000
376003925.000000,5350.000000,818.000000,309114.000000,163965.000000,149830116.000000,4698.000000
377002903.000000,7000.000000,1255.000000,279990.000000,182180.000000,150292286.000000,5407.000000
378000071.000000,5522.000000,757.000000,313254.000000,163115.000000,150768655.000000,4877.000000
379000416.000000,5137.000000,786.000000,332568.000000,158108.000000,151259331.000000,4558.000000
380005497.000000,6787.000000,1304.000000,298858.000000,179527.000000,151737716.000000,5278.000000
381002753.000000,5536.000000,927.000000,315073.000000,167585.000000,152220374.000000,4882.000000
382000078.000000,5517.000000,918.000000,311686.000000,167146.000000,152699206.000000,4800.000000
383000068.000000,6365.000000,1160.000000,297574.000000,175538.000000,153172318.000000,5355.000000
384003576.000000,6739.000000,1459.000000,306996.000000,174513.000000,153653827.000000,5383.000000
385006883.000000,6020.000000,1062.000000,317032.000000,166455.000000,154137314.000000,5219.000000
386002471.000000,5938.000000,1151.000000,314528.000000,167832.000000,154619674.000000,5108.000000
387003257.000000,7358.000000,1464.000000,285469.000000,193195.000000,155098338.000000,5687.000000
388000118.000000,5869.000000,967.000000,302742.000000,173184.000000,155574264.000000,5223.000000
389000003.000000,5753.000000,1115.000000,319826.000000,162777.000000,156056867.000000,5067.000000
390000043.000000,5635.000000,898.000000,312915.000000,163748.000000,156533530.000000,4997.000000
391000012.000000,6824.000000,1395.000000,294720.000000,182548.000000,157010798.000000,5245.000000
392000073.000000,5814.000000,1106.000000,324408.000000,166077.000000,157501283.000000,4995.000000
393000079.000000,5632.000000,1152.000000,327679.000000,165697.000000,157994659.000000,4873.000000
394002913.000000,6859.000000,1598.000000,290984.000000,190358.000000,158476001.000000,5417.000000
395000538.000000,5672.000000,891.000000,321737.000000,167581.000000,158965319.000000,4816.000000
396000242.000000,5882.000000,1082.000000,310311.000000,166629.000000,159442259.000000,5164.000000
397001434.000000,5613.000000,1203.000000,321365.000000,161159.000000,159924783.000000,4832.000000
398000161.000000,7182.000000,1682.000000,289294.000000,189340.000000,160403417.000000,5618.000000
399003013.000000,5671.000000,1282.000000,324920.000000,165246.000000,160893583.000000,4645.000000
400000007.000000,5810.000000,1233.000000,319798.000000,169991.000000,161383372.000000,4943.000000
401005793.000000,7268.000000,1560.000000,286464.000000,192941.000000,161862777.000000,5831.000000
402000633.000000,5328.000000,980.000000,320457.000000,160269.000000,162343503.000000,4695.000000
403000222.000000,5513.000000,1168.000000,327848.000000,161283.000000,162832634.000000,4725.000000
404000226.000000,6631.000000,1588.000000,297767.000000,188385.000000,163318786.000000,5497.000000
405000020.000000,5810.000000,1266.000000,315842.000000,173757.000000,163808385.000000,4742.000000
406000010.000000,5552.000000,1083.000000,326149.000000,165706.000000,164300240.000000,4705.000000
407000020.000000,5739.000000,1058.000000,325169.000000,167053.000000,164792462.000000,4930.000000
408000091.000000,6928.000000,1537.000000,294197.000000,184793.000000,165271452.000000,5558.000000
409000085.000000,5646.000000,1244.000000,321164.000000,163204.000000,165755820.000000,4888.000000
410002692.000000,5714.000000,1008.000000,318114.000000,165543.000000,166239477.000000,5038.000000
411000224.000000,6641.000000,1427.000000,296026.000000,186332.000000,166721835.000000,5400.000000
412000056.000000,5547.000000,945.000000,322882.000000,164978.000000,167209695.000000,4910.000000
413000329.000000,5901.000000,952.000000,322579.000000,167976.000000,167700250.000000,5147.000000
414000312.000000,5557.000000,814.000000,329940.000000,162769.000000,168192959.000000,4864.000000
415000208.000000,6539.000000,1562.000000,301758.000000,183638.000000,168678355.000000,5432.000000
416000155.000000,6070.000000,1245.000000,317328.000000,171842.000000,169167525.000000,5359.000000
417000286.000000,5318.000000,969.000000,335835.000000,162444.000000,169665804.000000,4739.000000
418000043.000000,6677.000000,1523.000000,295059.000000,183556.000000,170144419.000000,5657.000000
419005780.000000,6439.000000,1491.000000,315689.000000,173723.000000,170633831.000000,5381.000000
420002898.000000,5151.000000,1027.000000,336948.000000,154444.000000,171125223.000000,4500.000000
421000170.000000,5938.000000,1089.000000,313959.000000,167989.000000,171607171.000000,5203.000000
422002242.000000,6651.000000,1587.000000,306303.000000,181749.000000,172095223.000000,5463.000000
423003111.000000,5603.000000,1205.000000,317925.000000,166303.000000,172579451.000000,5000.000000
424000264.000000,5435.000000,1115.000000,326687.000000,165395.000000,173071533.000000,4775.000000
425000050.000000,5481.000000,1111.000000,332829.000000,162847.000000,173567209.000000,4728.000000
426000429.000000,6673.000000,1351.000000,287592.000000,188508.000000,174043309.000000,5500.000000
427000008.000000,5698.000000,1253.000000,322143.000000,161443.000000,174526895.000000,4852.000000
428000133.000000,5713.000000,1391.000000,329051.000000,163375.000000,175019321.000000,4888.000000
429000154.000000,6567.000000,1759.000000,304757.000000,185630.000000,175509708.000000,5723.000000
430001778.000000,6126.000000,1357.000000,319645.000000,171920.000000,176001273.000000,4897.000000
431003646.000000,5556.000000,1219.000000,332757.000000,161648.000000,176495678.000000,4701.000000
432004891.000000,5682.000000,997.000000,323246.000000,162493.000000,176981417.000000,4906.000000
433001049.000000,6621.000000,1570.000000,290267.000000,188022.000000,177459706.000000,5547.000000
434000168.000000,5611.000000,1357.000000,325137.000000,162677.000000,177947520.000000,4855.000000
435000023.000000,5812.000000,1250.000000,313198.000000,165902.000000,178426620.000000,5107.000000
436000051.000000,5287.000000,1074.000000,336789.000000,160042.000000,178923451.000000,4705.000000
437000315.000000,6322.000000,1512.000000,308563.000000,182907.000000,179414921.000000,5283.000000
438000087.000000,5615.000000,1063.000000,324592.000000,163945.000000,179903458.000000,4886.000000
439000249.000000,5662.000000,1484.000000,322897.000000,163949.000000,180390304.000000,4935.000000
440000103.000000,5798.000000,1383.000000,327847.000000,164141.000000,180882292.000000,5037.000000
441000154.000000,6813.000000,1526.000000,288780.000000,186240.000000,181357312.000000,5731.000000
442000067.000000,5408.000000,1367.000000,337743.000000,162123.000000,181857178.000000,4748.000000
443000026.000000,5713.000000,1452.000000,323887.000000,162113.000000,182343178.000000,4942.000000
444000062.000000,6586.000000,1799.000000,311360.000000,165506.000000,182820044.000000,5371.000000
445002415.000000,6748.000000,1941.000000,298069.000000,184879.000000,183302992.000000,5824.000000
446000174.000000,5933.000000,1636.000000,325162.000000,157465.000000,183785619.000000,5000.000000
447000085.000000,6102.000000,1733.000000,324290.000000,160518.000000,184270427.000000,5231.000000
448000232.000000,6889.000000,2105.000000,294992.000000,186783.000000,184752202.000000,5701.000000
449000060.000000,6108.000000,1676.000000,320876.000000,165177.000000,185238255.000000,5249.000000
450006419.000000,6265.000000,1802.000000,328465.000000,164827.000000,185731547.000000,5270.000000
451000043.000000,6392.000000,1679.000000,323554.000000,162713.000000,186217814.000000,5304.000000
452000095.000000,7091.000000,2013.000000,299597.000000,186001.000000,186703412.000000,5921.000000
453000083.000000,5987.000000,1888.000000,330181.000000,162002.000000,187195595.000000,4971.000000
454000015.000000,6269.000000,1802.000000,330401.000000,164279.000000,187690275.000000,5224.000000
455000688.000000,7009.000000,2207.000000,297806.000000,193258.000000,188181339.000000,5917.000000
456000002.000000,6272.000000,1820.000000,329114.000000,165080.000000,188675533.000000,5210.000000
457000075.000000,6308.000000,1686.000000,327309.000000,161258.000000,189164100.000000,5270.000000
458000001.000000,6087.000000,1680.000000,329815.000000,156423.000000,189650338.000000,5117.000000
459000121.000000,6666.000000,2134.000000,300176.000000,187653.000000,190138167.000000,5701.000000
460001102.000000,6234.000000,1773.000000,328204.000000,163455.000000,190629826.000000,5175.000000
461000064.000000,6078.000000,1691.000000,323550.000000,163902.000000,191117278.000000,5160.000000
462003726.000000,7074.000000,1877.000000,289257.000000,191407.000000,191597942.000000,6070.000000
463000049.000000,5644.000000,1006.000000,320746.000000,159248.000000,192077936.000000,4871.000000
464000048.000000,5207.000000,894.000000,332019.000000,153632.000000,192563587.000000,4596.000000
465000019.000000,5733.000000,936.000000,309331.000000,164973.000000,193037891.000000,5093.000000
466000028.000000,6519.000000,2010.000000,303945.000000,185372.000000,193527208.000000,5629.000000
467000111.000000,5786.000000,1470.000000,310494.000000,166613.000000,194004315.000000,5075.000000
468000262.000000,6066.000000,1062.000000,303672.000000,172533.000000,194480520.000000,5325.000000
469000136.000000,5251.000000,859.000000,343958.000000,156173.000000,194980651.000000,4616.000000
470000122.000000,6245.000000,1512.000000,308290.000000,181123.000000,195470064.000000,5530.000000
471000072.000000,5128.000000,1028.000000,344065.000000,151087.000000,195965216.000000,4458.000000
472000044.000000,5417.000000,1208.000000,338920.000000,159777.000000,196463913.000000,4741.000000
473000108.000000,5414.000000,1311.000000,333555.000000,161357.000000,196958825.000000,4694.000000
474000041.000000,6098.000000,1898.000000,306715.000000,184964.000000,197450504.000000,5426.000000
475000055.000000,5581.000000,1341.000000,339432.000000,160198.000000,197950134.000000,4896.000000
476000129.000000,5301.000000,1121.000000,338773.000000,155045.000000,198443952.000000,4659.000000
477000240.000000,5909.000000,1166.000000,309031.000000,167781.000000,198920764.000000,5233.000000
478000012.000000,5935.000000,1676.000000,312085.000000,178628.000000,199411477.000000,5211.000000
479000032.000000,5823.000000,1216.000000,320313.000000,165395.000000,199897185.000000,5135.000000
480001960.000000,5726.000000,1385.000000,334911.000000,162445.000000,200394541.000000,4982.000000
481000033.000000,6427.000000,1774.000000,309795.000000,188507.000000,200892843.000000,5681.000000
482000019.000000,5376.000000,1225.000000,336913.000000,156869.000000,201386625.000000,4692.000000
483000078.000000,5639.000000,1694.000000,338607.000000,159804.000000,201885036.000000,4991.000000
484000067.000000,5796.000000,1702.000000,322597.000000,166600.000000,202374233.000000,5134.000000
485000292.000000,6679.000000,2099.000000,295026.000000,191451.000000,202860710.000000,5901.000000
486000122.000000,5881.000000,1379.000000,312575.000000,170212.000000,203343497.000000,5244.000000
487002532.000000,5606.000000,1169.000000,322773.000000,166816.000000,203833086.000000,4913.000000
488000019.000000,5823.000000,1696.000000,334532.000000,162254.000000,204329872.000000,4937.000000
489000042.000000,6628.000000,2224.000000,305964.000000,185001.000000,204820837.000000,5805.000000
490000575.000000,5703.000000,1661.000000,331906.000000,163420.000000,205316163.000000,4923.000000
491000012.000000,5343.000000,1659.000000,339942.000000,158045.000000,205814150.000000,4580.000000
492000138.000000,5826.000000,1652.000000,326994.000000,166781.000000,206307925.000000,5138.000000
493000075.000000,6694.000000,1920.000000,303527.000000,192190.000000,206803642.000000,5974.000000
494000417.000000,5848.000000,1426.000000,321288.000000,170213.000000,207295143.000000,5063.000000
495002247.000000,5465.000000,934.000000,330440.000000,162298.000000,207787881.000000,4891.000000
496000068.000000,5525.000000,1483.000000,338300.000000,158670.000000,208284851.000000,4786.000000
497000007.000000,6675.000000,1678.000000,295828.000000,190981.000000,208771660.000000,5898.000000
498000723.000000,5141.000000,1505.000000,341926.000000,154588.000000,209268174.000000,4520.000000
499000090.000000,6520.000000,2021.000000,306813.000000,175649.000000,209750636.000000,5678.000000
500004370.000000,6081.000000,1710.000000,321988.000000,172663.000000,210245287.000000,5322.000000
501000128.000000,6995.000000,2083.000000,289230.000000,197707.000000,210732224.000000,6122.000000
502004943.000000,5692.000000,1904.000000,341223.000000,167154.000000,211240601.000000,4912.000000
503000034.000000,5913.000000,1459.000000,320423.000000,168172.000000,211729196.000000,5212.000000
504000194.000000,5473.000000,1192.000000,341517.000000,160339.000000,212231052.000000,4808.000000
505000043.000000,6276.000000,1644.000000,310725.000000,187758.000000,212729535.000000,5567.000000
506001370.000000,5648.000000,1408.000000,336602.000000,165681.000000,213231818.000000,4976.000000
507000066.000000,5664.000000,1849.000000,330667.000000,167253.000000,213729738.000000,5019.000000
508000368.000000,6099.000000,1633.000000,328193.000000,178419.000000,214236350.000000,5450.000000
509000719.000000,5683.000000,1574.000000,324035.000000,169812.000000,214730197.000000,4954.000000
510000024.000000,5602.000000,1314.000000,339647.000000,161634.000000,215231478.000000,4929.000000
511000071.000000,5861.000000,1746.000000,334850.000000,162833.000000,215729161.000000,5097.000000
512000250.000000,6409.000000,1765.000000,306105.000000,186016.000000,216221282.000000,5642.000000
513000056.000000,6227.000000,1993.000000,323084.000000,170343.000000,216714709.000000,5375.000000
514000103.000000,5961.000000,1695.000000,335736.000000,166324.000000,217216769.000000,5180.000000
515000140.000000,5561.000000,783.000000,327490.000000,163689.000000,217707948.000000,4928.000000
516000079.000000,6522.000000,1455.000000,296323.000000,190699.000000,218194970.000000,5781.000000
517000053.000000,5433.000000,1173.000000,343402.000000,158147.000000,218696519.000000,4735.000000
518000195.000000,5330.000000,1392.000000,340059.000000,159286.000000,219195864.000000,4712.000000
519000005.000000,6048.000000,1705.000000,325212.000000,178907.000000,219699983.000000,5383.000000
520000126.000000,5914.000000,1388.000000,329313.000000,176067.000000,220205363.000000,5283.000000
521000103.000000,5272.000000,1225.000000,341292.000000,160168.000000,220706823.000000,4642.000000
522000249.000000,5505.000000,1607.000000,335960.000000,162757.000000,221205540.000000,4835.000000
523000022.000000,6335.000000,1763.000000,309939.000000,187802.000000,221703281.000000,5673.000000
524000320.000000,5708.000000,1439.000000,326801.000000,163663.000000,222193745.000000,5063.000000
525000008.000000,6249.000000,1301.000000,307625.000000,171905.000000,222673275.000000,5537.000000
526002001.000000,5348.000000,1114.000000,340666.000000,164867.000000,223178808.000000,4726.000000
527000120.000000,6488.000000,1766.000000,295421.000000,191278.000000,223665507.000000,5803.000000
528002342.000000,5743.000000,1534.000000,328845.000000,165390.000000,224159742.000000,4982.000000
529000201.000000,5953.000000,1438.000000,316565.000000,169248.000000,224645555.000000,5255.000000
530000139.000000,5324.000000,1675.000000,344164.000000,158610.000000,225148329.000000,4670.000000
531000015.000000,6215.000000,1614.000000,316126.000000,186320.000000,225650775.000000,5519.000000
532000124.000000,5556.000000,1336.000000,338490.000000,164872.000000,226154137.000000,4881.000000
533000868.000000,5107.000000,904.000000,345841.000000,159499.000000,226659477.000000,4575.000000
534002166.000000,6440.000000,1392.000000,312627.000000,188126.000000,227160230.000000,5737.000000
535000082.000000,5434.000000,1156.000000,342242.000000,158569.000000,227661041.000000,4763.000000
536002777.000000,5744.000000,1017.000000,330477.000000,162291.000000,228153809.000000,5056.000000
537000007.000000,5559.000000,1172.000000,334305.000000,165879.000000,228653993.000000,4867.000000
538000064.000000,6186.000000,1405.000000,308387.000000,190841.000000,229153221.000000,5490.000000
539004741.000000,5831.000000,909.000000,323951.000000,171698.000000,229648870.000000,5128.000000
540000024.000000,5528.000000,1164.000000,338467.000000,162273.000000,230149610.000000,4874.000000
541000894.000000,6496.000000,1814.000000,308000.000000,187832.000000,230645442.000000,5753.000000
542000020.000000,5809.000000,1407.000000,339497.000000,163674.000000,231148613.000000,5077.000000
543004235.000000,5410.000000,1273.000000,345946.000000,161563.000000,231656122.000000,4769.000000
544000044.000000,5440.000000,1098.000000,337626.000000,162960.000000,232156708.000000,4803.000000
545001043.000000,6025.000000,1390.000000,317346.000000,182611.000000,232656665.000000,5364.000000
546005389.000000,5385.000000,1176.000000,344956.000000,159432.000000,233161053.000000,4827.000000
547000075.000000,5430.000000,1106.000000,345008.000000,161052.000000,233667113.000000,4823.000000
548002700.000000,6468.000000,2006.000000,313309.000000,188818.000000,234169240.000000,5768.000000
549000049.000000,5706.000000,1584.000000,336048.000000,165597.000000,234670885.000000,4959.000000
550000318.000000,5456.000000,1464.000000,336842.000000,164910.000000,235172637.000000,4876.000000
551000253.000000,5573.000000,1349.000000,340018.000000,164371.000000,235677026.000000,4944.000000
552000274.000000,6228.000000,1574.000000,317121.000000,185638.000000,236179785.000000,5585.000000
553003936.000000,5590.000000,1369.000000,341273.000000,164438.000000,236685496.000000,5000.000000
554000334.000000,6001.000000,1722.000000,333369.000000,170691.000000,237189556.000000,5333.000000
555000030.000000,6342.000000,1899.000000,310596.000000,190054.000000,237690206.000000,5635.000000
556000017.000000,5796.000000,1469.000000,337621.000000,168864.000000,238196691.000000,5126.000000
557000768.000000,5860.000000,1802.000000,335898.000000,171343.000000,238703932.000000,5139.000000
558000382.000000,6185.000000,2130.000000,338830.000000,170236.000000,239212998.000000,5347.000000
559000805.000000,6586.000000,2070.000000,315249.000000,190442.000000,239718689.000000,5849.000000
560000055.000000,5566.000000,1081.000000,333361.000000,163853.000000,240215903.000000,4936.000000
561000361.000000,5522.000000,948.000000,332729.000000,163293.000000,240711925.000000,4834.000000
562000033.000000,6561.000000,1401.000000,299632.000000,195237.000000,241206794.000000,5845.000000
563000059.000000,4978.000000,941.000000,344024.000000,156218.000000,241707036.000000,4418.000000
564001519.000000,5317.000000,869.000000,344487.000000,159687.000000,242211210.000000,4641.000000
565000352.000000,5770.000000,974.000000,333706.000000,170908.000000,242715824.000000,5104.000000
566001253.000000,5606.000000,1240.000000,329530.000000,175936.000000,243221290.000000,4993.000000
567000040.000000,5575.000000,1460.000000,337284.000000,167813.000000,243726387.000000,4998.000000
568000061.000000,5421.000000,1258.000000,342419.000000,163586.000000,244232392.000000,4804.000000
569001813.000000,6281.000000,1675.000000,319315.000000,187821.000000,244739528.000000,5524.000000
570003491.000000,5560.000000,1367.000000,346990.000000,162957.000000,245249475.000000,4878.000000
571000100.000000,5672.000000,1524.000000,336120.000000,164166.000000,245749761.000000,4962.000000
572003981.000000,6348.000000,1647.000000,319911.000000,187272.000000,246256944.000000,5642.000000
573004626.000000,5456.000000,1402.000000,342496.000000,164278.000000,246763718.000000,4807.000000
574000171.000000,5435.000000,1155.000000,339871.000000,167341.000000,247270930.000000,4784.000000
575000351.000000,5519.000000,1413.000000,342067.000000,161378.000000,247774375.000000,4855.000000
576003648.000000,6222.000000,1782.000000,317245.000000,184678.000000,248276298.000000,5571.000000
577002237.000000,5391.000000,1103.000000,344351.000000,161658.000000,248782307.000000,4792.000000
578000035.000000,5369.000000,1480.000000,342759.000000,162283.000000,249287349.000000,4745.000000
579000083.000000,6439.000000,1827.000000,318490.000000,189323.000000,249795162.000000,5714.000000
580000022.000000,5633.000000,1411.000000,342430.000000,165566.000000,250303158.000000,4960.000000
581000176.000000,5276.000000,1194.000000,346304.000000,161783.000000,250811245.000000,4608.000000
582000128.000000,5744.000000,1401.000000,341549.000000,166750.000000,251319544.000000,4987.000000
583000163.000000,6584.000000,1918.000000,315029.000000,193524.000000,251828097.000000,5795.000000
584000180.000000,5529.000000,1411.000000,344935.000000,168149.000000,252341181.000000,4883.000000
585000133.000000,5286.000000,1312.000000,343905.000000,166695.000000,252851781.000000,4696.000000
586000051.000000,6409.000000,1884.000000,315903.000000,193821.000000,253361505.000000,5651.000000
587002983.000000,5590.000000,1488.000000,343403.000000,166299.000000,253871207.000000,4909.000000
588000442.000000,5569.000000,1433.000000,339445.000000,165538.000000,254376190.000000,4893.000000
589003987.000000,6557.000000,1762.000000,317215.000000,190369.000000,254883774.000000,5798.000000
590000012.000000,5352.000000,1853.000000,338646.000000,160933.000000,255383353.000000,4650.000000
591000003.000000,5715.000000,1969.000000,332300.000000,165223.000000,255880876.000000,4941.000000
592000140.000000,5505.000000,1104.000000,342992.000000,163435.000000,256387303.000000,4838.000000
593000043.000000,6208.000000,1440.000000,318381.000000,184576.000000,256890260.000000,5535.000000
594001540.000000,5715.000000,1492.000000,341686.000000,164651.000000,257396597.000000,5009.000000
595002823.000000,5390.000000,1250.000000,343578.000000,165406.000000,257905581.000000,4741.000000
596005009.000000,6214.000000,1844.000000,315391.000000,187887.000000,258408859.000000,5499.000000
597000255.000000,5896.000000,2097.000000,327983.000000,167113.000000,258903955.000000,5079.000000
598005349.000000,6050.000000,1661.000000,344243.000000,170534.000000,259418732.000000,5278.000000
599004224.000000,5648.000000,1180.000000,342237.000000,163201.000000,259924170.000000,5035.000000
600005155.000000,6166.000000,1544.000000,318420.000000,186711.000000,260429301.000000,5521.000000
601001942.000000,5392.000000,1065.000000,342826.000000,167888.000000,260940015.000000,4753.000000
602000014.000000,5541.000000,1460.000000,340919.000000,167104.000000,261448038.000000,4901.000000
603000001.000000,6388.000000,1679.000000,316998.000000,191158.000000,261956194.000000,5767.000000
604000190.000000,5998.000000,1323.000000,340276.000000,169251.000000,262465721.000000,5229.000000
605000040.000000,5583.000000,1033.000000,343624.000000,164087.000000,262973432.000000,4907.000000
606000089.000000,6351.000000,1492.000000,320033.000000,187242.000000,263480707.000000,5620.000000
607000030.000000,5407.000000,1011.000000,340926.000000,168036.000000,263989669.000000,4782.000000
608001219.000000,5521.000000,1187.000000,343837.000000,165745.000000,264499251.000000,4894.000000
609000173.000000,5713.000000,1278.000000,341553.000000,166709.000000,265007513.000000,4937.000000
610000256.000000,6798.000000,1508.000000,299226.000000,194938.000000,265501677.000000,6079.000000
611000774.000000,5325.000000,1123.000000,340819.000000,160363.000000,266002859.000000,4692.000000
612000467.000000,5648.000000,1118.000000,340096.000000,169500.000000,266512455.000000,4984.000000
613000016.000000,6108.000000,1568.000000,313600.000000,188175.000000,267014230.000000,5470.000000
614000385.000000,5855.000000,884.000000,329059.000000,171256.000000,267514545.000000,5093.000000
615000155.000000,5555.000000,1166.000000,341157.000000,164202.000000,268019904.000000,4936.000000
616000083.000000,6206.000000,1032.000000,317015.000000,176864.000000,268513783.000000,5421.000000
617000020.000000,5977.000000,1108.000000,326016.000000,175868.000000,269015667.000000,5203.000000
618000542.000000,5558.000000,1070.000000,331776.000000,165837.000000,269513280.000000,4897.000000
619001547.000000,5779.000000,1144.000000,326942.000000,168217.000000,270008439.000000,5105.000000
620002419.000000,6757.000000,1511.000000,302933.000000,193524.000000,270504896.000000,6002.000000
621000125.000000,5320.000000,1142.000000,344292.000000,163728.000000,271012916.000000,4643.000000
622000130.000000,5476.000000,1064.000000,342156.000000,167768.000000,271522840.000000,4882.000000
623000116.000000,5950.000000,1289.000000,329352.000000,177152.000000,272029344.000000,5325.000000
624000021.000000,5451.000000,1255.000000,333260.000000,173698.000000,272536302.000000,4809.000000
625000153.000000,5523.000000,1361.000000,340166.000000,171216.000000,273047684.000000,4856.000000
626000011.000000,5502.000000,1298.000000,338350.000000,167451.000000,273553485.000000,4897.000000
627000011.000000,6353.000000,1692.000000,317586.000000,187332.000000,274058403.000000,5618.000000
628000001.000000,5439.000000,1128.000000,346220.000000,165928.000000,274570551.000000,4766.000000
629000586.000000,5423.000000,1117.000000,345903.000000,163434.000000,275079888.000000,4836.000000
630000246.000000,6685.000000,1738.000000,312614.000000,195037.000000,275587539.000000,5962.000000
631000112.000000,5513.000000,1368.000000,336548.000000,167838.000000,276091925.000000,4843.000000
632000117.000000,5711.000000,1311.000000,341578.000000,166529.000000,276600032.000000,5072.000000
633000182.000000,6371.000000,1667.000000,322265.000000,184587.000000,277106884.000000,5657.000000
634000092.000000,5568.000000,1074.000000,334537.000000,170829.000000,277612250.000000,4999.000000
635000027.000000,5210.000000,973.000000,339917.000000,161533.000000,278113700.000000,4672.000000
636000043.000000,5393.000000,1215.000000,341111.000000,165431.000000,278620242.000000,4744.000000
637004038.000000,6074.000000,1347.000000,321973.000000,186562.000000,279128777.000000,5382.000000
638004557.000000,5364.000000,848.000000,344162.000000,165941.000000,279638880.000000,4762.000000
639005039.000000,5504.000000,1165.000000,341804.000000,167386.000000,280148070.000000,4890.000000
640000322.000000,6173.000000,1465.000000,317605.000000,191390.000000,280657065.000000,5478.000000
641002623.000000,5035.000000,1015.000000,345692.000000,162340.000000,281165097.000000,4513.000000
642000099.000000,5265.000000,1134.000000,338852.000000,167485.000000,281671434.000000,4690.000000
643000524.000000,6119.000000,1434.000000,318894.000000,188797.000000,282179125.000000,5460.000000
644000208.000000,5633.000000,1028.000000,341564.000000,169155.000000,282689844.000000,4964.000000
645000004.000000,5560.000000,1104.000000,340868.000000,169697.000000,283200409.000000,4939.000000
646000160.000000,6248.000000,1429.000000,324083.000000,186989.000000,283711481.000000,5624.000000
647001963.000000,5369.000000,1142.000000,342739.000000,171244.000000,284225464.000000,4747.000000
648000475.000000,5384.000000,1435.000000,340511.000000,168101.000000,284734076.000000,4798.000000
649004060.000000,5180.000000,959.000000,351678.000000,160154.000000,285245908.000000,4620.000000
650000055.000000,6454.000000,1500.000000,318320.000000,191550.000000,285755778.000000,5743.000000
651000039.000000,5422.000000,1263.000000,340545.000000,165423.000000,286261746.000000,4770.000000
652000039.000000,5465.000000,1253.000000,344227.000000,166590.000000,286772563.000000,4871.000000
653000274.000000,6469.000000,1655.000000,316037.000000,192232.000000,287280832.000000,5774.000000
654000081.000000,5358.000000,1349.000000,340256.000000,163456.000000,287784544.000000,4703.000000
655000072.000000,5621.000000,1097.000000,341779.000000,167520.000000,288293843.000000,4944.000000
656000236.000000,6148.000000,1332.000000,319275.000000,190086.000000,288803204.000000,5492.000000
657002554.000000,5056.000000,776.000000,348584.000000,161285.000000,289313073.000000,4496.000000
658003063.000000,5256.000000,1058.000000,344914.000000,163837.000000,289821824.000000,4640.000000
659000007.000000,5695.000000,1357.000000,332419.000000,174259.000000,290328502.000000,5040.000000
660000640.000000,5689.000000,1251.000000,331874.000000,175179.000000,290835555.000000,5077.000000
661001383.000000,5168.000000,947.000000,342699.000000,164647.000000,291342901.000000,4557.000000
662000019.000000,5424.000000,1080.000000,342533.000000,166081.000000,291851515.000000,4811.000000
663002942.000000,6117.000000,1485.000000,322826.000000,189754.000000,292364095.000000,5438.000000
664001140.000000,5559.000000,1470.000000,341801.000000,167441.000000,292873337.000000,4828.000000
665000013.000000,5585.000000,1459.000000,339677.000000,166772.000000,293379786.000000,4912.000000
666000942.000000,6288.000000,1496.000000,321462.000000,187951.000000,293889199.000000,5551.000000
667004868.000000,5611.000000,1279.000000,342196.000000,169652.000000,294401047.000000,4902.000000
668001847.000000,5325.000000,908.000000,341869.000000,167255.000000,294910171.000000,4733.000000
669005335.000000,6174.000000,1425.000000,322434.000000,190991.000000,295423596.000000,5503.000000
670000140.000000,5260.000000,893.000000,341145.000000,165933.000000,295930674.000000,4627.000000
671003245.000000,5288.000000,898.000000,342940.000000,168979.000000,296442593.000000,4725.000000
672000074.000000,5927.000000,1153.000000,325661.000000,181451.000000,296949705.000000,5212.000000
673003779.000000,5441.000000,1083.000000,337555.000000,172834.000000,297460094.000000,4795.000000
674000093.000000,5780.000000,1235.000000,338679.000000,171087.000000,297969860.000000,4954.000000
675000057.000000,5649.000000,1346.000000,339612.000000,170954.000000,298480426.000000,5032.000000
676000209.000000,6197.000000,1582.000000,313677.000000,190306.000000,298984409.000000,5518.000000
677000291.000000,5616.000000,1140.000000,339010.000000,168494.000000,299491913.000000,4989.000000
678002312.000000,5642.000000,1016.000000,342593.000000,170594.000000,300005100.000000,4982.000000
679000090.000000,6307.000000,1366.000000,320350.000000,191393.000000,300516843.000000,5646.000000
680000001.000000,5348.000000,938.000000,344306.000000,166261.000000,301027410.000000,4753.000000
681000030.000000,5379.000000,743.000000,346502.000000,164895.000000,301538807.000000,4727.000000
682000005.000000,6103.000000,1304.000000,321993.000000,189434.000000,302050234.000000,5492.000000
683000373.000000,5291.000000,799.000000,340183.000000,166182.000000,302556599.000000,4670.000000
684006811.000000,5196.000000,775.000000,340583.000000,165704.000000,303062886.000000,4570.000000
685000077.000000,6334.000000,1563.000000,314617.000000,190657.000000,303568160.000000,5675.000000
686000042.000000,5498.000000,1258.000000,344838.000000,167380.000000,304080378.000000,4857.000000
687001245.000000,5254.000000,1058.000000,339412.000000,167476.000000,304587266.000000,4679.000000
688000114.000000,6158.000000,1401.000000,332464.000000,178845.000000,305098575.000000,5427.000000
689000812.000000,5960.000000,1328.000000,327722.000000,179632.000000,305605929.000000,5342.000000
690000044.000000,5586.000000,858.000000,337678.000000,171472.000000,306115079.000000,4943.000000
691000234.000000,5262.000000,744.000000,340573.000000,171501.000000,306627153.000000,4658.000000
692000148.000000,6343.000000,1260.000000,317880.000000,193416.000000,307138449.000000,5604.000000
693001387.000000,5400.000000,1017.000000,337434.000000,168940.000000,307644823.000000,4770.000000
694000005.000000,5415.000000,868.000000,341439.000000,166159.000000,308152421.000000,4806.000000
695000095.000000,6463.000000,1559.000000,314983.000000,191910.000000,308659314.000000,5696.000000
696000207.000000,5452.000000,1165.000000,337404.000000,169636.000000,309166354.000000,4759.000000
697001138.000000,5678.000000,1070.000000,338385.000000,173194.000000,309677933.000000,5048.000000
698000034.000000,6174.000000,1432.000000,311909.000000,190707.000000,310180549.000000,5550.000000
699001239.000000,5446.000000,823.000000,338564.000000,168609.000000,310687722.000000,4829.000000
700004573.000000,5374.000000,678.000000,342304.000000,170480.000000,311200506.000000,4751.000000
701000020.000000,6145.000000,1496.000000,318700.000000,190674.000000,311709880.000000,5462.000000
702000691.000000,5387.000000,971.000000,339968.000000,170566.000000,312220414.000000,4812.000000
703000122.000000,5191.000000,997.000000,339757.000000,173222.000000,312733393.000000,4640.000000
704000048.000000,6420.000000,1336.000000,316217.000000,194215.000000,313243825.000000,5658.000000
705001144.000000,5842.000000,1229.000000,333641.000000,170429.000000,313747895.000000,5088.000000
706000760.000000,5759.000000,1040.000000,340396.000000,171477.000000,314259768.000000,5042.000000
707000147.000000,6445.000000,1207.000000,316452.000000,186494.000000,314762714.000000,5771.000000
708000065.000000,6060.000000,1327.000000,323133.000000,185015.000000,315270862.000000,5305.000000
709002231.000000,5782.000000,1152.000000,333431.000000,169260.000000,315773553.000000,4967.000000
710002590.000000,5797.000000,1033.000000,331427.000000,169338.000000,316274318.000000,4910.000000
711000059.000000,6395.000000,1437.000000,314235.000000,190722.000000,316779275.000000,5634.000000
712005474.000000,5431.000000,789.000000,343679.000000,171605.000000,317294559.000000,4766.000000
713000051.000000,5942.000000,963.000000,321984.000000,176317.000000,317792860.000000,5290.000000
714000157.000000,6115.000000,1394.000000,320171.000000,191035.000000,318304066.000000,5437.000000
715000045.000000,5413.000000,911.000000,340285.000000,169346.000000,318813697.000000,4693.000000
716000012.000000,5738.000000,1028.000000,332516.000000,173506.000000,319319719.000000,5062.000000
717000054.000000,6442.000000,1868.000000,314617.000000,193936.000000,319828272.000000,5632.000000
718004012.000000,5518.000000,1007.000000,340587.000000,175493.000000,320344352.000000,4887.000000
719000062.000000,5896.000000,1139.000000,320378.000000,174718.000000,320839448.000000,5226.000000
720000012.000000,6153.000000,1085.000000,319307.000000,184596.000000,321343351.000000,5512.000000
721000358.000000,5817.000000,1108.000000,327041.000000,180996.000000,321851388.000000,5192.000000
722000012.000000,5805.000000,945.000000,336085.000000,174454.000000,322361927.000000,5103.000000
723000256.000000,5431.000000,848.000000,340065.000000,173088.000000,322875080.000000,4843.000000
724000040.000000,6761.000000,1550.000000,302844.000000,195241.000000,323373165.000000,5939.000000
725000007.000000,5430.000000,866.000000,341301.000000,170878.000000,323885344.000000,4851.000000
726001416.000000,5284.000000,794.000000,345083.000000,167907.000000,324398334.000000,4665.000000
727000126.000000,6217.000000,1293.000000,315278.000000,193770.000000,324907382.000000,5520.000000
728000149.000000,5482.000000,830.000000,338704.000000,174209.000000,325420295.000000,4864.000000
729000034.000000,5305.000000,662.000000,342271.000000,173729.000000,325936295.000000,4709.000000
730001592.000000,6119.000000,1330.000000,317720.000000,193416.000000,326447431.000000,5449.000000
731000486.000000,5449.000000,763.000000,340491.000000,174422.000000,326962344.000000,4797.000000
732000250.000000,5270.000000,708.000000,338651.000000,169240.000000,327470235.000000,4629.000000
733000057.000000,6319.000000,1434.000000,317312.000000,193040.000000,327980587.000000,5600.000000
734000037.000000,5566.000000,951.000000,337901.000000,178550.000000,328497038.000000,4955.000000
735002323.000000,5755.000000,691.000000,325706.000000,177882.000000,329000626.000000,5095.000000
736000141.000000,6422.000000,1200.000000,301638.000000,195742.000000,329498006.000000,5701.000000
737004372.000000,5529.000000,646.000000,330442.000000,172291.000000,330000739.000000,4863.000000
738000159.000000,5125.000000,696.000000,341092.000000,166636.000000,330508467.000000,4590.000000
739000470.000000,6085.000000,1119.000000,321541.000000,188410.000000,331018418.000000,5383.000000
740000035.000000,5360.000000,875.000000,342202.000000,172663.000000,331533283.000000,4771.000000
741000050.000000,5425.000000,1010.000000,342443.000000,169386.000000,332045112.000000,4798.000000
742000111.000000,5980.000000,1304.000000,325165.000000,182031.000000,332552308.000000,5297.000000
743000696.000000,6120.000000,1328.000000,324450.000000,185371.000000,333062129.000000,5444.000000
744000065.000000,6120.000000,1492.000000,328969.000000,174131.000000,333565229.000000,5293.000000
745000445.000000,5983.000000,1464.000000,335008.000000,173925.000000,334074162.000000,5163.000000
746000292.000000,6472.000000,1527.000000,314572.000000,194735.000000,334583469.000000,5774.000000
747002573.000000,5452.000000,1005.000000,336793.000000,171516.000000,335091778.000000,4761.000000
748000117.000000,5700.000000,818.000000,337763.000000,174637.000000,335604178.000000,5014.000000
749000272.000000,6507.000000,1240.000000,312084.000000,197976.000000,336114238.000000,5823.000000
750000537.000000,5430.000000,791.000000,337289.000000,171672.000000,336623199.000000,4823.000000
751000211.000000,5649.000000,938.000000,332647.000000,171366.000000,337127212.000000,5029.000000
752000069.000000,6556.000000,1474.000000,305409.000000,194654.000000,337627275.000000,5796.000000
753000250.000000,5729.000000,982.000000,336271.000000,173653.000000,338137199.000000,5054.000000
754002941.000000,5471.000000,709.000000,339876.000000,172953.000000,338650028.000000,4876.000000
755000851.000000,6433.000000,1201.000000,316235.000000,194973.000000,339161236.000000,5756.000000
756000529.000000,5227.000000,905.000000,335936.000000,171267.000000,339668439.000000,4676.000000
757000064.000000,5483.000000,1079.000000,335255.000000,166542.000000,340170236.000000,4874.000000
758000264.000000,6431.000000,1402.000000,314317.000000,192731.000000,340677284.000000,5738.000000
759002453.000000,5710.000000,853.000000,335500.000000,172867.000000,341185651.000000,5040.000000
760000174.000000,5560.000000,950.000000,331977.000000,171154.000000,341688782.000000,4952.000000
761000123.000000,5903.000000,1232.000000,319033.000000,187234.000000,342195049.000000,5274.000000
762000766.000000,5437.000000,845.000000,336689.000000,175068.000000,342706806.000000,4854.000000
763000050.000000,5222.000000,692.000000,340239.000000,168191.000000,343215236.000000,4609.000000
764000002.000000,5999.000000,1316.000000,320550.000000,186031.000000,343721817.000000,5292.000000
765000012.000000,5574.000000,1260.000000,330289.000000,176278.000000,344228384.000000,4925.000000
766002762.000000,5605.000000,1141.000000,340822.000000,169171.000000,344738377.000000,4932.000000
767000020.000000,5587.000000,1062.000000,337531.000000,172789.000000,345248697.000000,4928.000000
768000248.000000,6159.000000,1335.000000,314739.000000,193355.000000,345756791.000000,5489.000000
769003841.000000,5499.000000,693.000000,337378.000000,175647.000000,346269816.000000,4860.000000
770000660.000000,5123.000000,538.000000,339308.000000,170984.000000,346780108.000000,4554.000000
771000111.000000,6128.000000,1113.000000,314191.000000,195851.000000,347290150.000000,5392.000000
772002108.000000,5329.000000,763.000000,338111.000000,175273.000000,347803534.000000,4747.000000
773000033.000000,5347.000000,682.000000,334982.000000,173906.000000,348312422.000000,4712.000000
774001326.000000,6255.000000,1173.000000,311807.000000,194621.000000,348818850.000000,5554.000000
775000070.000000,5538.000000,960.000000,336821.000000,170060.000000,349325731.000000,4871.000000
776000065.000000,5419.000000,561.000000,339419.000000,174934.000000,349840084.000000,4716.000000
777000029.000000,6139.000000,1028.000000,315634.000000,196577.000000,350352295.000000,5414.000000
778000058.000000,5438.000000,781.000000,338907.000000,172134.000000,350863336.000000,4878.000000
779000027.000000,5324.000000,683.000000,334729.000000,173910.000000,351371975.000000,4713.000000
780000095.000000,5960.000000,1001.000000,317923.000000,188733.000000,351878631.000000,5295.000000
781000071.000000,5430.000000,606.000000,340552.000000,172880.000000,352392063.000000,4763.000000
782000312.000000,5832.000000,972.000000,328224.000000,184367.000000,352904654.000000,5138.000000
783003512.000000,5870.000000,1123.000000,323820.000000,186062.000000,353414536.000000,5227.000000
784000018.000000,5654.000000,870.000000,335366.000000,170987.000000,353920889.000000,4888.000000
785000061.000000,5832.000000,882.000000,329245.000000,177220.000000,354427354.000000,5123.000000
786000217.000000,6373.000000,1208.000000,310883.000000,193982.000000,354932219.000000,5670.000000
787000409.000000,5473.000000,879.000000,339532.000000,171608.000000,355443359.000000,4840.000000
788000133.000000,5862.000000,1118.000000,333770.000000,173022.000000,355950151.000000,5124.000000
789000263.000000,6642.000000,1592.000000,305420.000000,195040.000000,356450611.000000,5827.000000
790000076.000000,5917.000000,1110.000000,327123.000000,174798.000000,356952532.000000,5197.000000
791000012.000000,5974.000000,1173.000000,327602.000000,176269.000000,357456403.000000,5214.000000
792000011.000000,6478.000000,1275.000000,309550.000000,197870.000000,357963823.000000,5796.000000
793000061.000000,5859.000000,1055.000000,329998.000000,178089.000000,358471910.000000,5215.000000
794000064.000000,5985.000000,1203.000000,325137.000000,180005.000000,358977052.000000,5284.000000
795000101.000000,6914.000000,1540.000000,302671.000000,198526.000000,359478249.000000,6175.000000
796000014.000000,6138.000000,961.000000,328500.000000,180955.000000,359987704.000000,5430.000000
797000065.000000,5682.000000,792.000000,331022.000000,179127.000000,360497853.000000,5100.000000
798000013.000000,6555.000000,1383.000000,302030.000000,201115.000000,361000998.000000,5890.000000
799000615.000000,5940.000000,1217.000000,325112.000000,179292.000000,361505402.000000,5285.000000
800000003.000000,5868.000000,1043.000000,325576.000000,177203.000000,362008181.000000,5201.000000
801002537.000000,6445.000000,1233.000000,306504.000000,198398.000000,362513083.000000,5692.000000
802002884.000000,5345.000000,699.000000,332124.000000,177503.000000,363022710.000000,4717.000000
803000044.000000,6099.000000,783.000000,315536.000000,184497.000000,363522743.000000,5391.000000
804000089.000000,6505.000000,1325.000000,304009.000000,202641.000000,364029393.000000,5804.000000
805003608.000000,5684.000000,682.000000,321002.000000,178211.000000,364528606.000000,5106.000000
806000036.000000,5659.000000,748.000000,328821.000000,177199.000000,365034626.000000,5002.000000
807001151.000000,6233.000000,1224.000000,306469.000000,193809.000000,365534904.000000,5579.000000
808000011.000000,5677.000000,614.000000,316396.000000,179511.000000,366030811.000000,5035.000000
809000032.000000,5770.000000,838.000000,319380.000000,181343.000000,366531534.000000,5131.000000
810005205.000000,6381.000000,973.000000,305334.000000,178078.000000,367014946.000000,5708.000000
811001036.000000,6450.000000,1363.000000,303398.000000,195978.000000,367514322.000000,5789.000000
812000019.000000,5717.000000,893.000000,326462.000000,177948.000000,368018732.000000,5024.000000
813000255.000000,5953.000000,1141.000000,326214.000000,178508.000000,368523454.000000,5278.000000
814004829.000000,6640.000000,1407.000000,305904.000000,202803.000000,369032161.000000,5878.000000
815000068.000000,5720.000000,840.000000,324120.000000,181584.000000,369537865.000000,5091.000000
816000003.000000,5833.000000,1029.000000,323064.000000,177384.000000,370038313.000000,5142.000000
817001368.000000,6365.000000,1291.000000,307940.000000,194223.000000,370540476.000000,5634.000000
818000017.000000,5728.000000,870.000000,327689.000000,181254.000000,371049419.000000,5127.000000
819002703.000000,5524.000000,834.000000,326533.000000,179966.000000,371555918.000000,4883.000000
820004320.000000,6692.000000,1485.000000,301294.000000,200764.000000,372057976.000000,5984.000000
821000939.000000,6254.000000,1397.000000,314017.000000,182257.000000,372554250.000000,5512.000000
822000832.000000,6006.000000,1210.000000,322537.000000,175828.000000,373052615.000000,5242.000000
823000075.000000,6900.000000,1524.000000,301593.000000,199732.000000,373553940.000000,6129.000000
824000027.000000,6151.000000,1122.000000,327120.000000,177565.000000,374058625.000000,5351.000000
825000109.000000,5831.000000,847.000000,328937.000000,183915.000000,374571477.000000,5220.000000
826001288.000000,6452.000000,1143.000000,304902.000000,200178.000000,375076557.000000,5689.000000
827000041.000000,5362.000000,586.000000,330417.000000,176313.000000,375583287.000000,4793.000000
828000097.000000,5363.000000,650.000000,327496.000000,181334.000000,376092117.000000,4761.000000
829000562.000000,6379.000000,1050.000000,304496.000000,200357.000000,376596970.000000,5668.000000
830001706.000000,5407.000000,638.000000,329603.000000,181645.000000,377108218.000000,4811.000000
831000037.000000,5546.000000,631.000000,331548.000000,180591.000000,377620357.000000,4905.000000
832002865.000000,6517.000000,977.000000,306216.000000,201033.000000,378127606.000000,5765.000000
833002456.000000,5989.000000,696.000000,317894.000000,181731.000000,378627231.000000,5325.000000
834002654.000000,5487.000000,438.000000,334923.000000,179490.000000,379141644.000000,4795.000000
835000133.000000,6438.000000,1068.000000,305029.000000,204512.000000,379651185.000000,5718.000000
836000017.000000,5588.000000,500.000000,334137.000000,179568.000000,380164890.000000,4920.000000
837000178.000000,5843.000000,538.000000,317517.000000,182172.000000,380664579.000000,5169.000000
838000252.000000,6357.000000,1103.000000,302774.000000,201868.000000,381169221.000000,5583.000000
839000504.000000,5633.000000,561.000000,332876.000000,180501.000000,381682598.000000,4901.000000
840000009.000000,5760.000000,669.000000,328974.000000,186441.000000,382198013.000000,5110.000000
841003625.000000,6325.000000,1053.000000,307686.000000,198872.000000,382704571.000000,5556.000000
842000016.000000,5493.000000,607.000000,329266.000000,176011.000000,383209848.000000,4843.000000
843000221.000000,5891.000000,879.000000,319134.000000,183763.000000,383712745.000000,5233.000000
844000066.000000,6025.000000,926.000000,312635.000000,194755.000000,384220135.000000,5377.000000
845000027.000000,5889.000000,1167.000000,323032.000000,179938.000000,384723105.000000,5118.000000
846000008.000000,6154.000000,1000.000000,319946.000000,183060.000000,385226111.000000,5468.000000
847000985.000000,6504.000000,1289.000000,301403.000000,196066.000000,385723580.000000,5770.000000
848000761.000000,5766.000000,814.000000,325950.000000,177820.000000,386227350.000000,5132.000000
849000607.000000,5945.000000,860.000000,325842.000000,182496.000000,386735688.000000,5230.000000
850001282.000000,6616.000000,1606.000000,297574.000000,202198.000000,387235460.000000,5833.000000
851000042.000000,5779.000000,985.000000,325233.000000,179783.000000,387740476.000000,5075.000000
852001082.000000,5844.000000,1068.000000,316706.000000,183636.000000,388240818.000000,5162.000000
853000009.000000,6910.000000,1651.000000,295093.000000,200813.000000,388736724.000000,6056.000000
854000027.000000,5996.000000,919.000000,319558.000000,183015.000000,389239297.000000,5258.000000
855000111.000000,5606.000000,938.000000,320962.000000,181734.000000,389741993.000000,5010.000000
856000053.000000,6583.000000,1355.000000,295768.000000,199951.000000,390237712.000000,5816.000000
857000047.000000,6160.000000,1131.000000,318059.000000,180967.000000,390736738.000000,5509.000000
858000057.000000,6137.000000,1176.000000,319215.000000,179605.000000,391235558.000000,5401.000000
859000094.000000,7244.000000,1933.000000,287846.000000,203100.000000,391726504.000000,6306.000000
860000242.000000,6295.000000,1314.000000,320424.000000,181515.000000,392228443.000000,5508.000000
861000133.000000,6155.000000,1058.000000,321864.000000,181494.000000,392731801.000000,5508.000000
862000089.000000,6761.000000,1667.000000,291923.000000,200571.000000,393224295.000000,5983.000000
863001345.000000,6074.000000,1002.000000,315722.000000,180835.000000,393720852.000000,5395.000000
864004618.000000,6033.000000,1056.000000,317642.000000,180986.000000,394219480.000000,5366.000000
865000005.000000,6634.000000,1403.000000,296821.000000,202084.000000,394718385.000000,5948.000000
866000090.000000,5989.000000,992.000000,320698.000000,182882.000000,395221965.000000,5266.000000
867000065.000000,6031.000000,882.000000,315776.000000,187876.000000,395725617.000000,5367.000000
868000014.000000,6522.000000,1412.000000,296777.000000,199033.000000,396221427.000000,5735.000000
869003146.000000,6233.000000,1070.000000,318269.000000,183783.000000,396723479.000000,5488.000000
870000064.000000,5940.000000,1188.000000,319871.000000,182000.000000,397225350.000000,5202.000000
871000215.000000,6956.000000,1678.000000,290326.000000,203016.000000,397718692.000000,6158.000000
872000092.000000,6193.000000,1348.000000,320526.000000,179518.000000,398218736.000000,5339.000000
873000417.000000,6262.000000,1202.000000,316020.000000,180554.000000,398715310.000000,5513.000000
874000019.000000,6908.000000,1538.000000,291967.000000,202659.000000,399209936.000000,6089.000000
875000061.000000,5818.000000,882.000000,318627.000000,180323.000000,399708886.000000,5131.000000
876000218.000000,6157.000000,975.000000,317742.000000,188976.000000,400215604.000000,5447.000000
877000052.000000,6939.000000,1373.000000,294428.000000,204881.000000,400714913.000000,6119.000000
878000246.000000,5860.000000,961.000000,314350.000000,189612.000000,401218875.000000,5271.000000
879000286.000000,6165.000000,1159.000000,316661.000000,181117.000000,401716653.000000,5345.000000
880000265.000000,7085.000000,1528.000000,288876.000000,201152.000000,402206681.000000,6266.000000
881000117.000000,6186.000000,1078.000000,314262.000000,187096.000000,402708039.000000,5530.000000
882000073.000000,6367.000000,1287.000000,310035.000000,184642.000000,403202716.000000,5558.000000
883003813.000000,6804.000000,1474.000000,291505.000000,202866.000000,403697087.000000,6081.000000
884000130.000000,6485.000000,1193.000000,303011.000000,186325.000000,404186423.000000,5621.000000
885001551.000000,6172.000000,1036.000000,311763.000000,182541.000000,404680727.000000,5485.000000
886000034.000000,6446.000000,1283.000000,309394.000000,192209.000000,405182330.000000,5554.000000
887001732.000000,6089.000000,1229.000000,309677.000000,192501.000000,405684508.000000,5407.000000
888000695.000000,5897.000000,1010.000000,314638.000000,184500.000000,406183646.000000,5315.000000
889000187.000000,6836.000000,1436.000000,298235.000000,194684.000000,406676565.000000,6116.000000
890003132.000000,6418.000000,1222.000000,303787.000000,192749.000000,407173101.000000,5726.000000
891000055.000000,5884.000000,776.000000,315222.000000,187171.000000,407675494.000000,5223.000000
892000057.000000,6311.000000,1132.000000,304945.000000,191013.000000,408171452.000000,5628.000000
893000223.000000,6292.000000,1231.000000,297845.000000,201735.000000,408671032.000000,5577.000000
894000018.000000,6092.000000,1028.000000,314516.000000,184226.000000,409169774.000000,5371.000000
895000034.000000,6511.000000,1352.000000,309644.000000,184441.000000,409663859.000000,5756.000000
896000706.000000,6982.000000,1651.000000,295088.000000,200958.000000,410159905.000000,6191.000000
897001117.000000,6149.000000,1138.000000,316804.000000,184463.000000,410661172.000000,5358.000000
898000011.000000,6185.000000,1230.000000,312242.000000,185491.000000,411158905.000000,5490.000000
899000108.000000,6709.000000,1366.000000,289398.000000,203303.000000,411651606.000000,5920.000000
900000139.000000,6152.000000,966.000000,316390.000000,185251.000000,412153247.000000,5439.000000
901003329.000000,6150.000000,951.000000,318837.000000,185141.000000,412657225.000000,5533.000000
902000063.000000,6914.000000,1693.000000,286622.000000,204071.000000,413147918.000000,6095.000000
903000003.000000,6205.000000,1125.000000,313161.000000,186144.000000,413647223.000000,5436.000000
904000070.000000,6308.000000,1000.000000,308142.000000,190716.000000,414146081.000000,5618.000000
905003523.000000,6726.000000,1365.000000,293334.000000,201947.000000,414641362.000000,5952.000000
906000008.000000,5880.000000,855.000000,321507.000000,180748.000000,415143617.000000,5291.000000
907002398.000000,5855.000000,854.000000,319135.000000,182211.000000,415644963.000000,5219.000000
908000182.000000,6583.000000,1463.000000,288574.000000,202475.000000,416136012.000000,5875.000000
909000071.000000,5880.000000,988.000000,312885.000000,188077.000000,416636974.000000,5260.000000
910000057.000000,6047.000000,859.000000,313101.000000,187036.000000,417137111.000000,5320.000000
911000344.000000,6812.000000,1405.000000,287651.000000,207764.000000,417632526.000000,6030.000000
912000105.000000,6175.000000,1196.000000,307176.000000,185707.000000,418125409.000000,5423.000000
913000008.000000,6024.000000,1183.000000,313586.000000,184238.000000,418623233.000000,5307.000000
914000246.000000,6995.000000,1642.000000,285906.000000,207325.000000,419116464.000000,6211.000000
915000776.000000,6025.000000,925.000000,313230.000000,181573.000000,419611267.000000,5363.000000
916001623.000000,5828.000000,752.000000,321589.000000,184272.000000,420117128.000000,5231.000000
917000241.000000,6786.000000,1289.000000,294258.000000,207445.000000,420618831.000000,6081.000000
918000208.000000,5959.000000,929.000000,315491.000000,185025.000000,421119347.000000,5302.000000
919000275.000000,6485.000000,1124.000000,306413.000000,193065.000000,421618825.000000,5738.000000
920003897.000000,6949.000000,1491.000000,294301.000000,201098.000000,422114224.000000,6161.000000
921004183.000000,6245.000000,955.000000,313812.000000,188622.000000,422616658.000000,5507.000000
922000071.000000,6177.000000,992.000000,301011.000000,196375.000000,423114044.000000,5523.000000
923000055.000000,6506.000000,1319.000000,299476.000000,199650.000000,423613170.000000,5772.000000
924000139.000000,6254.000000,1071.000000,309887.000000,192928.000000,424115985.000000,5596.000000
925000021.000000,6647.000000,1276.000000,301010.000000,195081.000000,424612076.000000,5942.000000
926000430.000000,6489.000000,1050.000000,308233.000000,194483.000000,425114792.000000,5766.000000
927000089.000000,6114.000000,714.000000,322418.000000,190556.000000,425627766.000000,5459.000000
928000065.000000,6658.000000,1480.000000,299203.000000,197662.000000,426124631.000000,5848.000000
929000122.000000,6281.000000,1254.000000,310791.000000,188290.000000,426623712.000000,5497.000000
930000004.000000,6435.000000,1353.000000,311462.000000,185907.000000,427121081.000000,5616.000000
931000118.000000,6155.000000,1059.000000,312513.000000,183462.000000,427617056.000000,5447.000000
932000279.000000,6719.000000,1414.000000,296099.000000,202649.000000,428115804.000000,5967.000000
933000410.000000,6146.000000,984.000000,318618.000000,186471.000000,428620893.000000,5419.000000
934000343.000000,6010.000000,1222.000000,312680.000000,184270.000000,429117843.000000,5311.000000
935000032.000000,6792.000000,1360.000000,293245.000000,202241.000000,429613329.000000,6020.000000
936003421.000000,6271.000000,1038.000000,321160.000000,183122.000000,430117611.000000,5581.000000
937000027.000000,6195.000000,1031.000000,312726.000000,188455.000000,430618792.000000,5546.000000
938000089.000000,6895.000000,1289.000000,290500.000000,206891.000000,431116183.000000,6123.000000
939000200.000000,6133.000000,783.000000,313890.000000,193093.000000,431623166.000000,5368.000000
940000123.000000,6255.000000,983.000000,298267.000000,195693.000000,432117126.000000,5563.000000
941000504.000000,6448.000000,1239.000000,296291.000000,197065.000000,432610482.000000,5754.000000
942000024.000000,6050.000000,1091.000000,310633.000000,182556.000000,433103671.000000,5351.000000
943000079.000000,6534.000000,1382.000000,296457.000000,200905.000000,433601033.000000,5783.000000
944000149.000000,6504.000000,1224.000000,296392.000000,200969.000000,434098394.000000,5766.000000
945000080.000000,6291.000000,911.000000,303416.000000,192979.000000,434594789.000000,5603.000000
946000173.000000,7237.000000,1669.000000,284727.000000,206148.000000,435085664.000000,6312.000000
947000055.000000,6659.000000,1519.000000,301329.000000,193877.000000,435580870.000000,5774.000000
948000005.000000,6517.000000,1240.000000,306072.000000,190132.000000,436077074.000000,5798.000000
949000154.000000,6697.000000,1593.000000,296545.000000,194619.000000,436568238.000000,5905.000000
950003623.000000,6892.000000,1344.000000,288495.000000,207193.000000,437063926.000000,6141.000000
951000609.000000,6631.000000,1346.000000,299062.000000,191025.000000,437554013.000000,5877.000000
952003160.000000,6554.000000,1242.000000,309917.000000,185861.000000,438049791.000000,5757.000000
953000092.000000,6743.000000,1195.000000,290866.000000,206369.000000,438547026.000000,5969.000000
954000018.000000,6486.000000,1223.000000,306338.000000,194146.000000,439047510.000000,5748.000000
955000920.000000,6558.000000,1111.000000,300491.000000,198540.000000,439546541.000000,5837.000000
956005313.000000,6818.000000,1397.000000,291407.000000,205182.000000,440043130.000000,6022.000000
957003382.000000,6489.000000,947.000000,308575.000000,190298.000000,440542003.000000,5777.000000
958000022.000000,6768.000000,1155.000000,297809.000000,201019.000000,441040831.000000,6071.000000
959001114.000000,7180.000000,1722.000000,289633.000000,200590.000000,441531054.000000,6296.000000
960002097.000000,7002.000000,1577.000000,301815.000000,192502.000000,442025371.000000,6180.000000
961000044.000000,7128.000000,1325.000000,301878.000000,193576.000000,442520825.000000,6268.000000
962000066.000000,7044.000000,1498.000000,282124.000000,209867.000000,443012816.000000,6291.000000
963000283.000000,6861.000000,1480.000000,304610.000000,191497.000000,443508923.000000,6086.000000
964003574.000000,6829.000000,1528.000000,305894.000000,191339.000000,444006156.000000,5981.000000
965001955.000000,6783.000000,1466.000000,283911.000000,207168.000000,444497235.000000,6034.000000
966000051.000000,6464.000000,1109.000000,303095.000000,189405.000000,444989735.000000,5756.000000
967000019.000000,6724.000000,1399.000000,304416.000000,186166.000000,445480317.000000,5887.000000
968000105.000000,7256.000000,1746.000000,281916.000000,206525.000000,445968758.000000,6404.000000
969000006.000000,6865.000000,1392.000000,302355.000000,190038.000000,446461151.000000,6109.000000
970000306.000000,6934.000000,1680.000000,303591.000000,190241.000000,446954983.000000,6119.000000
971000754.000000,6653.000000,1503.000000,284335.000000,203715.000000,447443033.000000,5900.000000
972000234.000000,6527.000000,1115.000000,307290.000000,188894.000000,447939217.000000,5743.000000
973001533.000000,6538.000000,1170.000000,310091.000000,188701.000000,448438009.000000,5847.000000
974000066.000000,6854.000000,1524.000000,286270.000000,206415.000000,448930694.000000,6084.000000
975003223.000000,6580.000000,1401.000000,308675.000000,188201.000000,449427570.000000,5809.000000
976000042.000000,6762.000000,1466.000000,305165.000000,189063.000000,449921798.000000,5935.000000
977000157.000000,7321.000000,1763.000000,290023.000000,201037.000000,450412858.000000,6484.000000
978003056.000000,7003.000000,1926.000000,303801.000000,192768.000000,450909427.000000,6108.000000
979000088.000000,6569.000000,1438.000000,307568.000000,184840.000000,451401835.000000,5726.000000
980002951.000000,6708.000000,1384.000000,304382.000000,191165.000000,451897382.000000,5884.000000
981002862.000000,7044.000000,1529.000000,282758.000000,206967.000000,452387107.000000,6218.000000
982000348.000000,6443.000000,1147.000000,311063.000000,184847.000000,452883017.000000,5710.000000
983000004.000000,6433.000000,1146.000000,310111.000000,187394.000000,453380522.000000,5573.000000
984000040.000000,6961.000000,1434.000000,288923.000000,206441.000000,453875886.000000,6113.000000
985000142.000000,6118.000000,955.000000,312770.000000,188797.000000,454377453.000000,5442.000000
986000022.000000,6186.000000,1031.000000,308706.000000,192409.000000,454878568.000000,5482.000000
987000144.000000,6825.000000,1526.000000,282979.000000,208981.000000,455370528.000000,6041.000000
988004613.000000,6124.000000,1005.000000,313591.000000,188711.000000,455872830.000000,5449.000000
989000049.000000,6099.000000,1050.000000,311883.000000,184415.000000,456369128.000000,5472.000000
990000577.000000,6858.000000,1642.000000,287398.000000,206265.000000,456862791.000000,6064.000000
991000132.000000,6231.000000,1232.000000,311672.000000,186781.000000,457361244.000000,5423.000000
992000135.000000,6393.000000,1197.000000,314006.000000,185484.000000,457860734.000000,5630.000000
993000505.000000,6542.000000,1365.000000,290196.000000,201086.000000,458352016.000000,5811.000000
994000009.000000,6244.000000,922.000000,312984.000000,188479.000000,458853479.000000,5459.000000
995001227.000000,6357.000000,999.000000,303796.000000,193967.000000,459351242.000000,5653.000000
996000364.000000,6710.000000,1339.000000,279210.000000,209734.000000,459840186.000000,5987.000000
997000099.000000,6576.000000,1269.000000,300725.000000,195406.000000,460336317.000000,5767.000000
998000096.000000,7033.000000,1374.000000,295431.000000,197150.000000,460828898.000000,6250.000000
999000033.000000,7083.000000,1726.000000,288218.000000,201234.000000,461318350.000000,6166.000000
