Instruction,pfIssued,pfInCache,overallMisses,overallHits,overallAccesses,unusedPrefetches
1001262.000000,1442.000000,2790.000000,367569.000000,2511.000000,370080.000000,26.000000
2001309.000000,1402.000000,2285.000000,366430.000000,2259.000000,738769.000000,15.000000
3002830.000000,1374.000000,2238.000000,366858.000000,2295.000000,1107922.000000,7.000000
4004640.000000,1382.000000,2299.000000,367016.000000,2270.000000,1477208.000000,15.000000
5002725.000000,1381.000000,2071.000000,365670.000000,2217.000000,1845095.000000,15.000000
6001043.000000,1392.000000,2111.000000,365849.000000,2182.000000,2213126.000000,15.000000
7002569.000000,1402.000000,2284.000000,367442.000000,2225.000000,2582793.000000,17.000000
8000227.000000,1324.000000,2154.000000,361547.000000,2145.000000,2946485.000000,10.000000
9003133.000000,1347.000000,2209.000000,362287.000000,2126.000000,3310898.000000,19.000000
10000407.000000,1303.000000,2177.000000,360167.000000,2164.000000,3673229.000000,18.000000
11006557.000000,766.000000,1168.000000,359135.000000,1281.000000,4033645.000000,15.000000
12002046.000000,245.000000,239.000000,352411.000000,408.000000,4386464.000000,13.000000
13001459.000000,225.000000,248.000000,354214.000000,251.000000,4740929.000000,31.000000
14018980.000000,185.000000,192.000000,360603.000000,223.000000,5101755.000000,30.000000
15011966.000000,188.000000,188.000000,352277.000000,232.000000,5454264.000000,19.000000
16026809.000000,246.000000,173.000000,363944.000000,274.000000,5818482.000000,24.000000
17007876.000000,210.000000,188.000000,347622.000000,207.000000,6166311.000000,44.000000
18011525.000000,179.000000,241.000000,355731.000000,228.000000,6522270.000000,28.000000
19009101.000000,190.000000,169.000000,353543.000000,250.000000,6876063.000000,18.000000
20019962.000000,199.000000,208.000000,362866.000000,264.000000,7239193.000000,14.000000
21008174.000000,189.000000,187.000000,348751.000000,327.000000,7588271.000000,15.000000
22047899.000000,199.000000,187.000000,367702.000000,294.000000,7956267.000000,5.000000
23012628.000000,174.000000,234.000000,340066.000000,253.000000,8296586.000000,2.000000
24021574.000000,176.000000,200.000000,355714.000000,341.000000,8652641.000000,1.000000
25014527.000000,178.000000,260.000000,349679.000000,310.000000,9002630.000000,1.000000
26023697.000000,195.000000,221.000000,355743.000000,363.000000,9358736.000000,2.000000
27003785.000000,184.000000,183.000000,345453.000000,274.000000,9704463.000000,2.000000
28001087.000000,186.000000,178.000000,352132.000000,251.000000,10056846.000000,3.000000
29002397.000000,177.000000,177.000000,353474.000000,264.000000,10410584.000000,1.000000
30000761.000000,180.000000,221.000000,353027.000000,293.000000,10763904.000000,0.000000
31000441.000000,212.000000,233.000000,351231.000000,394.000000,11115529.000000,3.000000
32000984.000000,198.000000,213.000000,353602.000000,418.000000,11469549.000000,14.000000
33005464.000000,192.000000,195.000000,354146.000000,428.000000,11824123.000000,5.000000
34003245.000000,257.000000,205.000000,352805.000000,376.000000,12177304.000000,12.000000
35000100.000000,215.000000,203.000000,353373.000000,222.000000,12530899.000000,41.000000
36008741.000000,195.000000,205.000000,357063.000000,226.000000,12888188.000000,32.000000
37007720.000000,176.000000,246.000000,354844.000000,241.000000,13243273.000000,23.000000
38004594.000000,238.000000,203.000000,351489.000000,267.000000,13595029.000000,17.000000
39006695.000000,229.000000,179.000000,355019.000000,217.000000,13950265.000000,44.000000
40026786.000000,181.000000,213.000000,361452.000000,217.000000,14311934.000000,37.000000
41004322.000000,182.000000,164.000000,346587.000000,225.000000,14658746.000000,16.000000
42003000.000000,196.000000,210.000000,347871.000000,247.000000,15006864.000000,15.000000
43035584.000000,172.000000,157.000000,365435.000000,287.000000,15372586.000000,15.000000
44002649.000000,179.000000,222.000000,342335.000000,318.000000,15715239.000000,6.000000
45010973.000000,193.000000,236.000000,357187.000000,310.000000,16072736.000000,3.000000
46000949.000000,188.000000,173.000000,349469.000000,291.000000,16422496.000000,14.000000
47001732.000000,192.000000,229.000000,353104.000000,307.000000,16775907.000000,11.000000
48032917.000000,193.000000,187.000000,366060.000000,351.000000,17142318.000000,5.000000
49008640.000000,186.000000,197.000000,347724.000000,290.000000,17490332.000000,5.000000
50009672.000000,186.000000,172.000000,355494.000000,268.000000,17846094.000000,1.000000
51008081.000000,187.000000,169.000000,354819.000000,326.000000,18201239.000000,1.000000
52011500.000000,197.000000,193.000000,356818.000000,318.000000,18558375.000000,2.000000
53003019.000000,185.000000,214.000000,351809.000000,333.000000,18910517.000000,1.000000
54002440.000000,193.000000,219.000000,355204.000000,301.000000,19266022.000000,4.000000
55005151.000000,180.000000,217.000000,356381.000000,253.000000,19622656.000000,3.000000
56019178.000000,190.000000,244.000000,361028.000000,306.000000,19983990.000000,2.000000
57005070.000000,182.000000,272.000000,350476.000000,300.000000,20334766.000000,3.000000
58019860.000000,231.000000,216.000000,354334.000000,405.000000,20689505.000000,19.000000
59004086.000000,205.000000,188.000000,345342.000000,361.000000,21035208.000000,16.000000
60027803.000000,199.000000,154.000000,361606.000000,408.000000,21397222.000000,11.000000
61010039.000000,211.000000,181.000000,345154.000000,364.000000,21742740.000000,13.000000
62001690.000000,198.000000,202.000000,349312.000000,424.000000,22092476.000000,12.000000
63004727.000000,196.000000,180.000000,349720.000000,393.000000,22442589.000000,10.000000
64002795.000000,203.000000,239.000000,351662.000000,337.000000,22794588.000000,13.000000
65002682.000000,192.000000,212.000000,353899.000000,333.000000,23148820.000000,7.000000
66003317.000000,189.000000,216.000000,353021.000000,358.000000,23502199.000000,6.000000
67018468.000000,197.000000,214.000000,360807.000000,324.000000,23863330.000000,7.000000
68001432.000000,188.000000,172.000000,348516.000000,350.000000,24212196.000000,3.000000
69003553.000000,244.000000,196.000000,355113.000000,256.000000,24567565.000000,14.000000
70005272.000000,195.000000,260.000000,354969.000000,237.000000,24922771.000000,40.000000
71016324.000000,204.000000,183.000000,358208.000000,231.000000,25281210.000000,26.000000
72006337.000000,187.000000,220.000000,354431.000000,212.000000,25635853.000000,18.000000
73005542.000000,243.000000,263.000000,355168.000000,297.000000,25991318.000000,25.000000
74032017.000000,215.000000,226.000000,363734.000000,211.000000,26355263.000000,47.000000
75008837.000000,186.000000,128.000000,346145.000000,228.000000,26701636.000000,25.000000
76017027.000000,192.000000,216.000000,359728.000000,217.000000,27061581.000000,22.000000
77007196.000000,192.000000,203.000000,353030.000000,324.000000,27414935.000000,15.000000
78016896.000000,192.000000,146.000000,358995.000000,316.000000,27774246.000000,15.000000
79016884.000000,186.000000,248.000000,356091.000000,289.000000,28130626.000000,2.000000
80015887.000000,184.000000,249.000000,354614.000000,302.000000,28485542.000000,4.000000
81001658.000000,179.000000,213.000000,350557.000000,311.000000,28836410.000000,3.000000
82005637.000000,191.000000,150.000000,356270.000000,339.000000,29193019.000000,1.000000
83006543.000000,201.000000,139.000000,355751.000000,296.000000,29549066.000000,1.000000
84006432.000000,174.000000,183.000000,355467.000000,241.000000,29904774.000000,1.000000
85001266.000000,195.000000,145.000000,353203.000000,268.000000,30258245.000000,2.000000
86027709.000000,184.000000,275.000000,365635.000000,295.000000,30624175.000000,2.000000
87001231.000000,189.000000,225.000000,344780.000000,427.000000,30969382.000000,1.000000
88004149.000000,212.000000,247.000000,352666.000000,409.000000,31322457.000000,12.000000
89025868.000000,189.000000,172.000000,360465.000000,260.000000,31683182.000000,7.000000
90002157.000000,167.000000,168.000000,341263.000000,235.000000,32024680.000000,3.000000
91008795.000000,184.000000,176.000000,354983.000000,355.000000,32380018.000000,4.000000
92008311.000000,189.000000,273.000000,349669.000000,286.000000,32729973.000000,2.000000
93003665.000000,187.000000,189.000000,350619.000000,327.000000,33080919.000000,2.000000
94018212.000000,187.000000,213.000000,358435.000000,280.000000,33439634.000000,2.000000
95015277.000000,183.000000,199.000000,350312.000000,260.000000,33790206.000000,5.000000
96000812.000000,180.000000,274.000000,346495.000000,308.000000,34137009.000000,5.000000
97005126.000000,190.000000,199.000000,352216.000000,386.000000,34489611.000000,5.000000
98003468.000000,202.000000,200.000000,351309.000000,356.000000,34841276.000000,6.000000
99000890.000000,195.000000,219.000000,350482.000000,357.000000,35192115.000000,6.000000
100000591.000000,195.000000,225.000000,353858.000000,398.000000,35546371.000000,5.000000
101003595.000000,189.000000,237.000000,355336.000000,374.000000,35902081.000000,3.000000
102022299.000000,200.000000,139.000000,358522.000000,349.000000,36260952.000000,4.000000
103044853.000000,223.000000,220.000000,354193.000000,339.000000,36615484.000000,13.000000
104004701.000000,185.000000,178.000000,337853.000000,329.000000,36953666.000000,28.000000
105005133.000000,202.000000,153.000000,353287.000000,479.000000,37307432.000000,18.000000
106002005.000000,218.000000,179.000000,351056.000000,403.000000,37658891.000000,12.000000
107003194.000000,187.000000,259.000000,351392.000000,358.000000,38010641.000000,8.000000
108003679.000000,203.000000,271.000000,351546.000000,316.000000,38362503.000000,14.000000
109006553.000000,223.000000,197.000000,352831.000000,396.000000,38715730.000000,24.000000
110003240.000000,208.000000,181.000000,349582.000000,339.000000,39065651.000000,21.000000
111035404.000000,198.000000,229.000000,361403.000000,423.000000,39427477.000000,21.000000
112009186.000000,183.000000,223.000000,342711.000000,245.000000,39770433.000000,6.000000
113032719.000000,182.000000,213.000000,359218.000000,255.000000,40129906.000000,1.000000
114008016.000000,176.000000,168.000000,343750.000000,346.000000,40474002.000000,8.000000
115002127.000000,187.000000,178.000000,352362.000000,290.000000,40826654.000000,6.000000
116001120.000000,194.000000,180.000000,348022.000000,401.000000,41175077.000000,6.000000
117001232.000000,208.000000,212.000000,351998.000000,399.000000,41527474.000000,13.000000
118008950.000000,192.000000,203.000000,355621.000000,446.000000,41883541.000000,12.000000
119001824.000000,204.000000,137.000000,350535.000000,410.000000,42234486.000000,7.000000
120006006.000000,211.000000,210.000000,353995.000000,472.000000,42588953.000000,12.000000
121000557.000000,247.000000,237.000000,348640.000000,513.000000,42938106.000000,21.000000
122002567.000000,200.000000,191.000000,350606.000000,298.000000,43289010.000000,30.000000
123000888.000000,180.000000,206.000000,351950.000000,260.000000,43641220.000000,10.000000
124001258.000000,178.000000,232.000000,350165.000000,322.000000,43991707.000000,3.000000
125010386.000000,192.000000,255.000000,353720.000000,311.000000,44345738.000000,5.000000
126006971.000000,184.000000,154.000000,350825.000000,276.000000,44696839.000000,2.000000
127001463.000000,202.000000,236.000000,349481.000000,408.000000,45046728.000000,3.000000
128022677.000000,184.000000,222.000000,358197.000000,332.000000,45405257.000000,3.000000
129035748.000000,186.000000,209.000000,353551.000000,252.000000,45759060.000000,2.000000
130010716.000000,175.000000,171.000000,341256.000000,303.000000,46100619.000000,4.000000
131006034.000000,207.000000,258.000000,352205.000000,374.000000,46453198.000000,8.000000
132006160.000000,206.000000,198.000000,348283.000000,382.000000,46801863.000000,19.000000
133004462.000000,200.000000,263.000000,351868.000000,348.000000,47154079.000000,14.000000
134002053.000000,191.000000,166.000000,353054.000000,302.000000,47507435.000000,9.000000
135004396.000000,200.000000,215.000000,354586.000000,410.000000,47862431.000000,21.000000
136003646.000000,207.000000,224.000000,347737.000000,346.000000,48210514.000000,18.000000
137001578.000000,195.000000,238.000000,349586.000000,271.000000,48560371.000000,7.000000
138017931.000000,186.000000,175.000000,357954.000000,259.000000,48918584.000000,3.000000
139001022.000000,167.000000,207.000000,344212.000000,253.000000,49263049.000000,8.000000
140046675.000000,174.000000,193.000000,369617.000000,263.000000,49632929.000000,7.000000
141025344.000000,190.000000,182.000000,339188.000000,264.000000,49972381.000000,4.000000
142000295.000000,171.000000,237.000000,343005.000000,294.000000,50315680.000000,10.000000
143005382.000000,195.000000,238.000000,352924.000000,445.000000,50669049.000000,13.000000
144004866.000000,201.000000,132.000000,352526.000000,346.000000,51021921.000000,8.000000
145016503.000000,206.000000,216.000000,356642.000000,396.000000,51378959.000000,12.000000
146001309.000000,188.000000,165.000000,346184.000000,312.000000,51725455.000000,9.000000
147010504.000000,196.000000,168.000000,352892.000000,343.000000,52078690.000000,8.000000
148021836.000000,189.000000,242.000000,353193.000000,280.000000,52432163.000000,6.000000
149007140.000000,179.000000,208.000000,344638.000000,286.000000,52777087.000000,10.000000
150010587.000000,185.000000,225.000000,352082.000000,273.000000,53129442.000000,3.000000
151005608.000000,176.000000,226.000000,349844.000000,262.000000,53479548.000000,6.000000
152003945.000000,193.000000,184.000000,353405.000000,346.000000,53833299.000000,1.000000
153025368.000000,215.000000,182.000000,360327.000000,367.000000,54193993.000000,11.000000
154026731.000000,198.000000,153.000000,354034.000000,301.000000,54548328.000000,15.000000
155001512.000000,192.000000,195.000000,342202.000000,392.000000,54890922.000000,10.000000
156001222.000000,191.000000,214.000000,353432.000000,317.000000,55244671.000000,2.000000
157003393.000000,196.000000,182.000000,350985.000000,334.000000,55595990.000000,3.000000
158005799.000000,228.000000,192.000000,351940.000000,559.000000,55948489.000000,21.000000
159007974.000000,243.000000,217.000000,352638.000000,478.000000,56301605.000000,46.000000
160002176.000000,207.000000,179.000000,348940.000000,314.000000,56650859.000000,23.000000
161008209.000000,192.000000,181.000000,354782.000000,361.000000,57006002.000000,20.000000
162014662.000000,185.000000,130.000000,353696.000000,258.000000,57359956.000000,7.000000
163003896.000000,183.000000,137.000000,343321.000000,236.000000,57703513.000000,5.000000
164001315.000000,163.000000,181.000000,342161.000000,263.000000,58045937.000000,6.000000
165007364.000000,185.000000,145.000000,347941.000000,294.000000,58394172.000000,5.000000
166002844.000000,185.000000,252.000000,349267.000000,302.000000,58743741.000000,11.000000
167004919.000000,182.000000,174.000000,348517.000000,337.000000,59092595.000000,8.000000
168004442.000000,185.000000,208.000000,348242.000000,239.000000,59441076.000000,1.000000
169005694.000000,177.000000,205.000000,350427.000000,281.000000,59791784.000000,8.000000
170006693.000000,179.000000,237.000000,341942.000000,229.000000,60133955.000000,4.000000
171026896.000000,164.000000,235.000000,356544.000000,327.000000,60490826.000000,8.000000
172008910.000000,183.000000,176.000000,344952.000000,308.000000,60836086.000000,3.000000
173004449.000000,177.000000,220.000000,351387.000000,248.000000,61187721.000000,4.000000
174005275.000000,176.000000,221.000000,348604.000000,291.000000,61536616.000000,5.000000
175002880.000000,196.000000,190.000000,351352.000000,320.000000,61888288.000000,13.000000
176006541.000000,190.000000,313.000000,354221.000000,417.000000,62242926.000000,13.000000
177004057.000000,196.000000,207.000000,349778.000000,369.000000,62593073.000000,9.000000
178002157.000000,182.000000,205.000000,348632.000000,296.000000,62942001.000000,3.000000
179004606.000000,192.000000,249.000000,351099.000000,350.000000,63293450.000000,4.000000
180011767.000000,182.000000,143.000000,351622.000000,237.000000,63645309.000000,4.000000
181003547.000000,182.000000,164.000000,347932.000000,246.000000,63993487.000000,4.000000
182026331.000000,189.000000,168.000000,362259.000000,266.000000,64356012.000000,7.000000
183002851.000000,179.000000,135.000000,346096.000000,220.000000,64702328.000000,4.000000
184005973.000000,195.000000,230.000000,350797.000000,339.000000,65053464.000000,6.000000
185004432.000000,185.000000,209.000000,347513.000000,292.000000,65401269.000000,12.000000
186013863.000000,203.000000,256.000000,351537.000000,350.000000,65753156.000000,19.000000
187002302.000000,189.000000,143.000000,347324.000000,294.000000,66100774.000000,10.000000
188000586.000000,197.000000,275.000000,351990.000000,282.000000,66453046.000000,11.000000
189013807.000000,202.000000,201.000000,356958.000000,381.000000,66810385.000000,17.000000
190014632.000000,226.000000,205.000000,354123.000000,296.000000,67164804.000000,19.000000
191015830.000000,208.000000,259.000000,351453.000000,308.000000,67516565.000000,28.000000
192002435.000000,212.000000,255.000000,347250.000000,293.000000,67864108.000000,29.000000
193003233.000000,218.000000,208.000000,352716.000000,315.000000,68217139.000000,33.000000
194008056.000000,245.000000,199.000000,352721.000000,325.000000,68570185.000000,48.000000
195010021.000000,184.000000,183.000000,349825.000000,281.000000,68920291.000000,32.000000
196003644.000000,197.000000,178.000000,349663.000000,235.000000,69270189.000000,11.000000
197024909.000000,188.000000,169.000000,359220.000000,242.000000,69629651.000000,6.000000
198009417.000000,176.000000,192.000000,345346.000000,228.000000,69975225.000000,7.000000
199003071.000000,187.000000,229.000000,348221.000000,365.000000,70323811.000000,5.000000
200019700.000000,188.000000,202.000000,357735.000000,251.000000,70681797.000000,6.000000
201002855.000000,186.000000,194.000000,347735.000000,231.000000,71029763.000000,6.000000
202009005.000000,192.000000,169.000000,355864.000000,285.000000,71385912.000000,11.000000
203002162.000000,204.000000,151.000000,348578.000000,320.000000,71734810.000000,12.000000
204015324.000000,204.000000,250.000000,354858.000000,377.000000,72090045.000000,12.000000
205008869.000000,182.000000,204.000000,352034.000000,329.000000,72442408.000000,12.000000
206000020.000000,18909.000000,135541.000000,279352.000000,50159.000000,72771919.000000,44.000000
207002182.000000,55191.000000,283152.000000,285898.000000,116794.000000,73174611.000000,314.000000
208000137.000000,4683.000000,6744.000000,182107.000000,183148.000000,73539866.000000,3822.000000
209000585.000000,4666.000000,6654.000000,187042.000000,182259.000000,73909167.000000,3788.000000
210000610.000000,15697.000000,23884.000000,223708.000000,147946.000000,74280821.000000,2932.000000
211000087.000000,4768.000000,6960.000000,192077.000000,182572.000000,74655470.000000,3898.000000
212000008.000000,15940.000000,23741.000000,231490.000000,147413.000000,75034373.000000,3378.000000
213000747.000000,4701.000000,10159.000000,208025.000000,180333.000000,75422731.000000,3803.000000
214000373.000000,3730.000000,9303.000000,212547.000000,168407.000000,75803685.000000,2931.000000
215000454.000000,15161.000000,28150.000000,252550.000000,138358.000000,76194593.000000,2790.000000
216001732.000000,3775.000000,12352.000000,235852.000000,167343.000000,76597788.000000,2916.000000
217000091.000000,3742.000000,11312.000000,230561.000000,171827.000000,77000176.000000,2990.000000
218000061.000000,15273.000000,27559.000000,256493.000000,142091.000000,77398760.000000,2949.000000
219000079.000000,3897.000000,12513.000000,230377.000000,174401.000000,77803538.000000,3030.000000
220000010.000000,11650.000000,23142.000000,255546.000000,153190.000000,78212274.000000,3240.000000
221000167.000000,7350.000000,17353.000000,252424.000000,161623.000000,78626321.000000,2828.000000
222000047.000000,3808.000000,12631.000000,245887.000000,168588.000000,79040796.000000,2762.000000
223001038.000000,15500.000000,29261.000000,264963.000000,146387.000000,79452146.000000,3495.000000
224000157.000000,3858.000000,13777.000000,246738.000000,174296.000000,79873180.000000,3093.000000
225000618.000000,3659.000000,12823.000000,251296.000000,176321.000000,80300797.000000,2874.000000
226001530.000000,15411.000000,26891.000000,264947.000000,149737.000000,80715481.000000,3548.000000
227000517.000000,3576.000000,11164.000000,252977.000000,173949.000000,81142407.000000,2773.000000
228000109.000000,3760.000000,13502.000000,260104.000000,175507.000000,81578018.000000,3070.000000
229000033.000000,15726.000000,28295.000000,272285.000000,147089.000000,81997392.000000,3941.000000
230000414.000000,4328.000000,14033.000000,268587.000000,167882.000000,82433861.000000,3513.000000
231000360.000000,4765.000000,13493.000000,262894.000000,168785.000000,82865540.000000,3875.000000
232000139.000000,16018.000000,28896.000000,271492.000000,146150.000000,83283182.000000,4170.000000
233000044.000000,5242.000000,14323.000000,261923.000000,170874.000000,83715979.000000,4416.000000
234001669.000000,4315.000000,13330.000000,264367.000000,168733.000000,84149079.000000,3555.000000
235000074.000000,16228.000000,28721.000000,275511.000000,147132.000000,84571722.000000,4460.000000
236000073.000000,4886.000000,13556.000000,263991.000000,169755.000000,85005468.000000,4019.000000
237000302.000000,3673.000000,11663.000000,262654.000000,169873.000000,85437995.000000,2924.000000
238000372.000000,15231.000000,27226.000000,272794.000000,148642.000000,85859431.000000,3646.000000
239002757.000000,3474.000000,12186.000000,261016.000000,173548.000000,86293995.000000,2732.000000
240000014.000000,8580.000000,18731.000000,265208.000000,162722.000000,86721925.000000,3922.000000
241000595.000000,11081.000000,23055.000000,272251.000000,151708.000000,87145884.000000,3257.000000
242000508.000000,4119.000000,15159.000000,267620.000000,168971.000000,87582475.000000,3298.000000
243000023.000000,14946.000000,27702.000000,274866.000000,149703.000000,88007044.000000,4567.000000
244000441.000000,5320.000000,15562.000000,264063.000000,171846.000000,88442953.000000,3407.000000
245000361.000000,4278.000000,12724.000000,262388.000000,174218.000000,88879559.000000,3422.000000
246002141.000000,15987.000000,27380.000000,270813.000000,153808.000000,89304180.000000,4658.000000
247000629.000000,3877.000000,12456.000000,270045.000000,172183.000000,89746408.000000,3047.000000
248000109.000000,4475.000000,14517.000000,269234.000000,174577.000000,90190219.000000,3642.000000
249001488.000000,16874.000000,28026.000000,284583.000000,152716.000000,90627518.000000,5754.000000
250000956.000000,4854.000000,15237.000000,270835.000000,173385.000000,91071738.000000,3944.000000
251000251.000000,7004.000000,15624.000000,281766.000000,168489.000000,91521993.000000,5924.000000
252000133.000000,16677.000000,27245.000000,284172.000000,152531.000000,91958696.000000,5689.000000
253002596.000000,5361.000000,14578.000000,277980.000000,171912.000000,92408588.000000,4559.000000
254000044.000000,5658.000000,14394.000000,273213.000000,174467.000000,92856268.000000,4783.000000
255000402.000000,16945.000000,28470.000000,279144.000000,156513.000000,93291925.000000,6095.000000
256000014.000000,5307.000000,15276.000000,271961.000000,173950.000000,93737836.000000,4478.000000
257000166.000000,5615.000000,15165.000000,279099.000000,173842.000000,94190777.000000,4718.000000
258000093.000000,17396.000000,29997.000000,280925.000000,157857.000000,94629559.000000,6761.000000
259000004.000000,5422.000000,14733.000000,279273.000000,174541.000000,95083373.000000,4487.000000
260002996.000000,5319.000000,14383.000000,283969.000000,176014.000000,95543356.000000,4497.000000
261000079.000000,15883.000000,28281.000000,275378.000000,161356.000000,95980090.000000,6144.000000
262001196.000000,6794.000000,17067.000000,280455.000000,174527.000000,96435072.000000,5118.000000
263001268.000000,5378.000000,15392.000000,289922.000000,170954.000000,96895948.000000,4562.000000
264000017.000000,11663.000000,24015.000000,286789.000000,159466.000000,97342203.000000,5209.000000
265000021.000000,11557.000000,22986.000000,287213.000000,168941.000000,97798357.000000,6691.000000
266000005.000000,5922.000000,17873.000000,281196.000000,174951.000000,98254504.000000,4989.000000
267000011.000000,7209.000000,16941.000000,286621.000000,170873.000000,98711998.000000,4998.000000
268000017.000000,15323.000000,25557.000000,289438.000000,157863.000000,99159299.000000,6566.000000
269000557.000000,5322.000000,16733.000000,288609.000000,172090.000000,99619998.000000,4401.000000
270001277.000000,5568.000000,16272.000000,294994.000000,169942.000000,100084934.000000,4726.000000
271000013.000000,17202.000000,28809.000000,282713.000000,160682.000000,100528329.000000,7395.000000
272000039.000000,5464.000000,15297.000000,286988.000000,172532.000000,100987849.000000,4683.000000
273000529.000000,5453.000000,14258.000000,296456.000000,168126.000000,101452431.000000,4660.000000
274000017.000000,17223.000000,27012.000000,281870.000000,163951.000000,101898252.000000,7741.000000
275000013.000000,5386.000000,14193.000000,290926.000000,172145.000000,102361323.000000,4630.000000
276000005.000000,5231.000000,14444.000000,293368.000000,171463.000000,102826154.000000,4482.000000
277000361.000000,17137.000000,28253.000000,282020.000000,163706.000000,103271880.000000,7757.000000
278002737.000000,5270.000000,14331.000000,296225.000000,168699.000000,103736804.000000,4392.000000
279000665.000000,5157.000000,15643.000000,297538.000000,168232.000000,104202574.000000,4415.000000
280000390.000000,17116.000000,26956.000000,284003.000000,163235.000000,104649812.000000,7964.000000
281000100.000000,5539.000000,15672.000000,297599.000000,169744.000000,105117155.000000,4687.000000
282000093.000000,5481.000000,15342.000000,293888.000000,169584.000000,105580627.000000,4583.000000
283000179.000000,16993.000000,26136.000000,286177.000000,164086.000000,106030890.000000,8577.000000
284000187.000000,5697.000000,14113.000000,296844.000000,167872.000000,106495606.000000,4459.000000
285000653.000000,5290.000000,14821.000000,290343.000000,177285.000000,106963234.000000,4597.000000
286000005.000000,11253.000000,20454.000000,295599.000000,161501.000000,107420334.000000,6008.000000
287000813.000000,11688.000000,20547.000000,286515.000000,172908.000000,107879757.000000,7521.000000
288002323.000000,5852.000000,16275.000000,293415.000000,172498.000000,108345670.000000,5011.000000
289000086.000000,5943.000000,16475.000000,298265.000000,165802.000000,108809737.000000,5072.000000
290000296.000000,17601.000000,27168.000000,285468.000000,165004.000000,109260209.000000,9170.000000
291000205.000000,5640.000000,15302.000000,295885.000000,169509.000000,109725603.000000,4862.000000
292000738.000000,5640.000000,15138.000000,295909.000000,171932.000000,110193444.000000,4874.000000
293000045.000000,17293.000000,26419.000000,275238.000000,173899.000000,110642581.000000,9131.000000
294001396.000000,5694.000000,14965.000000,294831.000000,172493.000000,111109905.000000,4851.000000
295000285.000000,5333.000000,15903.000000,294539.000000,172168.000000,111576612.000000,4552.000000
296000013.000000,16680.000000,25207.000000,282795.000000,169280.000000,112028687.000000,8918.000000
297002290.000000,5371.000000,15055.000000,297144.000000,173179.000000,112499010.000000,4620.000000
298000323.000000,11429.000000,19042.000000,284490.000000,172816.000000,112956316.000000,10041.000000
299000045.000000,16117.000000,23796.000000,277813.000000,166540.000000,113400669.000000,8513.000000
300000117.000000,5378.000000,14596.000000,294277.000000,170727.000000,113865673.000000,4501.000000
301000021.000000,5301.000000,15929.000000,293541.000000,170783.000000,114329997.000000,4343.000000
302001059.000000,16819.000000,24841.000000,281869.000000,170850.000000,114782716.000000,9157.000000
303000168.000000,5078.000000,13795.000000,293867.000000,171267.000000,115247850.000000,4127.000000
304000301.000000,4929.000000,14490.000000,287488.000000,172829.000000,115708167.000000,4010.000000
305003168.000000,16252.000000,25377.000000,284918.000000,170986.000000,116164071.000000,8870.000000
306001136.000000,7560.000000,16151.000000,296683.000000,170767.000000,116631521.000000,6533.000000
307000003.000000,6170.000000,15061.000000,292450.000000,174384.000000,117098355.000000,5290.000000
308000032.000000,14113.000000,23039.000000,289504.000000,171465.000000,117559324.000000,7601.000000
309000154.000000,8152.000000,17172.000000,289253.000000,176995.000000,118025572.000000,6505.000000
310000104.000000,6618.000000,15821.000000,301305.000000,169798.000000,118496675.000000,5660.000000
311000304.000000,6509.000000,15946.000000,305449.000000,168414.000000,118970538.000000,5598.000000
312000137.000000,16481.000000,24238.000000,288812.000000,168737.000000,119428087.000000,9219.000000
313001131.000000,6829.000000,15528.000000,304523.000000,169469.000000,119902079.000000,5843.000000
314000425.000000,14673.000000,21424.000000,296955.000000,168883.000000,120367917.000000,13205.000000
315002506.000000,17602.000000,24019.000000,282376.000000,173094.000000,120823387.000000,10374.000000
316000050.000000,5549.000000,14486.000000,298030.000000,172149.000000,121293566.000000,4721.000000
317002274.000000,5522.000000,13814.000000,298500.000000,171913.000000,121763979.000000,4665.000000
318000221.000000,15504.000000,23789.000000,280582.000000,174255.000000,122218816.000000,8482.000000
319000083.000000,5065.000000,13929.000000,299751.000000,173005.000000,122691572.000000,4257.000000
320000714.000000,4881.000000,13767.000000,296208.000000,174727.000000,123162507.000000,4172.000000
321002245.000000,15068.000000,23097.000000,288736.000000,173178.000000,123624421.000000,8174.000000
322000856.000000,5604.000000,13307.000000,297511.000000,169438.000000,124091370.000000,4720.000000
323000443.000000,5270.000000,14455.000000,300769.000000,170643.000000,124562782.000000,4383.000000
324000003.000000,13384.000000,23217.000000,290743.000000,169362.000000,125022887.000000,7323.000000
325000024.000000,7104.000000,15281.000000,294769.000000,172019.000000,125489675.000000,5493.000000
326000505.000000,4897.000000,13604.000000,298862.000000,168872.000000,125957409.000000,4106.000000
327000005.000000,7598.000000,17332.000000,302421.000000,168048.000000,126427878.000000,5137.000000
328000448.000000,12521.000000,20599.000000,289886.000000,174729.000000,126892493.000000,7687.000000
329000118.000000,4816.000000,14196.000000,304169.000000,169440.000000,127366102.000000,4135.000000
330000234.000000,5047.000000,15189.000000,307551.000000,170658.000000,127844311.000000,4255.000000
331000053.000000,15626.000000,22936.000000,284689.000000,176648.000000,128305648.000000,9261.000000
332000616.000000,4980.000000,13783.000000,302289.000000,175586.000000,128783523.000000,4117.000000
333000064.000000,4993.000000,13779.000000,307365.000000,174235.000000,129265123.000000,4058.000000
334001674.000000,15174.000000,22399.000000,291648.000000,177041.000000,129733812.000000,9149.000000
335000261.000000,5298.000000,14978.000000,312128.000000,169331.000000,130215271.000000,4475.000000
336001951.000000,5170.000000,14759.000000,310782.000000,170364.000000,130696417.000000,4365.000000
337000028.000000,15340.000000,23778.000000,289983.000000,173933.000000,131160333.000000,9404.000000
338000288.000000,5580.000000,16914.000000,316923.000000,167157.000000,131644413.000000,4592.000000
339000314.000000,5643.000000,15271.000000,319810.000000,163699.000000,132127922.000000,4710.000000
340000946.000000,15100.000000,21309.000000,290238.000000,168852.000000,132587012.000000,9480.000000
341000285.000000,5059.000000,14089.000000,320385.000000,162613.000000,133070010.000000,4182.000000
342000079.000000,5736.000000,15668.000000,314576.000000,166451.000000,133551037.000000,4855.000000
343000016.000000,11321.000000,21764.000000,311425.000000,163813.000000,134026275.000000,7028.000000
344001599.000000,8601.000000,14661.000000,303384.000000,170885.000000,134500544.000000,6607.000000
345002181.000000,4900.000000,15137.000000,320966.000000,162232.000000,134983742.000000,4185.000000
346000509.000000,5621.000000,14823.000000,318198.000000,166626.000000,135468566.000000,4815.000000
347000317.000000,14991.000000,21545.000000,297737.000000,171910.000000,135938213.000000,9520.000000
348000070.000000,5162.000000,17473.000000,316201.000000,165738.000000,136420152.000000,4297.000000
349004109.000000,5673.000000,14896.000000,323915.000000,161157.000000,136905224.000000,4797.000000
350000903.000000,15637.000000,20874.000000,290334.000000,170864.000000,137366422.000000,10278.000000
351000588.000000,5127.000000,14451.000000,318079.000000,159452.000000,137843953.000000,4304.000000
352000020.000000,4770.000000,14549.000000,318332.000000,164064.000000,138326349.000000,3995.000000
353000059.000000,13771.000000,22157.000000,298474.000000,173096.000000,138797919.000000,9258.000000
354000274.000000,6425.000000,16193.000000,312872.000000,166791.000000,139277582.000000,4916.000000
355000173.000000,4562.000000,12969.000000,315273.000000,158286.000000,139751141.000000,3845.000000
356000469.000000,4964.000000,14474.000000,320860.000000,162722.000000,140234723.000000,4054.000000
357000236.000000,15632.000000,21510.000000,297334.000000,172713.000000,140704770.000000,10415.000000
358001690.000000,6667.000000,15524.000000,318107.000000,166961.000000,141189838.000000,5764.000000
359000034.000000,6386.000000,15401.000000,312940.000000,170942.000000,141673720.000000,5518.000000
360000114.000000,15640.000000,22556.000000,295675.000000,177908.000000,142147303.000000,10538.000000
361000057.000000,6461.000000,16047.000000,323952.000000,158923.000000,142630178.000000,5535.000000
362002699.000000,5309.000000,15723.000000,324164.000000,163341.000000,143117683.000000,4467.000000
363000031.000000,13321.000000,21554.000000,309036.000000,167755.000000,143594474.000000,9018.000000
364000107.000000,7700.000000,16287.000000,310499.000000,173088.000000,144078061.000000,6164.000000
365000156.000000,4808.000000,13646.000000,318480.000000,164868.000000,144561409.000000,3976.000000
366000996.000000,4845.000000,12805.000000,323585.000000,160358.000000,145045352.000000,4015.000000
367002778.000000,14706.000000,20338.000000,299442.000000,175280.000000,145520074.000000,9993.000000
368000123.000000,5234.000000,13910.000000,322483.000000,162606.000000,146005163.000000,4415.000000
369000399.000000,4576.000000,14382.000000,323274.000000,166755.000000,146495192.000000,3761.000000
370000179.000000,14416.000000,20638.000000,294202.000000,181116.000000,146970510.000000,9714.000000
371000018.000000,9883.000000,17417.000000,319858.000000,164230.000000,147454598.000000,8744.000000
372001390.000000,8150.000000,16731.000000,326288.000000,162099.000000,147942985.000000,7178.000000
373000060.000000,12286.000000,18817.000000,305005.000000,165968.000000,148413958.000000,8380.000000
374000018.000000,6911.000000,13907.000000,301367.000000,165547.000000,148880872.000000,5365.000000
375000601.000000,4058.000000,11400.000000,308245.000000,159242.000000,149348359.000000,3327.000000
376000182.000000,4774.000000,12491.000000,309889.000000,163517.000000,149821765.000000,3990.000000
377002779.000000,13857.000000,17948.000000,289871.000000,172952.000000,150284588.000000,9393.000000
378000010.000000,9280.000000,16240.000000,314982.000000,161288.000000,150760858.000000,8163.000000
379000622.000000,4474.000000,13606.000000,334163.000000,156709.000000,151251730.000000,3709.000000
380000670.000000,14716.000000,20377.000000,305568.000000,171401.000000,151728699.000000,10319.000000
381000004.000000,8808.000000,16077.000000,317009.000000,165818.000000,152211526.000000,7716.000000
382000005.000000,4102.000000,12041.000000,314148.000000,165266.000000,152690940.000000,3329.000000
383000022.000000,9031.000000,13903.000000,301425.000000,172068.000000,153164433.000000,6898.000000
384003484.000000,15116.000000,21131.000000,311745.000000,169353.000000,153645531.000000,11898.000000
385000981.000000,9670.000000,17541.000000,315850.000000,164850.000000,154126231.000000,8505.000000
386002382.000000,5230.000000,14621.000000,317630.000000,166143.000000,154610004.000000,4273.000000
387000541.000000,14557.000000,20259.000000,291460.000000,185506.000000,155086970.000000,10412.000000
388000118.000000,14138.000000,20067.000000,305450.000000,171326.000000,155563746.000000,12708.000000
389000010.000000,10482.000000,18110.000000,321082.000000,161327.000000,156046155.000000,9146.000000
390000043.000000,8442.000000,15426.000000,314172.000000,162642.000000,156522969.000000,7414.000000
391000229.000000,14094.000000,19983.000000,302302.000000,174988.000000,157000259.000000,10216.000000
392000347.000000,5031.000000,13713.000000,325861.000000,164728.000000,157490848.000000,4097.000000
393000562.000000,5001.000000,14744.000000,329594.000000,164089.000000,157984531.000000,4104.000000
394002860.000000,14392.000000,19562.000000,297277.000000,183101.000000,158464909.000000,10593.000000
395000647.000000,4786.000000,14626.000000,323686.000000,165804.000000,158954399.000000,3846.000000
396000002.000000,13182.000000,20210.000000,311512.000000,165881.000000,159431792.000000,11613.000000
397000977.000000,7104.000000,15633.000000,322910.000000,158962.000000,159913664.000000,6184.000000
398000437.000000,14049.000000,19011.000000,295545.000000,182652.000000,160391861.000000,10313.000000
399000145.000000,4837.000000,13907.000000,325172.000000,163860.000000,160880893.000000,3767.000000
400000302.000000,4702.000000,13770.000000,322451.000000,168461.000000,161371805.000000,3713.000000
401000738.000000,18772.000000,21966.000000,290350.000000,186360.000000,161848515.000000,15003.000000
402000681.000000,8888.000000,16919.000000,323546.000000,159131.000000,162331192.000000,7775.000000
403000361.000000,4824.000000,13859.000000,328164.000000,161640.000000,162820996.000000,4018.000000
404000079.000000,12373.000000,16982.000000,302027.000000,183237.000000,163306260.000000,9695.000000
405000899.000000,6444.000000,14530.000000,317678.000000,172405.000000,163796343.000000,5009.000000
406000001.000000,4999.000000,14275.000000,327752.000000,163928.000000,164288023.000000,4162.000000
407000105.000000,5101.000000,13715.000000,326256.000000,166099.000000,164780378.000000,4184.000000
408000299.000000,13255.000000,18037.000000,298949.000000,179494.000000,165258821.000000,10182.000000
409000008.000000,11356.000000,18728.000000,321467.000000,162126.000000,165742414.000000,10029.000000
410002732.000000,9317.000000,16490.000000,319895.000000,163821.000000,166226130.000000,8321.000000
411000198.000000,13007.000000,18361.000000,301761.000000,180593.000000,166708484.000000,9958.000000
412000311.000000,10092.000000,18093.000000,324702.000000,163860.000000,167197046.000000,8901.000000
413000081.000000,9410.000000,17214.000000,323539.000000,166045.000000,167686630.000000,8306.000000
414000054.000000,4608.000000,13422.000000,331946.000000,161370.000000,168179946.000000,3877.000000
415000022.000000,12633.000000,17586.000000,307371.000000,178544.000000,168665861.000000,9699.000000
416000007.000000,10862.000000,19140.000000,319369.000000,169756.000000,169154986.000000,9560.000000
417001489.000000,6133.000000,15564.000000,338145.000000,161027.000000,169654158.000000,5391.000000
418000048.000000,17111.000000,20793.000000,298751.000000,179051.000000,170131960.000000,14446.000000
419000178.000000,13189.000000,20312.000000,315893.000000,171217.000000,170619070.000000,11282.000000
420002898.000000,5363.000000,14167.000000,340829.000000,153707.000000,171113606.000000,4548.000000
421000502.000000,14389.000000,19575.000000,315168.000000,166743.000000,171595517.000000,12989.000000
422001914.000000,13256.000000,17214.000000,310927.000000,176319.000000,172082763.000000,10377.000000
423002487.000000,10583.000000,17396.000000,318946.000000,164645.000000,172566354.000000,9268.000000
424000571.000000,6465.000000,15027.000000,327955.000000,163872.000000,173058181.000000,5498.000000
425000425.000000,4865.000000,14237.000000,334199.000000,162448.000000,173554828.000000,4015.000000
426000714.000000,18518.000000,21649.000000,291949.000000,183301.000000,174030078.000000,15317.000000
427000008.000000,9775.000000,17996.000000,322908.000000,159830.000000,174512816.000000,8697.000000
428000016.000000,5435.000000,15489.000000,330305.000000,162365.000000,175005486.000000,4595.000000
429000043.000000,10262.000000,14862.000000,306122.000000,183647.000000,175495255.000000,8870.000000
430000805.000000,8610.000000,16876.000000,322618.000000,169014.000000,175986887.000000,6376.000000
431000963.000000,5427.000000,13603.000000,332988.000000,161157.000000,176481032.000000,4624.000000
432001884.000000,10922.000000,17751.000000,323810.000000,161917.000000,176966759.000000,9769.000000
433000831.000000,17620.000000,20748.000000,295052.000000,183056.000000,177444867.000000,14700.000000
434001023.000000,10976.000000,18644.000000,326485.000000,162461.000000,177933813.000000,9771.000000
435000221.000000,16349.000000,21524.000000,313496.000000,164479.000000,178411788.000000,14777.000000
436000027.000000,5962.000000,15327.000000,338447.000000,158546.000000,178908781.000000,5066.000000
437000333.000000,12590.000000,17663.000000,311902.000000,178881.000000,179399564.000000,9995.000000
438000228.000000,10403.000000,18707.000000,325273.000000,163048.000000,179887885.000000,9193.000000
439000140.000000,11268.000000,18581.000000,323895.000000,163329.000000,180375109.000000,10064.000000
440000219.000000,10112.000000,17896.000000,327795.000000,163475.000000,180866379.000000,9043.000000
441000248.000000,18264.000000,20756.000000,293473.000000,181476.000000,181341328.000000,15240.000000
442000373.000000,5948.000000,14119.000000,338752.000000,160841.000000,181840921.000000,5129.000000
443000032.000000,10908.000000,17201.000000,323989.000000,161188.000000,182326098.000000,9740.000000
444000030.000000,10885.000000,17307.000000,314296.000000,162557.000000,182802951.000000,8646.000000
445002495.000000,10360.000000,13784.000000,297812.000000,184250.000000,183285013.000000,9404.000000
446000543.000000,6689.000000,13613.000000,324432.000000,158472.000000,183767917.000000,5963.000000
447000191.000000,6869.000000,14160.000000,323887.000000,160763.000000,184252567.000000,6108.000000
448000516.000000,13461.000000,15965.000000,297446.000000,183951.000000,184733964.000000,11319.000000
449000776.000000,6657.000000,13188.000000,321733.000000,165221.000000,185220918.000000,5931.000000
450000312.000000,6758.000000,14358.000000,326001.000000,165071.000000,185711990.000000,6009.000000
451000007.000000,6734.000000,15001.000000,325246.000000,163538.000000,186200774.000000,5956.000000
452000782.000000,13319.000000,16178.000000,301723.000000,183509.000000,186686006.000000,11298.000000
453000334.000000,6846.000000,14264.000000,329607.000000,162131.000000,187177744.000000,6143.000000
454000091.000000,7121.000000,14836.000000,330730.000000,164162.000000,187672636.000000,6410.000000
455002826.000000,13278.000000,16512.000000,300726.000000,191117.000000,188164479.000000,11378.000000
456000769.000000,6921.000000,14388.000000,327729.000000,165685.000000,188657893.000000,6262.000000
457000032.000000,6698.000000,13870.000000,327762.000000,160618.000000,189146273.000000,5968.000000
458000247.000000,6606.000000,13725.000000,329212.000000,157026.000000,189632511.000000,5940.000000
459000164.000000,12847.000000,15320.000000,301596.000000,185693.000000,190119800.000000,11188.000000
460001102.000000,6829.000000,13849.000000,327330.000000,164410.000000,190611540.000000,6172.000000
461000031.000000,6869.000000,13622.000000,322733.000000,164963.000000,191099236.000000,6146.000000
462001834.000000,17034.000000,18355.000000,290104.000000,189460.000000,191578800.000000,15220.000000
463000202.000000,10169.000000,16954.000000,322152.000000,158411.000000,192059363.000000,8967.000000
464000427.000000,4614.000000,12836.000000,333983.000000,152043.000000,192545389.000000,3929.000000
465000019.000000,15802.000000,20154.000000,311155.000000,163264.000000,193019808.000000,14261.000000
466000012.000000,11645.000000,14876.000000,305221.000000,183425.000000,193508454.000000,10143.000000
467002490.000000,12047.000000,17599.000000,313114.000000,165337.000000,193986905.000000,10857.000000
468000013.000000,17471.000000,22488.000000,303873.000000,171057.000000,194461835.000000,15809.000000
469000018.000000,4780.000000,14186.000000,344992.000000,155157.000000,194961984.000000,4081.000000
470000103.000000,11690.000000,15829.000000,309555.000000,179348.000000,195450887.000000,10308.000000
471000005.000000,5850.000000,15073.000000,344911.000000,150661.000000,195946459.000000,5032.000000
472000256.000000,7255.000000,15308.000000,340579.000000,158861.000000,196445899.000000,6347.000000
473000043.000000,7463.000000,15309.000000,333222.000000,160204.000000,196939325.000000,6500.000000
474000882.000000,12570.000000,16289.000000,309169.000000,183696.000000,197432190.000000,11197.000000
475000165.000000,7786.000000,16489.000000,339431.000000,159367.000000,197930988.000000,6739.000000
476001179.000000,5799.000000,14542.000000,340052.000000,154241.000000,198425281.000000,4908.000000
477000115.000000,16934.000000,21858.000000,310580.000000,165761.000000,198901622.000000,15239.000000
478000003.000000,11278.000000,17675.000000,313709.000000,176282.000000,199391613.000000,9759.000000
479000603.000000,13889.000000,19804.000000,321280.000000,163844.000000,199876737.000000,12456.000000
480001887.000000,7289.000000,15584.000000,335580.000000,161450.000000,200373767.000000,6192.000000
481000738.000000,11286.000000,15871.000000,310467.000000,187370.000000,200871604.000000,9911.000000
482000754.000000,7661.000000,15914.000000,338815.000000,155986.000000,201366405.000000,6506.000000
483000053.000000,7390.000000,16481.000000,337984.000000,158881.000000,201863270.000000,6451.000000
484000264.000000,12746.000000,19555.000000,323438.000000,165871.000000,202352579.000000,11479.000000
485000022.000000,16986.000000,20162.000000,295644.000000,189430.000000,202837653.000000,15136.000000
486000285.000000,15276.000000,20249.000000,313394.000000,169623.000000,203320670.000000,13870.000000
487000002.000000,11712.000000,17300.000000,323040.000000,165511.000000,203809221.000000,10468.000000
488000573.000000,7371.000000,15580.000000,336218.000000,163001.000000,204308440.000000,6388.000000
489000005.000000,14513.000000,18634.000000,305434.000000,184966.000000,204798840.000000,13028.000000
490000575.000000,9037.000000,17030.000000,333676.000000,161540.000000,205294056.000000,7747.000000
491000010.000000,6535.000000,16513.000000,339784.000000,157604.000000,205791444.000000,5604.000000
492000014.000000,10707.000000,17811.000000,327862.000000,166275.000000,206285581.000000,9366.000000
493000030.000000,13127.000000,17201.000000,304481.000000,190449.000000,206780511.000000,11828.000000
494000138.000000,11742.000000,18576.000000,321663.000000,169838.000000,207272012.000000,10550.000000
495002287.000000,9657.000000,16951.000000,330692.000000,161776.000000,207764480.000000,8609.000000
496000086.000000,6705.000000,15734.000000,339298.000000,158237.000000,208262015.000000,5821.000000
497000060.000000,16611.000000,19169.000000,296747.000000,188697.000000,208747459.000000,14794.000000
498000261.000000,6702.000000,15723.000000,342733.000000,153698.000000,209243890.000000,5777.000000
499000016.000000,15814.000000,20080.000000,306984.000000,175041.000000,209725915.000000,14265.000000
500000511.000000,12524.000000,19441.000000,320753.000000,172312.000000,210218980.000000,11430.000000
501000181.000000,17859.000000,20068.000000,291253.000000,195798.000000,210706031.000000,16017.000000
502000722.000000,7632.000000,17341.000000,339775.000000,166291.000000,211212097.000000,6688.000000
503000682.000000,12057.000000,19194.000000,322886.000000,167860.000000,211702843.000000,10777.000000
504000141.000000,6522.000000,15535.000000,342548.000000,159033.000000,212204424.000000,5625.000000
505000085.000000,10594.000000,14781.000000,312288.000000,185809.000000,212702521.000000,9298.000000
506001395.000000,6619.000000,14385.000000,337331.000000,164616.000000,213204468.000000,5760.000000
507000011.000000,8518.000000,17028.000000,330399.000000,168047.000000,213702914.000000,7503.000000
508000142.000000,8707.000000,15319.000000,327533.000000,178246.000000,214208693.000000,7767.000000
509000786.000000,9661.000000,15961.000000,325219.000000,168131.000000,214702043.000000,8363.000000
510000467.000000,5854.000000,15661.000000,341298.000000,160918.000000,215204259.000000,5051.000000
511000274.000000,8514.000000,15310.000000,335713.000000,161884.000000,215701856.000000,7514.000000
512000054.000000,12344.000000,15542.000000,306718.000000,184766.000000,216193340.000000,10914.000000
513000142.000000,11406.000000,19662.000000,322935.000000,170278.000000,216686553.000000,10252.000000
514000124.000000,7185.000000,14875.000000,336936.000000,165731.000000,217189220.000000,6277.000000
515000838.000000,9704.000000,17243.000000,329580.000000,162336.000000,217681136.000000,8652.000000
516000013.000000,16287.000000,18484.000000,297613.000000,187843.000000,218166592.000000,14591.000000
517000333.000000,5970.000000,15808.000000,343307.000000,157624.000000,218667523.000000,5079.000000
518000088.000000,6811.000000,15556.000000,340499.000000,157434.000000,219165456.000000,5836.000000
519000048.000000,8681.000000,14696.000000,325841.000000,177894.000000,219669191.000000,7758.000000
520000226.000000,7991.000000,15444.000000,330169.000000,174704.000000,220174064.000000,6928.000000
521000229.000000,5356.000000,14513.000000,342092.000000,159144.000000,220675300.000000,4599.000000
522000667.000000,8274.000000,16869.000000,337551.000000,162002.000000,221174853.000000,7225.000000
523000022.000000,12594.000000,16743.000000,310764.000000,186307.000000,221671924.000000,11164.000000
524000152.000000,10069.000000,16904.000000,327337.000000,162601.000000,222161862.000000,8921.000000
525000565.000000,14760.000000,18591.000000,308400.000000,171318.000000,222641580.000000,13366.000000
526001951.000000,5150.000000,15141.000000,342076.000000,163356.000000,223147012.000000,4259.000000
527000014.000000,16372.000000,18695.000000,296875.000000,189438.000000,223633325.000000,14664.000000
528001368.000000,9784.000000,16934.000000,329504.000000,165202.000000,224128031.000000,8740.000000
529000368.000000,10950.000000,16306.000000,318200.000000,169235.000000,224615466.000000,9820.000000
530000024.000000,5955.000000,14926.000000,344960.000000,157419.000000,225117845.000000,5128.000000
531000066.000000,10553.000000,15263.000000,317420.000000,184752.000000,225620017.000000,9304.000000
532000052.000000,6910.000000,15824.000000,340532.000000,163552.000000,226124101.000000,6013.000000
533000447.000000,4713.000000,14933.000000,346720.000000,157446.000000,226628267.000000,3958.000000
534002121.000000,10996.000000,16537.000000,315449.000000,185937.000000,227129653.000000,9584.000000
535000068.000000,4904.000000,15518.000000,342924.000000,157398.000000,227629975.000000,4087.000000
536002803.000000,10071.000000,17738.000000,332428.000000,160158.000000,228122561.000000,8900.000000
537000111.000000,5249.000000,14058.000000,335780.000000,164496.000000,228622837.000000,4321.000000
538000082.000000,10255.000000,14490.000000,309408.000000,188249.000000,229120494.000000,9058.000000
539001145.000000,10037.000000,18210.000000,324663.000000,169549.000000,229614706.000000,8860.000000
540000344.000000,6503.000000,16298.000000,341886.000000,161451.000000,230118043.000000,5572.000000
541000051.000000,13123.000000,16521.000000,308727.000000,186540.000000,230613310.000000,11627.000000
542000019.000000,6730.000000,14460.000000,339339.000000,163947.000000,231116596.000000,5858.000000
543000590.000000,6057.000000,16086.000000,346471.000000,160050.000000,231623117.000000,5042.000000
544000081.000000,5978.000000,15291.000000,340766.000000,161703.000000,232125586.000000,4888.000000
545001036.000000,9901.000000,14854.000000,318484.000000,181657.000000,232625727.000000,8787.000000
546000557.000000,5991.000000,15459.000000,344610.000000,157451.000000,233127788.000000,5083.000000
547000773.000000,5601.000000,15322.000000,347367.000000,160454.000000,233635609.000000,4779.000000
548002580.000000,12217.000000,16814.000000,313923.000000,187530.000000,234137062.000000,10844.000000
549000088.000000,8483.000000,17261.000000,336632.000000,165084.000000,234638778.000000,7332.000000
550000307.000000,8330.000000,16658.000000,338387.000000,163303.000000,235140468.000000,7218.000000
551000045.000000,7338.000000,16321.000000,340248.000000,162848.000000,235643564.000000,6207.000000
552000594.000000,10590.000000,15958.000000,318738.000000,184326.000000,236146628.000000,9470.000000
553000584.000000,6746.000000,16657.000000,340924.000000,163552.000000,236651104.000000,5851.000000
554000222.000000,10303.000000,18664.000000,335755.000000,169682.000000,237156541.000000,9102.000000
555000013.000000,11982.000000,17013.000000,312011.000000,188475.000000,237657027.000000,10588.000000
556000660.000000,7834.000000,16995.000000,338074.000000,169144.000000,238164245.000000,6872.000000
557000768.000000,9865.000000,18550.000000,335669.000000,171149.000000,238671063.000000,8700.000000
558000317.000000,8975.000000,17689.000000,340344.000000,169980.000000,239181387.000000,7943.000000
559000842.000000,12043.000000,16550.000000,317406.000000,188683.000000,239687476.000000,10699.000000
560000001.000000,9622.000000,17089.000000,334286.000000,163581.000000,240185343.000000,8340.000000
561000013.000000,6838.000000,15992.000000,334131.000000,162043.000000,240681517.000000,5889.000000
562000056.000000,15690.000000,18999.000000,300872.000000,192329.000000,241174718.000000,14005.000000
563000430.000000,4886.000000,14404.000000,346223.000000,154789.000000,241675730.000000,4129.000000
564001496.000000,4676.000000,14407.000000,345614.000000,158793.000000,242180137.000000,3967.000000
565000023.000000,6802.000000,15246.000000,334473.000000,170147.000000,242684757.000000,5763.000000
566001069.000000,7809.000000,14062.000000,330397.000000,174371.000000,243189525.000000,6910.000000
567000040.000000,7371.000000,16386.000000,338904.000000,166982.000000,243695411.000000,6394.000000
568000141.000000,5692.000000,14925.000000,343424.000000,162800.000000,244201635.000000,4736.000000
569001859.000000,11092.000000,15990.000000,320874.000000,186840.000000,244709349.000000,9786.000000
570003522.000000,5626.000000,14300.000000,346748.000000,162270.000000,245218367.000000,4778.000000
571000057.000000,9199.000000,18041.000000,337230.000000,163157.000000,245718754.000000,8040.000000
572000958.000000,11308.000000,16136.000000,319488.000000,186043.000000,246224285.000000,10019.000000
573000429.000000,6614.000000,15456.000000,342893.000000,162970.000000,246730148.000000,5751.000000
574001346.000000,5887.000000,15459.000000,343421.000000,166573.000000,247240142.000000,5003.000000
575000602.000000,6059.000000,15402.000000,343493.000000,160153.000000,247743788.000000,5135.000000
576001081.000000,11588.000000,15746.000000,316798.000000,182792.000000,248243378.000000,10288.000000
577002202.000000,5690.000000,15402.000000,346718.000000,160631.000000,248750727.000000,4841.000000
578000225.000000,5508.000000,14842.000000,344425.000000,161493.000000,249256645.000000,4607.000000
579000059.000000,11422.000000,16329.000000,319294.000000,187870.000000,249763809.000000,10128.000000
580000096.000000,7380.000000,16679.000000,342904.000000,164375.000000,250271088.000000,6334.000000
581000056.000000,5742.000000,15045.000000,346937.000000,160759.000000,250778784.000000,4837.000000
582000123.000000,6251.000000,14893.000000,341519.000000,166605.000000,251286908.000000,5436.000000
583000163.000000,12887.000000,17071.000000,315077.000000,192392.000000,251794377.000000,11528.000000
584000527.000000,5564.000000,13822.000000,346004.000000,167354.000000,252307735.000000,4778.000000
585000135.000000,5576.000000,14556.000000,344726.000000,165689.000000,252818150.000000,4767.000000
586000118.000000,10722.000000,15228.000000,317575.000000,192545.000000,253328270.000000,9460.000000
587000277.000000,6679.000000,15675.000000,342783.000000,164856.000000,253835909.000000,5773.000000
588001714.000000,6026.000000,15823.000000,341874.000000,165618.000000,254343401.000000,5204.000000
589003680.000000,12455.000000,16666.000000,317872.000000,188322.000000,254849595.000000,11044.000000
590000035.000000,5617.000000,15649.000000,340596.000000,159808.000000,255349999.000000,4770.000000
591000105.000000,9353.000000,17919.000000,332270.000000,165026.000000,255847295.000000,8191.000000
592000028.000000,5063.000000,13758.000000,344217.000000,161978.000000,256353490.000000,4305.000000
593000141.000000,10148.000000,15502.000000,320118.000000,182332.000000,256855940.000000,8885.000000
594001565.000000,7308.000000,16212.000000,343110.000000,163610.000000,257362660.000000,6368.000000
595002841.000000,5780.000000,15823.000000,344925.000000,163768.000000,257871353.000000,4846.000000
596000587.000000,11422.000000,15825.000000,315265.000000,185957.000000,258372575.000000,10100.000000
597000007.000000,10710.000000,18730.000000,330276.000000,167195.000000,258870046.000000,9193.000000
598001273.000000,8056.000000,17207.000000,342629.000000,170947.000000,259383622.000000,7097.000000
599000829.000000,6023.000000,15212.000000,344077.000000,161961.000000,259889660.000000,5189.000000
600001980.000000,12027.000000,16371.000000,319693.000000,185266.000000,260394619.000000,10613.000000
601001954.000000,5959.000000,15195.000000,344962.000000,166461.000000,260906042.000000,4974.000000
602000014.000000,6480.000000,16197.000000,341695.000000,166350.000000,261414087.000000,5528.000000
603000639.000000,12542.000000,18119.000000,318531.000000,189789.000000,261922407.000000,11053.000000
604000160.000000,6215.000000,14561.000000,341682.000000,167605.000000,262431694.000000,5283.000000
605000024.000000,5409.000000,14469.000000,345065.000000,161914.000000,262938673.000000,4565.000000
606000327.000000,10911.000000,16857.000000,321667.000000,185605.000000,263445945.000000,9634.000000
607000239.000000,5311.000000,15425.000000,341934.000000,166862.000000,263954741.000000,4477.000000
608001219.000000,5605.000000,14779.000000,344732.000000,165019.000000,264464492.000000,4751.000000
609000077.000000,6208.000000,15887.000000,344063.000000,165314.000000,264973869.000000,5157.000000
610000287.000000,17948.000000,20856.000000,301511.000000,192629.000000,265468009.000000,15994.000000
611000140.000000,4782.000000,14422.000000,342523.000000,158259.000000,265968791.000000,4010.000000
612000040.000000,4928.000000,14245.000000,341373.000000,167685.000000,266477849.000000,4158.000000
613000583.000000,10432.000000,14403.000000,315369.000000,186704.000000,266979922.000000,9225.000000
614000011.000000,9017.000000,15972.000000,329348.000000,169830.000000,267479100.000000,7710.000000
615001173.000000,6433.000000,15541.000000,342528.000000,163572.000000,267985200.000000,5675.000000
616000023.000000,11823.000000,17430.000000,318064.000000,174706.000000,268477970.000000,10371.000000
617000034.000000,7349.000000,14205.000000,327978.000000,175159.000000,268981107.000000,6469.000000
618000542.000000,11107.000000,18667.000000,333543.000000,163764.000000,269478414.000000,9698.000000
619001555.000000,11058.000000,18946.000000,328903.000000,166069.000000,269973386.000000,9606.000000
620000484.000000,16483.000000,19168.000000,302966.000000,191918.000000,270468270.000000,14741.000000
621000313.000000,5023.000000,14338.000000,346214.000000,162165.000000,270976649.000000,4153.000000
622000546.000000,5010.000000,14799.000000,344288.000000,165620.000000,271486557.000000,4167.000000
623000144.000000,9315.000000,15753.000000,331118.000000,175525.000000,271993200.000000,8005.000000
624000157.000000,7392.000000,15917.000000,334096.000000,172670.000000,272499966.000000,6431.000000
625000118.000000,5393.000000,15129.000000,341397.000000,170203.000000,273011566.000000,4602.000000
626000043.000000,6976.000000,15034.000000,340308.000000,165365.000000,273517239.000000,5892.000000
627000191.000000,12205.000000,16899.000000,318016.000000,185914.000000,274021169.000000,10811.000000
628000113.000000,5230.000000,15740.000000,347835.000000,164409.000000,274533413.000000,4348.000000
629000565.000000,5331.000000,15401.000000,346805.000000,162057.000000,275042275.000000,4480.000000
630000986.000000,12055.000000,17518.000000,314792.000000,193453.000000,275550520.000000,10665.000000
631000112.000000,6250.000000,15313.000000,337155.000000,166355.000000,276054030.000000,5355.000000
632001094.000000,6016.000000,15954.000000,343741.000000,165514.000000,276563285.000000,5181.000000
633000019.000000,10386.000000,17159.000000,323652.000000,182684.000000,277069621.000000,9068.000000
634000029.000000,7627.000000,15155.000000,336206.000000,168564.000000,277574391.000000,6426.000000
635000009.000000,5785.000000,15687.000000,340731.000000,160562.000000,278075684.000000,4947.000000
636000009.000000,5036.000000,15103.000000,343025.000000,164390.000000,278583099.000000,4186.000000
637000712.000000,9928.000000,15644.000000,322290.000000,184718.000000,279090107.000000,8718.000000
638000309.000000,4433.000000,13905.000000,344516.000000,164534.000000,279599157.000000,3691.000000
639001169.000000,5799.000000,14882.000000,343044.000000,165841.000000,280108042.000000,4901.000000
640000428.000000,11114.000000,16918.000000,321705.000000,189051.000000,280618798.000000,9747.000000
641000702.000000,4675.000000,14977.000000,346695.000000,160629.000000,281126122.000000,3883.000000
642000099.000000,5029.000000,15535.000000,340869.000000,166241.000000,281633232.000000,4205.000000
643000410.000000,11430.000000,16993.000000,319626.000000,186822.000000,282139680.000000,9990.000000
644000548.000000,5269.000000,14754.000000,342949.000000,168948.000000,282651577.000000,4378.000000
645000089.000000,5047.000000,14325.000000,342004.000000,168648.000000,283162229.000000,4221.000000
646000003.000000,10261.000000,16017.000000,326024.000000,185125.000000,283673378.000000,8919.000000
647000112.000000,5580.000000,14136.000000,343929.000000,169689.000000,284186996.000000,4717.000000
648000616.000000,6184.000000,15270.000000,342666.000000,167118.000000,284696780.000000,5244.000000
649000588.000000,4866.000000,14819.000000,351807.000000,158615.000000,285207202.000000,4005.000000
650000279.000000,10489.000000,15636.000000,321076.000000,189697.000000,285717975.000000,9156.000000
651000038.000000,6245.000000,15002.000000,341712.000000,164400.000000,286224087.000000,5262.000000
652000631.000000,6406.000000,16399.000000,345270.000000,165198.000000,286734555.000000,5384.000000
653000214.000000,12396.000000,16933.000000,317151.000000,190017.000000,287241723.000000,11015.000000
654000078.000000,8160.000000,17203.000000,341072.000000,161875.000000,287744670.000000,7026.000000
655000210.000000,5127.000000,14726.000000,342859.000000,166129.000000,288253658.000000,4302.000000
656000120.000000,9997.000000,15148.000000,320388.000000,188535.000000,288762581.000000,8805.000000
657002578.000000,3829.000000,13010.000000,349660.000000,160202.000000,289272443.000000,3030.000000
658000529.000000,5143.000000,13892.000000,344589.000000,162119.000000,289779151.000000,4260.000000
659000126.000000,7328.000000,13835.000000,333673.000000,173649.000000,290286473.000000,6372.000000
660000640.000000,7768.000000,15279.000000,333817.000000,173365.000000,290793655.000000,6816.000000
661001198.000000,4607.000000,13585.000000,343978.000000,163286.000000,291300919.000000,3815.000000
662000127.000000,5113.000000,14003.000000,344452.000000,164320.000000,291809691.000000,4217.000000
663002944.000000,10541.000000,15032.000000,324536.000000,188078.000000,292322305.000000,9290.000000
664001119.000000,6084.000000,14685.000000,342258.000000,167116.000000,292831679.000000,5268.000000
665000013.000000,6753.000000,15193.000000,339309.000000,167385.000000,293338373.000000,5877.000000
666000998.000000,10654.000000,15944.000000,322510.000000,186356.000000,293847239.000000,9387.000000
667000767.000000,6857.000000,16032.000000,342870.000000,167360.000000,294357469.000000,5797.000000
668001884.000000,4843.000000,14874.000000,343732.000000,166358.000000,294867559.000000,3990.000000
669000107.000000,10915.000000,14649.000000,322380.000000,188961.000000,295378900.000000,9617.000000
670000020.000000,4078.000000,13392.000000,345186.000000,163860.000000,295887946.000000,3305.000000
671003081.000000,4663.000000,14044.000000,344008.000000,167711.000000,296399665.000000,3899.000000
672000030.000000,8628.000000,14985.000000,325884.000000,180184.000000,296905733.000000,7494.000000
673000007.000000,7258.000000,15508.000000,337639.000000,171194.000000,297414566.000000,6260.000000
674000021.000000,5994.000000,14591.000000,341059.000000,170966.000000,297926591.000000,5133.000000
675000044.000000,6036.000000,15714.000000,341027.000000,169476.000000,298437094.000000,5137.000000
676000125.000000,13656.000000,18176.000000,315223.000000,187808.000000,298940125.000000,11976.000000
677000220.000000,7212.000000,15667.000000,340087.000000,167055.000000,299447267.000000,6167.000000
678002369.000000,4911.000000,15006.000000,343501.000000,170090.000000,299960858.000000,4118.000000
679001581.000000,9835.000000,15780.000000,322465.000000,190092.000000,300473415.000000,8633.000000
680000028.000000,4817.000000,14351.000000,344497.000000,164957.000000,300982869.000000,3914.000000
681000025.000000,4058.000000,14691.000000,347103.000000,164110.000000,301494082.000000,3246.000000
682000540.000000,10423.000000,16030.000000,323149.000000,187106.000000,302004337.000000,9106.000000
683000058.000000,4264.000000,14305.000000,342040.000000,164917.000000,302511294.000000,3361.000000
684000960.000000,5161.000000,14429.000000,339945.000000,163748.000000,303014987.000000,4190.000000
685000063.000000,10844.000000,16219.000000,318757.000000,188332.000000,303522076.000000,9479.000000
686000488.000000,5201.000000,14978.000000,346604.000000,166184.000000,304034864.000000,4371.000000
687000094.000000,5868.000000,15179.000000,341234.000000,165988.000000,304542086.000000,4875.000000
688000114.000000,8365.000000,15009.000000,333584.000000,177650.000000,305053320.000000,7241.000000
689000393.000000,9601.000000,16678.000000,329453.000000,177093.000000,305559866.000000,8368.000000
690000053.000000,4282.000000,14853.000000,340131.000000,169663.000000,306069660.000000,3485.000000
691000089.000000,4025.000000,13266.000000,341872.000000,169896.000000,306581428.000000,3129.000000
692000246.000000,11074.000000,16026.000000,320000.000000,191005.000000,307092433.000000,9751.000000
693000469.000000,6411.000000,16260.000000,339257.000000,167429.000000,307599119.000000,5316.000000
694000105.000000,4833.000000,14570.000000,342760.000000,164021.000000,308105900.000000,3944.000000
695000025.000000,11443.000000,16065.000000,316456.000000,190203.000000,308612559.000000,10074.000000
696000207.000000,6519.000000,15348.000000,338798.000000,168508.000000,309119865.000000,5499.000000
697001266.000000,4922.000000,14695.000000,339264.000000,171608.000000,309630737.000000,4082.000000
698000196.000000,10778.000000,16180.000000,313398.000000,188889.000000,310133024.000000,9428.000000
699001258.000000,5324.000000,14541.000000,340889.000000,166733.000000,310640646.000000,4343.000000
700001924.000000,3610.000000,12750.000000,342555.000000,168885.000000,311152086.000000,2869.000000
701000790.000000,10315.000000,15596.000000,321118.000000,189537.000000,311662741.000000,9055.000000
702000607.000000,4380.000000,14917.000000,341363.000000,168928.000000,312173032.000000,3505.000000
703000305.000000,4584.000000,15751.000000,342885.000000,171575.000000,312687492.000000,3753.000000
704000720.000000,10518.000000,16726.000000,317202.000000,192261.000000,313196955.000000,9176.000000
705001107.000000,7162.000000,14872.000000,334006.000000,170031.000000,313700992.000000,6084.000000
706000735.000000,5778.000000,14862.000000,341530.000000,170142.000000,314212664.000000,4863.000000
707000048.000000,12096.000000,16835.000000,318284.000000,184538.000000,314715486.000000,10583.000000
708000796.000000,7860.000000,14357.000000,324613.000000,183466.000000,315223565.000000,6878.000000
709002079.000000,5958.000000,14418.000000,333975.000000,167784.000000,315725324.000000,4968.000000
710002629.000000,6307.000000,15927.000000,332091.000000,167916.000000,316225331.000000,5106.000000
711000452.000000,10678.000000,16244.000000,317011.000000,188693.000000,316731035.000000,9371.000000
712000227.000000,4241.000000,14530.000000,342283.000000,169770.000000,317243088.000000,3349.000000
713000569.000000,9925.000000,18290.000000,326696.000000,174003.000000,317743787.000000,8548.000000
714000310.000000,10171.000000,15826.000000,321734.000000,188501.000000,318254022.000000,8840.000000
715000024.000000,5222.000000,16201.000000,342491.000000,167546.000000,318764059.000000,4203.000000
716000256.000000,6510.000000,15357.000000,335046.000000,172179.000000,319271284.000000,5409.000000
717000051.000000,11876.000000,16231.000000,316394.000000,192185.000000,319779863.000000,10423.000000
718000932.000000,4916.000000,15888.000000,340842.000000,173793.000000,320294498.000000,4099.000000
719000012.000000,10389.000000,17264.000000,323102.000000,173144.000000,320790744.000000,8949.000000
720000012.000000,11088.000000,17934.000000,321581.000000,182961.000000,321295286.000000,9674.000000
721000542.000000,7795.000000,15132.000000,329010.000000,178741.000000,321803037.000000,6752.000000
722000018.000000,5160.000000,13933.000000,337649.000000,173443.000000,322314129.000000,4196.000000
723000007.000000,5131.000000,15127.000000,341157.000000,172102.000000,322827388.000000,4093.000000
724000388.000000,16203.000000,20012.000000,305508.000000,192500.000000,323325396.000000,14441.000000
725000035.000000,4719.000000,14783.000000,341883.000000,169705.000000,323836984.000000,3810.000000
726001471.000000,3941.000000,14047.000000,347463.000000,166489.000000,324350936.000000,3060.000000
727000204.000000,10790.000000,16446.000000,317186.000000,191003.000000,324859125.000000,9290.000000
728000258.000000,6093.000000,15649.000000,340318.000000,171520.000000,325370963.000000,5065.000000
729000403.000000,3839.000000,13806.000000,343704.000000,172556.000000,325887223.000000,3057.000000
730001386.000000,10196.000000,16333.000000,318786.000000,191060.000000,326397069.000000,8850.000000
731000044.000000,3907.000000,14608.000000,341653.000000,173246.000000,326911968.000000,3082.000000
732000295.000000,4837.000000,14580.000000,339524.000000,167860.000000,327419352.000000,3881.000000
733000012.000000,10478.000000,16618.000000,318650.000000,190914.000000,327928916.000000,9161.000000
734000296.000000,4186.000000,13505.000000,339211.000000,176104.000000,328444231.000000,3430.000000
735002327.000000,9534.000000,17473.000000,326633.000000,176028.000000,328946892.000000,8203.000000
736001262.000000,16204.000000,19993.000000,303779.000000,193359.000000,329444030.000000,14358.000000
737000005.000000,9792.000000,17521.000000,329932.000000,168732.000000,329942694.000000,8449.000000
738000020.000000,4000.000000,14473.000000,345329.000000,164856.000000,330452879.000000,3172.000000
739001762.000000,9646.000000,15836.000000,323927.000000,186110.000000,330962916.000000,8356.000000
740000095.000000,5677.000000,16565.000000,343559.000000,170207.000000,331476682.000000,4614.000000
741000259.000000,4775.000000,14688.000000,343834.000000,168171.000000,331988687.000000,3915.000000
742000070.000000,8579.000000,15379.000000,325761.000000,181162.000000,332495610.000000,7399.000000
743001250.000000,7872.000000,14116.000000,326930.000000,184083.000000,333006623.000000,6929.000000
744000651.000000,7613.000000,16853.000000,329582.000000,173394.000000,333509599.000000,6486.000000
745000333.000000,6679.000000,15903.000000,335019.000000,173881.000000,334018499.000000,5755.000000
746000292.000000,10815.000000,16163.000000,316227.000000,193265.000000,334527991.000000,9559.000000
747000064.000000,4363.000000,13295.000000,337050.000000,170080.000000,335035121.000000,3583.000000
748000077.000000,4040.000000,12519.000000,340422.000000,172813.000000,335548356.000000,3266.000000
749000210.000000,10032.000000,14804.000000,313881.000000,195265.000000,336057502.000000,8822.000000
750000755.000000,5711.000000,15044.000000,338309.000000,170762.000000,336566573.000000,4684.000000
751000357.000000,8558.000000,17065.000000,333689.000000,170352.000000,337070614.000000,7311.000000
752000483.000000,13900.000000,18362.000000,307275.000000,193106.000000,337570995.000000,12361.000000
753000177.000000,4449.000000,13936.000000,338441.000000,171938.000000,338081374.000000,3540.000000
754002886.000000,3841.000000,13486.000000,341979.000000,170714.000000,338594067.000000,3059.000000
755000851.000000,9729.000000,15414.000000,318033.000000,192984.000000,339105084.000000,8524.000000
756001372.000000,5364.000000,14483.000000,338181.000000,170153.000000,339613418.000000,4381.000000
757000151.000000,5942.000000,14854.000000,336618.000000,164999.000000,340115035.000000,4947.000000
758000114.000000,10592.000000,15941.000000,315322.000000,190820.000000,340621177.000000,9283.000000
759002470.000000,5833.000000,14898.000000,336962.000000,171039.000000,341129178.000000,4812.000000
760000252.000000,5617.000000,16039.000000,333756.000000,169637.000000,341632571.000000,4629.000000
761000023.000000,9998.000000,16141.000000,321211.000000,184872.000000,342138654.000000,8558.000000
762000513.000000,4921.000000,14511.000000,339102.000000,172739.000000,342650495.000000,4044.000000
763000040.000000,4067.000000,15326.000000,341608.000000,166639.000000,343158742.000000,3197.000000
764000002.000000,9187.000000,16546.000000,322291.000000,184032.000000,343665065.000000,7812.000000
765000256.000000,7219.000000,14881.000000,331664.000000,175432.000000,344172161.000000,6318.000000
766002613.000000,5875.000000,15167.000000,341688.000000,167735.000000,344681584.000000,4949.000000
767000287.000000,4940.000000,14510.000000,339025.000000,171435.000000,345192044.000000,4106.000000
768000194.000000,10196.000000,15955.000000,316371.000000,191459.000000,345699874.000000,8903.000000
769000348.000000,4368.000000,15587.000000,337476.000000,174560.000000,346211910.000000,3520.000000
770000660.000000,3633.000000,14619.000000,343081.000000,169531.000000,346724522.000000,2780.000000
771002211.000000,10103.000000,16843.000000,316774.000000,194493.000000,347235789.000000,8725.000000
772002063.000000,4414.000000,14889.000000,339141.000000,173047.000000,347747977.000000,3521.000000
773000108.000000,3729.000000,14427.000000,336891.000000,172973.000000,348257841.000000,2946.000000
774001180.000000,10062.000000,15986.000000,314085.000000,192235.000000,348764161.000000,8713.000000
775000219.000000,4715.000000,14512.000000,338704.000000,167367.000000,349270232.000000,3791.000000
776000028.000000,3789.000000,14590.000000,341663.000000,173171.000000,349785066.000000,2789.000000
777000164.000000,9348.000000,15241.000000,317741.000000,194655.000000,350297462.000000,8237.000000
778000520.000000,3860.000000,12758.000000,341062.000000,171298.000000,350809822.000000,3061.000000
779000003.000000,5041.000000,14469.000000,337250.000000,171662.000000,351318734.000000,3969.000000
780000014.000000,8321.000000,14294.000000,319212.000000,187746.000000,351825692.000000,7264.000000
781000004.000000,3367.000000,13035.000000,342385.000000,170891.000000,352338968.000000,2599.000000
782000025.000000,6354.000000,13988.000000,329950.000000,182036.000000,352850954.000000,5229.000000
783000569.000000,7891.000000,13805.000000,324395.000000,184509.000000,353359858.000000,6830.000000
784000151.000000,5013.000000,14106.000000,337626.000000,169640.000000,353867124.000000,4140.000000
785000047.000000,5897.000000,14993.000000,331009.000000,175243.000000,354373376.000000,4768.000000
786000027.000000,11033.000000,16753.000000,312987.000000,191514.000000,354877877.000000,9668.000000
787000639.000000,4615.000000,15247.000000,341113.000000,169847.000000,355388837.000000,3616.000000
788000151.000000,5387.000000,14600.000000,334763.000000,171464.000000,355895064.000000,4425.000000
789000155.000000,12042.000000,16238.000000,306418.000000,194065.000000,356395547.000000,10568.000000
790000244.000000,7083.000000,14755.000000,329036.000000,173815.000000,356898398.000000,5996.000000
791000402.000000,6910.000000,15606.000000,329197.000000,174625.000000,357402220.000000,6005.000000
792000011.000000,10869.000000,16414.000000,309627.000000,196344.000000,357908191.000000,9528.000000
793000324.000000,5565.000000,13333.000000,331208.000000,177318.000000,358416717.000000,4638.000000
794000252.000000,6926.000000,13686.000000,326982.000000,178472.000000,358922171.000000,5852.000000
795000201.000000,11951.000000,15937.000000,302699.000000,197208.000000,359422078.000000,10525.000000
796000125.000000,5801.000000,14429.000000,329058.000000,180616.000000,359931752.000000,4785.000000
797002119.000000,4907.000000,15475.000000,333893.000000,178145.000000,360443790.000000,4013.000000
798001182.000000,13128.000000,17468.000000,302213.000000,199659.000000,360945662.000000,11530.000000
799000285.000000,6365.000000,14261.000000,325999.000000,177716.000000,361449377.000000,5328.000000
800000426.000000,6781.000000,15759.000000,328652.000000,175376.000000,361953405.000000,5613.000000
801002461.000000,10429.000000,16848.000000,308472.000000,196539.000000,362458416.000000,9064.000000
802000006.000000,3764.000000,14153.000000,332674.000000,175762.000000,362966852.000000,2973.000000
803000725.000000,9276.000000,16715.000000,317930.000000,183395.000000,363468177.000000,8103.000000
804000017.000000,10335.000000,15438.000000,305756.000000,200448.000000,363974381.000000,8933.000000
805000507.000000,8819.000000,16229.000000,321381.000000,176168.000000,364471930.000000,7683.000000
806000107.000000,4178.000000,13453.000000,331727.000000,176005.000000,364979662.000000,3320.000000
807000223.000000,10071.000000,16349.000000,308587.000000,190962.000000,365479211.000000,8715.000000
808000011.000000,9648.000000,17845.000000,319295.000000,176981.000000,365975487.000000,8337.000000
809000057.000000,8544.000000,17248.000000,321171.000000,179493.000000,366476151.000000,7150.000000
810000751.000000,14990.000000,19040.000000,304979.000000,176792.000000,366957922.000000,13446.000000
811000035.000000,10732.000000,15795.000000,306140.000000,194238.000000,367458300.000000,9391.000000
812000497.000000,6023.000000,14603.000000,327712.000000,176949.000000,367962961.000000,5010.000000
813000029.000000,6721.000000,14725.000000,328176.000000,176563.000000,368467700.000000,5532.000000
814000023.000000,11204.000000,16953.000000,305653.000000,200871.000000,368974224.000000,9860.000000
815000336.000000,4277.000000,13869.000000,327383.000000,180549.000000,369482156.000000,3388.000000
816000585.000000,6733.000000,14971.000000,324418.000000,176691.000000,369983265.000000,5642.000000
817001168.000000,10749.000000,16024.000000,309500.000000,192231.000000,370484996.000000,9331.000000
818000348.000000,4766.000000,14485.000000,330215.000000,179521.000000,370994732.000000,3841.000000
819000165.000000,5803.000000,16322.000000,328185.000000,177493.000000,371500410.000000,4667.000000
820000054.000000,11926.000000,17201.000000,301479.000000,199105.000000,372000994.000000,10483.000000
821000995.000000,8539.000000,16184.000000,317765.000000,180581.000000,372499340.000000,7231.000000
822000321.000000,6678.000000,14411.000000,322787.000000,174973.000000,372997100.000000,5537.000000
823000007.000000,11670.000000,15890.000000,301610.000000,198986.000000,373497696.000000,10320.000000
824000381.000000,5923.000000,14190.000000,328049.000000,177055.000000,374002800.000000,5055.000000
825000599.000000,4168.000000,13730.000000,330747.000000,181480.000000,374515027.000000,3281.000000
826001304.000000,9683.000000,14859.000000,307560.000000,197625.000000,375020212.000000,8358.000000
827000230.000000,3634.000000,12834.000000,331750.000000,174139.000000,375526101.000000,2853.000000
828000288.000000,3758.000000,12489.000000,327841.000000,180269.000000,376034211.000000,2917.000000
829000480.000000,9624.000000,14896.000000,305485.000000,198709.000000,376538405.000000,8305.000000
830001710.000000,3336.000000,12682.000000,330323.000000,180232.000000,377048960.000000,2591.000000
831000026.000000,3398.000000,12070.000000,332146.000000,178715.000000,377559821.000000,2597.000000
832003135.000000,9468.000000,15087.000000,308989.000000,198061.000000,378066871.000000,8105.000000
833002432.000000,9470.000000,15743.000000,319850.000000,180120.000000,378566841.000000,8200.000000
834002721.000000,2837.000000,12256.000000,337570.000000,177340.000000,379081751.000000,2031.000000
835001654.000000,9561.000000,14731.000000,307149.000000,202859.000000,379591759.000000,8238.000000
836000069.000000,2759.000000,12273.000000,336786.000000,176859.000000,380105404.000000,1962.000000
837000025.000000,8928.000000,15223.000000,318884.000000,180822.000000,380605110.000000,7613.000000
838000448.000000,9805.000000,15255.000000,304526.000000,199734.000000,381109370.000000,8442.000000
839000497.000000,3450.000000,12868.000000,334287.000000,178182.000000,381621839.000000,2651.000000
840000230.000000,3368.000000,11882.000000,330127.000000,185138.000000,382137104.000000,2547.000000
841003618.000000,9571.000000,15744.000000,309777.000000,196497.000000,382643378.000000,8218.000000
842000261.000000,3687.000000,13608.000000,331317.000000,174416.000000,383149111.000000,2773.000000
843000016.000000,5793.000000,14385.000000,321237.000000,181318.000000,383651666.000000,4722.000000
844000548.000000,8437.000000,17513.000000,315382.000000,192627.000000,384159675.000000,7241.000000
845000270.000000,6741.000000,16585.000000,323592.000000,179042.000000,384662309.000000,5641.000000
846000008.000000,7594.000000,15895.000000,321084.000000,181550.000000,385164943.000000,6340.000000
847000808.000000,11242.000000,16350.000000,302990.000000,193818.000000,385661751.000000,9848.000000
848000761.000000,5434.000000,14548.000000,327810.000000,176237.000000,386165798.000000,4458.000000
849000262.000000,5174.000000,14393.000000,327187.000000,181037.000000,386674022.000000,4228.000000
850001255.000000,12582.000000,17345.000000,298532.000000,201000.000000,387173554.000000,11076.000000
851000008.000000,5101.000000,14054.000000,325727.000000,179236.000000,387678517.000000,4117.000000
852001113.000000,6860.000000,15521.000000,317985.000000,182396.000000,388178898.000000,5815.000000
853000381.000000,13102.000000,17700.000000,297268.000000,199061.000000,388675227.000000,11390.000000
854000531.000000,5542.000000,15103.000000,321155.000000,181896.000000,389178278.000000,4468.000000
855000216.000000,6081.000000,15314.000000,322922.000000,180056.000000,389681256.000000,4922.000000
856000376.000000,11445.000000,16858.000000,297526.000000,198453.000000,390177235.000000,9922.000000
857000155.000000,6328.000000,14172.000000,318687.000000,180449.000000,390676371.000000,5289.000000
858000132.000000,6717.000000,14558.000000,320504.000000,178801.000000,391175676.000000,5652.000000
859000276.000000,15238.000000,19971.000000,288737.000000,201978.000000,391666391.000000,13407.000000
860000057.000000,7163.000000,16102.000000,321230.000000,180483.000000,392168104.000000,6074.000000
861000026.000000,6002.000000,14722.000000,323289.000000,180240.000000,392671633.000000,5006.000000
862000254.000000,12247.000000,16991.000000,293628.000000,198812.000000,393164073.000000,10718.000000
863001363.000000,7183.000000,15182.000000,317385.000000,178074.000000,393659532.000000,6018.000000
864000376.000000,6518.000000,14178.000000,318117.000000,179277.000000,394156926.000000,5365.000000
865000038.000000,11293.000000,15740.000000,300817.000000,199495.000000,394657238.000000,9782.000000
866001834.000000,5371.000000,13490.000000,322905.000000,181399.000000,395161542.000000,4373.000000
867000190.000000,4866.000000,13191.000000,316548.000000,185870.000000,395663960.000000,4019.000000
868000076.000000,12218.000000,16515.000000,298516.000000,197745.000000,396160221.000000,10632.000000
869000533.000000,6226.000000,14059.000000,318269.000000,182161.000000,396660651.000000,5136.000000
870000013.000000,5858.000000,14572.000000,323034.000000,180137.000000,397163822.000000,4833.000000
871000349.000000,13975.000000,18244.000000,291754.000000,201677.000000,397657253.000000,12312.000000
872000086.000000,6819.000000,14782.000000,322077.000000,178318.000000,398157648.000000,5800.000000
873000016.000000,7727.000000,15905.000000,316836.000000,179560.000000,398654044.000000,6452.000000
874000400.000000,13322.000000,17117.000000,294013.000000,201348.000000,399149405.000000,11693.000000
875000007.000000,5464.000000,14006.000000,319805.000000,178903.000000,399648113.000000,4425.000000
876000754.000000,5683.000000,14484.000000,318932.000000,188108.000000,400155153.000000,4698.000000
877000404.000000,11702.000000,16296.000000,295179.000000,203514.000000,400653846.000000,10150.000000
878000026.000000,5495.000000,14666.000000,315254.000000,188317.000000,401157417.000000,4564.000000
879000098.000000,6378.000000,15039.000000,317332.000000,180997.000000,401655746.000000,5326.000000
880000536.000000,13412.000000,18199.000000,290817.000000,199479.000000,402146042.000000,11796.000000
881000285.000000,7091.000000,15912.000000,315298.000000,185765.000000,402647105.000000,5982.000000
882000068.000000,7670.000000,14585.000000,310900.000000,183895.000000,403141900.000000,6585.000000
883001029.000000,12399.000000,16462.000000,291597.000000,201438.000000,403634935.000000,10874.000000
884000178.000000,10068.000000,16523.000000,305154.000000,184952.000000,404125041.000000,8613.000000
885001588.000000,7981.000000,15006.000000,313764.000000,180859.000000,404619664.000000,6758.000000
886000035.000000,9095.000000,15454.000000,310897.000000,190474.000000,405121035.000000,7723.000000
887001767.000000,8243.000000,15602.000000,310349.000000,191926.000000,405623310.000000,7091.000000
888000695.000000,7074.000000,14658.000000,316387.000000,182230.000000,406121927.000000,5863.000000
889000107.000000,10115.000000,15889.000000,298816.000000,193444.000000,406614187.000000,8594.000000
890003082.000000,9823.000000,15892.000000,305229.000000,191192.000000,407110608.000000,8475.000000
891000209.000000,6286.000000,15054.000000,316598.000000,186251.000000,407613457.000000,5210.000000
892000002.000000,7840.000000,14692.000000,306002.000000,189606.000000,408109065.000000,6615.000000
893000181.000000,9375.000000,15674.000000,300129.000000,199992.000000,408609186.000000,8156.000000
894000020.000000,5698.000000,14646.000000,315979.000000,183383.000000,409108548.000000,4680.000000
895000089.000000,10112.000000,17778.000000,310405.000000,183467.000000,409602420.000000,8602.000000
896000652.000000,12115.000000,16577.000000,296910.000000,198930.000000,410098260.000000,10711.000000
897001177.000000,6140.000000,15316.000000,318560.000000,183805.000000,410600625.000000,5078.000000
898000161.000000,6920.000000,16211.000000,313521.000000,184480.000000,411098626.000000,5735.000000
899000198.000000,11786.000000,17528.000000,290920.000000,201811.000000,411591357.000000,10228.000000
900000007.000000,6372.000000,14464.000000,316713.000000,184054.000000,412092124.000000,5187.000000
901000572.000000,6073.000000,14593.000000,319469.000000,183971.000000,412595564.000000,5154.000000
902000097.000000,13068.000000,17660.000000,288860.000000,203199.000000,413087623.000000,11452.000000
903000003.000000,5435.000000,12856.000000,314184.000000,184920.000000,413586727.000000,4386.000000
904000027.000000,6344.000000,13383.000000,309044.000000,190273.000000,414086044.000000,5259.000000
905000160.000000,12492.000000,18137.000000,293784.000000,199393.000000,414579221.000000,10858.000000
906000042.000000,5852.000000,14548.000000,324849.000000,178751.000000,415082821.000000,4746.000000
907002400.000000,5343.000000,14442.000000,320669.000000,180584.000000,415584074.000000,4350.000000
908000180.000000,12787.000000,17629.000000,289027.000000,201127.000000,416074228.000000,11124.000000
909000413.000000,7731.000000,15196.000000,314101.000000,186174.000000,416574503.000000,6520.000000
910000165.000000,5568.000000,13422.000000,314316.000000,185305.000000,417074124.000000,4504.000000
911000429.000000,12317.000000,16129.000000,289350.000000,206271.000000,417569745.000000,10731.000000
912000412.000000,8245.000000,15521.000000,309131.000000,184086.000000,418062962.000000,7001.000000
913000002.000000,6136.000000,14755.000000,314384.000000,183210.000000,418560556.000000,5113.000000
914000052.000000,13134.000000,17274.000000,287356.000000,205977.000000,419053889.000000,11480.000000
915000024.000000,6630.000000,16074.000000,315190.000000,179060.000000,419548139.000000,5459.000000
916001224.000000,4566.000000,12996.000000,323802.000000,182841.000000,420054782.000000,3697.000000
917000048.000000,12679.000000,17412.000000,296555.000000,205604.000000,420556941.000000,10944.000000
918000226.000000,6080.000000,14752.000000,317312.000000,183245.000000,421057498.000000,4986.000000
919000057.000000,7906.000000,15202.000000,307559.000000,192202.000000,421557259.000000,6577.000000
920000223.000000,11613.000000,16823.000000,293444.000000,200021.000000,422050724.000000,10218.000000
921000371.000000,5325.000000,13489.000000,314065.000000,187813.000000,422552602.000000,4367.000000
922000071.000000,8481.000000,15791.000000,304161.000000,194501.000000,423051264.000000,6972.000000
923000055.000000,8928.000000,14760.000000,301153.000000,198347.000000,423550764.000000,7660.000000
924000497.000000,5631.000000,12468.000000,310469.000000,192453.000000,424053686.000000,4611.000000
925000021.000000,11200.000000,18027.000000,302550.000000,192464.000000,424548700.000000,9502.000000
926000031.000000,8103.000000,14376.000000,311026.000000,192057.000000,425051783.000000,6920.000000
927000070.000000,4347.000000,13339.000000,324312.000000,188715.000000,425564810.000000,3422.000000
928000060.000000,11142.000000,17488.000000,300567.000000,195675.000000,426061052.000000,9473.000000
929000114.000000,7814.000000,17294.000000,312554.000000,186491.000000,426560097.000000,6554.000000
930000020.000000,7737.000000,16229.000000,312187.000000,185101.000000,427057385.000000,6511.000000
931000044.000000,8984.000000,15172.000000,313308.000000,182916.000000,427553609.000000,7601.000000
932000223.000000,11473.000000,17918.000000,297418.000000,200741.000000,428051768.000000,9983.000000
933000410.000000,5686.000000,13564.000000,319803.000000,185399.000000,428556970.000000,4708.000000
934000102.000000,8509.000000,17446.000000,314067.000000,182571.000000,429053608.000000,7076.000000
935000194.000000,12515.000000,17597.000000,295305.000000,200074.000000,429548987.000000,10861.000000
936003412.000000,6052.000000,13602.000000,322188.000000,182011.000000,430053186.000000,5009.000000
937000052.000000,5958.000000,12764.000000,313842.000000,187780.000000,430554808.000000,4945.000000
938000866.000000,12099.000000,16938.000000,292182.000000,205459.000000,431052449.000000,10483.000000
939000752.000000,4422.000000,11961.000000,315731.000000,190841.000000,431559021.000000,3511.000000
940000005.000000,8191.000000,14470.000000,300325.000000,193308.000000,432052654.000000,6744.000000
941000163.000000,9174.000000,15417.000000,297522.000000,195253.000000,432545429.000000,7834.000000
942000763.000000,6291.000000,15054.000000,312903.000000,181404.000000,433039736.000000,5124.000000
943000133.000000,10022.000000,15780.000000,297139.000000,199642.000000,433536517.000000,8433.000000
944000089.000000,8341.000000,15108.000000,297591.000000,199252.000000,434033360.000000,7152.000000
945000087.000000,8736.000000,16141.000000,304435.000000,191582.000000,434529377.000000,7370.000000
946000036.000000,13255.000000,18840.000000,286136.000000,204669.000000,435020182.000000,11402.000000
947000004.000000,9550.000000,16534.000000,301777.000000,193695.000000,435515654.000000,8383.000000
948000274.000000,10703.000000,17840.000000,306952.000000,189485.000000,436012091.000000,9284.000000
949000059.000000,11037.000000,16600.000000,297302.000000,193449.000000,436502842.000000,9500.000000
950000636.000000,10961.000000,17264.000000,288288.000000,205716.000000,436996846.000000,9403.000000
951000196.000000,11176.000000,18490.000000,300641.000000,189761.000000,437487248.000000,9481.000000
952000212.000000,10029.000000,17773.000000,310016.000000,185090.000000,437982354.000000,8749.000000
953000044.000000,11647.000000,18240.000000,293880.000000,204821.000000,438481055.000000,9949.000000
954000018.000000,6937.000000,15359.000000,307588.000000,193051.000000,438981694.000000,5835.000000
955000001.000000,7450.000000,16154.000000,301857.000000,196999.000000,439480550.000000,6065.000000
956001813.000000,11139.000000,18078.000000,291595.000000,203948.000000,439976093.000000,9714.000000
957000828.000000,8186.000000,14584.000000,311144.000000,188433.000000,440475670.000000,6933.000000
958000048.000000,9170.000000,14992.000000,299764.000000,199477.000000,440974911.000000,7777.000000
959001164.000000,12958.000000,17870.000000,290275.000000,199557.000000,441464743.000000,11347.000000
960002099.000000,13714.000000,20435.000000,301904.000000,192446.000000,441959093.000000,12174.000000
961000041.000000,7943.000000,14778.000000,301303.000000,194167.000000,442454563.000000,6733.000000
962000055.000000,13431.000000,17948.000000,283009.000000,208630.000000,442946202.000000,11686.000000
963000150.000000,8346.000000,16418.000000,305576.000000,190793.000000,443442571.000000,7084.000000
964000538.000000,12468.000000,19480.000000,306184.000000,190406.000000,443939161.000000,10815.000000
965001830.000000,12365.000000,17792.000000,286711.000000,205436.000000,444431308.000000,10621.000000
966000092.000000,9935.000000,15460.000000,304404.000000,188877.000000,444924589.000000,8566.000000
967000084.000000,12736.000000,17658.000000,304638.000000,185810.000000,445415037.000000,11243.000000
968000149.000000,13876.000000,17600.000000,281959.000000,205373.000000,445902369.000000,12166.000000
969000639.000000,11854.000000,17069.000000,302974.000000,189885.000000,446395228.000000,10317.000000
970000021.000000,8636.000000,14894.000000,303988.000000,189887.000000,446889103.000000,7303.000000
971000754.000000,14871.000000,19115.000000,286086.000000,202088.000000,447377277.000000,13108.000000
972000017.000000,6186.000000,12174.000000,308498.000000,187779.000000,447873554.000000,5072.000000
973001571.000000,6593.000000,13448.000000,312028.000000,187700.000000,448373282.000000,5631.000000
974000144.000000,12711.000000,17058.000000,288014.000000,204298.000000,448865594.000000,10999.000000
975000181.000000,9551.000000,15840.000000,307726.000000,188256.000000,449361576.000000,8272.000000
976000669.000000,8347.000000,14230.000000,306636.000000,189917.000000,449858129.000000,7273.000000
977000108.000000,13263.000000,17809.000000,290319.000000,199741.000000,450348189.000000,11479.000000
978000158.000000,12634.000000,19413.000000,300665.000000,194426.000000,450843280.000000,11182.000000
979000034.000000,9673.000000,17579.000000,309287.000000,184510.000000,451337077.000000,8348.000000
980002978.000000,9953.000000,16687.000000,304806.000000,191101.000000,451832984.000000,8724.000000
981000217.000000,15070.000000,19548.000000,283179.000000,205325.000000,452321488.000000,13071.000000
982000147.000000,6717.000000,13715.000000,312537.000000,184243.000000,452818268.000000,5760.000000
983000039.000000,6216.000000,14123.000000,310506.000000,187162.000000,453315936.000000,5221.000000
984000171.000000,12316.000000,18074.000000,290818.000000,204739.000000,453811493.000000,10684.000000
985000032.000000,5538.000000,13569.000000,313550.000000,187853.000000,454312896.000000,4567.000000
986000096.000000,5632.000000,13053.000000,309362.000000,191863.000000,454814121.000000,4643.000000
987000413.000000,12303.000000,17234.000000,284882.000000,207290.000000,455306293.000000,10596.000000
988000077.000000,5605.000000,12625.000000,311873.000000,188066.000000,455806232.000000,4655.000000
989000182.000000,5864.000000,15253.000000,315517.000000,182643.000000,456304392.000000,4863.000000
990000562.000000,12376.000000,18508.000000,289283.000000,203920.000000,456797595.000000,10661.000000
991000228.000000,6558.000000,14690.000000,312224.000000,185919.000000,457295738.000000,5435.000000
992000231.000000,6178.000000,13653.000000,315284.000000,184371.000000,457795393.000000,5155.000000
993000585.000000,11838.000000,18000.000000,292192.000000,199048.000000,458286633.000000,10113.000000
994000094.000000,5914.000000,15083.000000,314608.000000,187579.000000,458788820.000000,4923.000000
995001204.000000,6687.000000,13579.000000,304412.000000,192338.000000,459285570.000000,5625.000000
996000569.000000,12589.000000,17478.000000,281694.000000,207381.000000,459774645.000000,10827.000000
997000010.000000,7530.000000,14347.000000,301067.000000,194877.000000,460270589.000000,6449.000000
998000018.000000,9177.000000,14987.000000,296525.000000,196417.000000,460763531.000000,7828.000000
999000033.000000,14886.000000,20107.000000,289428.000000,199406.000000,461252365.000000,13059.000000
