Instruction,pfIssued,pfInCache,overallMisses,overallHits,overallAccesses,unusedPrefetches
1000370.000000,5213.000000,200310.000000,292518.000000,41638.000000,334156.000000,23.000000
2000210.000000,5209.000000,202590.000000,291603.000000,41677.000000,667436.000000,0.000000
3000146.000000,5208.000000,203112.000000,291648.000000,41664.000000,1000748.000000,0.000000
4000082.000000,5208.000000,203112.000000,291648.000000,41664.000000,1334060.000000,0.000000
5000018.000000,5208.000000,203112.000000,291648.000000,41664.000000,1667372.000000,0.000000
6000338.000000,5210.000000,203190.000000,291760.000000,41680.000000,2000812.000000,0.000000
7000274.000000,5208.000000,203112.000000,291648.000000,41664.000000,2334124.000000,0.000000
8000210.000000,5208.000000,203112.000000,291648.000000,41664.000000,2667436.000000,0.000000
9000146.000000,5208.000000,203112.000000,291648.000000,41664.000000,3000748.000000,0.000000
10000082.000000,5208.000000,203112.000000,291648.000000,41664.000000,3334060.000000,0.000000
11000018.000000,5208.000000,203112.000000,291648.000000,41664.000000,3667372.000000,0.000000
12000338.000000,5210.000000,203190.000000,291760.000000,41680.000000,4000812.000000,0.000000
13000274.000000,5208.000000,203112.000000,291648.000000,41664.000000,4334124.000000,0.000000
14000210.000000,5208.000000,203112.000000,291648.000000,41664.000000,4667436.000000,0.000000
15000146.000000,5208.000000,203112.000000,291648.000000,41664.000000,5000748.000000,0.000000
16000082.000000,5208.000000,203112.000000,291648.000000,41664.000000,5334060.000000,0.000000
17000018.000000,5208.000000,203112.000000,291648.000000,41664.000000,5667372.000000,0.000000
18000338.000000,5210.000000,203190.000000,291760.000000,41680.000000,6000812.000000,0.000000
19000274.000000,5208.000000,203112.000000,291648.000000,41664.000000,6334124.000000,0.000000
20000210.000000,5208.000000,203112.000000,291648.000000,41664.000000,6667436.000000,0.000000
21000146.000000,5208.000000,203112.000000,291648.000000,41664.000000,7000748.000000,0.000000
22000082.000000,5208.000000,203112.000000,291648.000000,41664.000000,7334060.000000,0.000000
23000018.000000,5208.000000,203112.000000,291648.000000,41664.000000,7667372.000000,0.000000
24000338.000000,5210.000000,203190.000000,291760.000000,41680.000000,8000812.000000,0.000000
25000274.000000,5208.000000,203112.000000,291648.000000,41664.000000,8334124.000000,0.000000
26000210.000000,5208.000000,203112.000000,291648.000000,41664.000000,8667436.000000,0.000000
27000146.000000,5208.000000,203112.000000,291648.000000,41664.000000,9000748.000000,0.000000
28000082.000000,5208.000000,203112.000000,291648.000000,41664.000000,9334060.000000,0.000000
29000018.000000,5208.000000,203112.000000,291648.000000,41664.000000,9667372.000000,0.000000
30000338.000000,5210.000000,203190.000000,291760.000000,41680.000000,10000812.000000,0.000000
31000274.000000,5208.000000,203112.000000,291648.000000,41664.000000,10334124.000000,0.000000
32000210.000000,5208.000000,203112.000000,291648.000000,41664.000000,10667436.000000,0.000000
33000146.000000,5208.000000,203112.000000,291648.000000,41664.000000,11000748.000000,0.000000
34000082.000000,5208.000000,203112.000000,291648.000000,41664.000000,11334060.000000,0.000000
35000018.000000,5208.000000,203112.000000,291648.000000,41664.000000,11667372.000000,0.000000
36000338.000000,5210.000000,203190.000000,291760.000000,41680.000000,12000812.000000,0.000000
37000274.000000,5208.000000,203112.000000,291648.000000,41664.000000,12334124.000000,0.000000
38000210.000000,5208.000000,203112.000000,291648.000000,41664.000000,12667436.000000,0.000000
39000146.000000,5208.000000,203112.000000,291648.000000,41664.000000,13000748.000000,0.000000
40000082.000000,5208.000000,203112.000000,291648.000000,41664.000000,13334060.000000,0.000000
41000018.000000,5208.000000,203112.000000,291648.000000,41664.000000,13667372.000000,0.000000
42000338.000000,5210.000000,203190.000000,291760.000000,41680.000000,14000812.000000,0.000000
43000274.000000,5208.000000,203112.000000,291648.000000,41664.000000,14334124.000000,0.000000
44000210.000000,5208.000000,203112.000000,291648.000000,41664.000000,14667436.000000,0.000000
45000146.000000,5208.000000,203112.000000,291648.000000,41664.000000,15000748.000000,0.000000
46000082.000000,5208.000000,203112.000000,291648.000000,41664.000000,15334060.000000,0.000000
47000018.000000,5208.000000,203112.000000,291648.000000,41664.000000,15667372.000000,0.000000
48000338.000000,5210.000000,203190.000000,291760.000000,41680.000000,16000812.000000,0.000000
49000274.000000,5208.000000,203112.000000,291648.000000,41664.000000,16334124.000000,0.000000
50000210.000000,5208.000000,203112.000000,291648.000000,41664.000000,16667436.000000,0.000000
51000278.000000,5219.000000,202781.000000,291862.000000,41627.000000,17000925.000000,14.000000
52000214.000000,5208.000000,203112.000000,291648.000000,41664.000000,17334237.000000,0.000000
53000150.000000,5208.000000,203112.000000,291648.000000,41664.000000,17667549.000000,0.000000
54000086.000000,5208.000000,203112.000000,291648.000000,41664.000000,18000861.000000,0.000000
55000022.000000,5208.000000,203112.000000,291648.000000,41664.000000,18334173.000000,0.000000
56000342.000000,5210.000000,203190.000000,291760.000000,41680.000000,18667613.000000,0.000000
57000278.000000,5208.000000,203112.000000,291648.000000,41664.000000,19000925.000000,0.000000
58000214.000000,5208.000000,203112.000000,291648.000000,41664.000000,19334237.000000,0.000000
59000150.000000,5208.000000,203112.000000,291648.000000,41664.000000,19667549.000000,0.000000
60000086.000000,5208.000000,203112.000000,291648.000000,41664.000000,20000861.000000,0.000000
61000022.000000,5208.000000,203112.000000,291648.000000,41664.000000,20334173.000000,0.000000
62000342.000000,5210.000000,203190.000000,291760.000000,41680.000000,20667613.000000,0.000000
63000278.000000,5208.000000,203112.000000,291648.000000,41664.000000,21000925.000000,0.000000
64000214.000000,5208.000000,203112.000000,291648.000000,41664.000000,21334237.000000,0.000000
65000150.000000,5208.000000,203112.000000,291648.000000,41664.000000,21667549.000000,0.000000
66000086.000000,5208.000000,203112.000000,291648.000000,41664.000000,22000861.000000,0.000000
67000022.000000,5208.000000,203112.000000,291648.000000,41664.000000,22334173.000000,0.000000
68000342.000000,5210.000000,203190.000000,291760.000000,41680.000000,22667613.000000,0.000000
69000278.000000,5208.000000,203112.000000,291648.000000,41664.000000,23000925.000000,0.000000
70000214.000000,5208.000000,203112.000000,291648.000000,41664.000000,23334237.000000,0.000000
71000150.000000,5208.000000,203112.000000,291648.000000,41664.000000,23667549.000000,0.000000
72000086.000000,5208.000000,203112.000000,291648.000000,41664.000000,24000861.000000,0.000000
73000022.000000,5208.000000,203112.000000,291648.000000,41664.000000,24334173.000000,0.000000
74000342.000000,5210.000000,203190.000000,291760.000000,41680.000000,24667613.000000,0.000000
75000278.000000,5208.000000,203112.000000,291648.000000,41664.000000,25000925.000000,0.000000
76000214.000000,5208.000000,203112.000000,291648.000000,41664.000000,25334237.000000,0.000000
77000150.000000,5208.000000,203112.000000,291648.000000,41664.000000,25667549.000000,0.000000
78000086.000000,5208.000000,203112.000000,291648.000000,41664.000000,26000861.000000,0.000000
79000022.000000,5208.000000,203112.000000,291648.000000,41664.000000,26334173.000000,0.000000
80000342.000000,5210.000000,203190.000000,291760.000000,41680.000000,26667613.000000,0.000000
81000278.000000,5208.000000,203112.000000,291648.000000,41664.000000,27000925.000000,0.000000
82000214.000000,5208.000000,203112.000000,291648.000000,41664.000000,27334237.000000,0.000000
83000150.000000,5208.000000,203112.000000,291648.000000,41664.000000,27667549.000000,0.000000
84000086.000000,5208.000000,203112.000000,291648.000000,41664.000000,28000861.000000,0.000000
85000022.000000,5208.000000,203112.000000,291648.000000,41664.000000,28334173.000000,0.000000
86000342.000000,5210.000000,203190.000000,291760.000000,41680.000000,28667613.000000,0.000000
87000278.000000,5208.000000,203112.000000,291648.000000,41664.000000,29000925.000000,0.000000
88000214.000000,5208.000000,203112.000000,291648.000000,41664.000000,29334237.000000,0.000000
89000150.000000,5208.000000,203112.000000,291648.000000,41664.000000,29667549.000000,0.000000
90000086.000000,5208.000000,203112.000000,291648.000000,41664.000000,30000861.000000,0.000000
91000022.000000,5208.000000,203112.000000,291648.000000,41664.000000,30334173.000000,0.000000
92000342.000000,5210.000000,203190.000000,291760.000000,41680.000000,30667613.000000,0.000000
93000278.000000,5208.000000,203112.000000,291648.000000,41664.000000,31000925.000000,0.000000
94000214.000000,5208.000000,203112.000000,291648.000000,41664.000000,31334237.000000,0.000000
95000150.000000,5208.000000,203112.000000,291648.000000,41664.000000,31667549.000000,0.000000
96000086.000000,5208.000000,203112.000000,291648.000000,41664.000000,32000861.000000,0.000000
97000022.000000,5208.000000,203112.000000,291648.000000,41664.000000,32334173.000000,0.000000
98000342.000000,5210.000000,203190.000000,291760.000000,41680.000000,32667613.000000,0.000000
99000278.000000,5208.000000,203112.000000,291648.000000,41664.000000,33000925.000000,0.000000
100000214.000000,5208.000000,203112.000000,291648.000000,41664.000000,33334237.000000,0.000000
101000016.000000,5211.000000,202714.000000,291779.000000,41619.000000,33667635.000000,9.000000
102000336.000000,5210.000000,203190.000000,291760.000000,41680.000000,34001075.000000,0.000000
103000272.000000,5208.000000,203112.000000,291648.000000,41664.000000,34334387.000000,0.000000
104000208.000000,5208.000000,203112.000000,291648.000000,41664.000000,34667699.000000,0.000000
105000144.000000,5208.000000,203112.000000,291648.000000,41664.000000,35001011.000000,0.000000
106000080.000000,5208.000000,203112.000000,291648.000000,41664.000000,35334323.000000,0.000000
107000016.000000,5208.000000,203112.000000,291648.000000,41664.000000,35667635.000000,0.000000
108000336.000000,5210.000000,203190.000000,291760.000000,41680.000000,36001075.000000,0.000000
109000272.000000,5208.000000,203112.000000,291648.000000,41664.000000,36334387.000000,0.000000
110000208.000000,5208.000000,203112.000000,291648.000000,41664.000000,36667699.000000,0.000000
111000144.000000,5208.000000,203112.000000,291648.000000,41664.000000,37001011.000000,0.000000
112000080.000000,5208.000000,203112.000000,291648.000000,41664.000000,37334323.000000,0.000000
113000016.000000,5208.000000,203112.000000,291648.000000,41664.000000,37667635.000000,0.000000
114000336.000000,5210.000000,203190.000000,291760.000000,41680.000000,38001075.000000,0.000000
115000272.000000,5208.000000,203112.000000,291648.000000,41664.000000,38334387.000000,0.000000
116000208.000000,5208.000000,203112.000000,291648.000000,41664.000000,38667699.000000,0.000000
117000144.000000,5208.000000,203112.000000,291648.000000,41664.000000,39001011.000000,0.000000
118000080.000000,5208.000000,203112.000000,291648.000000,41664.000000,39334323.000000,0.000000
119000016.000000,5208.000000,203112.000000,291648.000000,41664.000000,39667635.000000,0.000000
120000336.000000,5210.000000,203190.000000,291760.000000,41680.000000,40001075.000000,0.000000
121000272.000000,5208.000000,203112.000000,291648.000000,41664.000000,40334387.000000,0.000000
122000208.000000,5208.000000,203112.000000,291648.000000,41664.000000,40667699.000000,0.000000
123000144.000000,5208.000000,203112.000000,291648.000000,41664.000000,41001011.000000,0.000000
124000080.000000,5208.000000,203112.000000,291648.000000,41664.000000,41334323.000000,0.000000
125000016.000000,5208.000000,203112.000000,291648.000000,41664.000000,41667635.000000,0.000000
126000336.000000,5210.000000,203190.000000,291760.000000,41680.000000,42001075.000000,0.000000
127000272.000000,5208.000000,203112.000000,291648.000000,41664.000000,42334387.000000,0.000000
128000208.000000,5208.000000,203112.000000,291648.000000,41664.000000,42667699.000000,0.000000
129000144.000000,5208.000000,203112.000000,291648.000000,41664.000000,43001011.000000,0.000000
130000080.000000,5208.000000,203112.000000,291648.000000,41664.000000,43334323.000000,0.000000
131000016.000000,5208.000000,203112.000000,291648.000000,41664.000000,43667635.000000,0.000000
132000336.000000,5210.000000,203190.000000,291760.000000,41680.000000,44001075.000000,0.000000
133000272.000000,5208.000000,203112.000000,291648.000000,41664.000000,44334387.000000,0.000000
134000208.000000,5208.000000,203112.000000,291648.000000,41664.000000,44667699.000000,0.000000
135000144.000000,5208.000000,203112.000000,291648.000000,41664.000000,45001011.000000,0.000000
136000080.000000,5208.000000,203112.000000,291648.000000,41664.000000,45334323.000000,0.000000
137000016.000000,5208.000000,203112.000000,291648.000000,41664.000000,45667635.000000,0.000000
138000336.000000,5210.000000,203190.000000,291760.000000,41680.000000,46001075.000000,0.000000
139000272.000000,5208.000000,203112.000000,291648.000000,41664.000000,46334387.000000,0.000000
140000208.000000,5208.000000,203112.000000,291648.000000,41664.000000,46667699.000000,0.000000
141000144.000000,5208.000000,203112.000000,291648.000000,41664.000000,47001011.000000,0.000000
142000080.000000,5208.000000,203112.000000,291648.000000,41664.000000,47334323.000000,0.000000
143000016.000000,5208.000000,203112.000000,291648.000000,41664.000000,47667635.000000,0.000000
144000336.000000,5210.000000,203190.000000,291760.000000,41680.000000,48001075.000000,0.000000
145000272.000000,5208.000000,203112.000000,291648.000000,41664.000000,48334387.000000,0.000000
146000208.000000,5208.000000,203112.000000,291648.000000,41664.000000,48667699.000000,0.000000
147000144.000000,5208.000000,203112.000000,291648.000000,41664.000000,49001011.000000,0.000000
148000080.000000,5208.000000,203112.000000,291648.000000,41664.000000,49334323.000000,0.000000
149000016.000000,5208.000000,203112.000000,291648.000000,41664.000000,49667635.000000,0.000000
150000336.000000,5210.000000,203190.000000,291760.000000,41680.000000,50001075.000000,0.000000
151000272.000000,5208.000000,203112.000000,291648.000000,41664.000000,50334387.000000,0.000000
152000291.000000,5211.000000,202706.000000,291780.000000,41615.000000,50667782.000000,8.000000
153000227.000000,5208.000000,203112.000000,291648.000000,41664.000000,51001094.000000,0.000000
154000163.000000,5208.000000,203112.000000,291648.000000,41664.000000,51334406.000000,0.000000
155000099.000000,5208.000000,203112.000000,291648.000000,41664.000000,51667718.000000,0.000000
156000035.000000,5208.000000,203112.000000,291648.000000,41664.000000,52001030.000000,0.000000
157000355.000000,5210.000000,203190.000000,291760.000000,41680.000000,52334470.000000,0.000000
158000291.000000,5208.000000,203112.000000,291648.000000,41664.000000,52667782.000000,0.000000
159000227.000000,5208.000000,203112.000000,291648.000000,41664.000000,53001094.000000,0.000000
160000163.000000,5208.000000,203112.000000,291648.000000,41664.000000,53334406.000000,0.000000
161000099.000000,5208.000000,203112.000000,291648.000000,41664.000000,53667718.000000,0.000000
162000035.000000,5208.000000,203112.000000,291648.000000,41664.000000,54001030.000000,0.000000
163000355.000000,5210.000000,203190.000000,291760.000000,41680.000000,54334470.000000,0.000000
164000291.000000,5208.000000,203112.000000,291648.000000,41664.000000,54667782.000000,0.000000
165000227.000000,5208.000000,203112.000000,291648.000000,41664.000000,55001094.000000,0.000000
166000163.000000,5208.000000,203112.000000,291648.000000,41664.000000,55334406.000000,0.000000
167000099.000000,5208.000000,203112.000000,291648.000000,41664.000000,55667718.000000,0.000000
168000035.000000,5208.000000,203112.000000,291648.000000,41664.000000,56001030.000000,0.000000
169000355.000000,5210.000000,203190.000000,291760.000000,41680.000000,56334470.000000,0.000000
170000291.000000,5208.000000,203112.000000,291648.000000,41664.000000,56667782.000000,0.000000
171000227.000000,5208.000000,203112.000000,291648.000000,41664.000000,57001094.000000,0.000000
172000163.000000,5208.000000,203112.000000,291648.000000,41664.000000,57334406.000000,0.000000
173000099.000000,5208.000000,203112.000000,291648.000000,41664.000000,57667718.000000,0.000000
174000035.000000,5208.000000,203112.000000,291648.000000,41664.000000,58001030.000000,0.000000
175000355.000000,5210.000000,203190.000000,291760.000000,41680.000000,58334470.000000,0.000000
176000291.000000,5208.000000,203112.000000,291648.000000,41664.000000,58667782.000000,0.000000
177000227.000000,5208.000000,203112.000000,291648.000000,41664.000000,59001094.000000,0.000000
178000163.000000,5208.000000,203112.000000,291648.000000,41664.000000,59334406.000000,0.000000
179000099.000000,5208.000000,203112.000000,291648.000000,41664.000000,59667718.000000,0.000000
180000035.000000,5208.000000,203112.000000,291648.000000,41664.000000,60001030.000000,0.000000
181000355.000000,5210.000000,203190.000000,291760.000000,41680.000000,60334470.000000,0.000000
182000291.000000,5208.000000,203112.000000,291648.000000,41664.000000,60667782.000000,0.000000
183000227.000000,5208.000000,203112.000000,291648.000000,41664.000000,61001094.000000,0.000000
184000163.000000,5208.000000,203112.000000,291648.000000,41664.000000,61334406.000000,0.000000
185000099.000000,5208.000000,203112.000000,291648.000000,41664.000000,61667718.000000,0.000000
186000035.000000,5208.000000,203112.000000,291648.000000,41664.000000,62001030.000000,0.000000
187000355.000000,5210.000000,203190.000000,291760.000000,41680.000000,62334470.000000,0.000000
188000291.000000,5208.000000,203112.000000,291648.000000,41664.000000,62667782.000000,0.000000
189000227.000000,5208.000000,203112.000000,291648.000000,41664.000000,63001094.000000,0.000000
190000163.000000,5208.000000,203112.000000,291648.000000,41664.000000,63334406.000000,0.000000
191000099.000000,5208.000000,203112.000000,291648.000000,41664.000000,63667718.000000,0.000000
192000035.000000,5208.000000,203112.000000,291648.000000,41664.000000,64001030.000000,0.000000
193000355.000000,5210.000000,203190.000000,291760.000000,41680.000000,64334470.000000,0.000000
194000291.000000,5208.000000,203112.000000,291648.000000,41664.000000,64667782.000000,0.000000
195000227.000000,5208.000000,203112.000000,291648.000000,41664.000000,65001094.000000,0.000000
196000163.000000,5208.000000,203112.000000,291648.000000,41664.000000,65334406.000000,0.000000
197000099.000000,5208.000000,203112.000000,291648.000000,41664.000000,65667718.000000,0.000000
198000035.000000,5208.000000,203112.000000,291648.000000,41664.000000,66001030.000000,0.000000
199000355.000000,5210.000000,203190.000000,291760.000000,41680.000000,66334470.000000,0.000000
200000291.000000,5208.000000,203112.000000,291648.000000,41664.000000,66667782.000000,0.000000
201000227.000000,5208.000000,203112.000000,291648.000000,41664.000000,67001094.000000,0.000000
202000054.000000,5204.000000,202481.000000,291657.000000,41583.000000,67334334.000000,7.000000
203000002.000000,5209.000000,203121.000000,291650.000000,41666.000000,67667650.000000,0.000000
204000310.000000,5209.000000,203181.000000,291758.000000,41678.000000,68001086.000000,0.000000
205000246.000000,5208.000000,203112.000000,291648.000000,41664.000000,68334398.000000,0.000000
206000182.000000,5208.000000,203112.000000,291648.000000,41664.000000,68667710.000000,0.000000
207000118.000000,5208.000000,203112.000000,291648.000000,41664.000000,69001022.000000,0.000000
208000054.000000,5208.000000,203112.000000,291648.000000,41664.000000,69334334.000000,0.000000
209000002.000000,5209.000000,203121.000000,291650.000000,41666.000000,69667650.000000,0.000000
210000310.000000,5209.000000,203181.000000,291758.000000,41678.000000,70001086.000000,0.000000
211000246.000000,5208.000000,203112.000000,291648.000000,41664.000000,70334398.000000,0.000000
212000182.000000,5208.000000,203112.000000,291648.000000,41664.000000,70667710.000000,0.000000
213000118.000000,5208.000000,203112.000000,291648.000000,41664.000000,71001022.000000,0.000000
214000054.000000,5208.000000,203112.000000,291648.000000,41664.000000,71334334.000000,0.000000
215000002.000000,5209.000000,203121.000000,291650.000000,41666.000000,71667650.000000,0.000000
216000310.000000,5209.000000,203181.000000,291758.000000,41678.000000,72001086.000000,0.000000
217000246.000000,5208.000000,203112.000000,291648.000000,41664.000000,72334398.000000,0.000000
218000182.000000,5208.000000,203112.000000,291648.000000,41664.000000,72667710.000000,0.000000
219000118.000000,5208.000000,203112.000000,291648.000000,41664.000000,73001022.000000,0.000000
220000054.000000,5208.000000,203112.000000,291648.000000,41664.000000,73334334.000000,0.000000
221000002.000000,5209.000000,203121.000000,291650.000000,41666.000000,73667650.000000,0.000000
222000310.000000,5209.000000,203181.000000,291758.000000,41678.000000,74001086.000000,0.000000
223000246.000000,5208.000000,203112.000000,291648.000000,41664.000000,74334398.000000,0.000000
224000182.000000,5208.000000,203112.000000,291648.000000,41664.000000,74667710.000000,0.000000
225000118.000000,5208.000000,203112.000000,291648.000000,41664.000000,75001022.000000,0.000000
226000054.000000,5208.000000,203112.000000,291648.000000,41664.000000,75334334.000000,0.000000
227000002.000000,5209.000000,203121.000000,291650.000000,41666.000000,75667650.000000,0.000000
228000310.000000,5209.000000,203181.000000,291758.000000,41678.000000,76001086.000000,0.000000
229000246.000000,5208.000000,203112.000000,291648.000000,41664.000000,76334398.000000,0.000000
230000182.000000,5208.000000,203112.000000,291648.000000,41664.000000,76667710.000000,0.000000
231000118.000000,5208.000000,203112.000000,291648.000000,41664.000000,77001022.000000,0.000000
232000054.000000,5208.000000,203112.000000,291648.000000,41664.000000,77334334.000000,0.000000
233000002.000000,5209.000000,203121.000000,291650.000000,41666.000000,77667650.000000,0.000000
234000310.000000,5209.000000,203181.000000,291758.000000,41678.000000,78001086.000000,0.000000
235000246.000000,5208.000000,203112.000000,291648.000000,41664.000000,78334398.000000,0.000000
236000182.000000,5208.000000,203112.000000,291648.000000,41664.000000,78667710.000000,0.000000
237000118.000000,5208.000000,203112.000000,291648.000000,41664.000000,79001022.000000,0.000000
238000054.000000,5208.000000,203112.000000,291648.000000,41664.000000,79334334.000000,0.000000
239000002.000000,5209.000000,203121.000000,291650.000000,41666.000000,79667650.000000,0.000000
240000310.000000,5209.000000,203181.000000,291758.000000,41678.000000,80001086.000000,0.000000
241000246.000000,5208.000000,203112.000000,291648.000000,41664.000000,80334398.000000,0.000000
242000182.000000,5208.000000,203112.000000,291648.000000,41664.000000,80667710.000000,0.000000
243000118.000000,5208.000000,203112.000000,291648.000000,41664.000000,81001022.000000,0.000000
244000054.000000,5208.000000,203112.000000,291648.000000,41664.000000,81334334.000000,0.000000
245000002.000000,5209.000000,203121.000000,291650.000000,41666.000000,81667650.000000,0.000000
246000310.000000,5209.000000,203181.000000,291758.000000,41678.000000,82001086.000000,0.000000
247000246.000000,5208.000000,203112.000000,291648.000000,41664.000000,82334398.000000,0.000000
248000182.000000,5208.000000,203112.000000,291648.000000,41664.000000,82667710.000000,0.000000
249000118.000000,5208.000000,203112.000000,291648.000000,41664.000000,83001022.000000,0.000000
250000054.000000,5208.000000,203112.000000,291648.000000,41664.000000,83334334.000000,0.000000
251000002.000000,5209.000000,203121.000000,291650.000000,41666.000000,83667650.000000,0.000000
252000104.000000,5197.000000,201767.000000,291592.000000,41570.000000,84000812.000000,8.000000
253000153.000000,5208.000000,201591.000000,291640.000000,41709.000000,84334161.000000,0.000000
254000072.000000,5210.000000,202160.000000,291647.000000,41660.000000,84667468.000000,0.000000
255000008.000000,5208.000000,203112.000000,291648.000000,41664.000000,85000780.000000,0.000000
256000328.000000,5210.000000,203190.000000,291760.000000,41680.000000,85334220.000000,0.000000
257000264.000000,5208.000000,203112.000000,291648.000000,41664.000000,85667532.000000,0.000000
258000200.000000,5208.000000,203112.000000,291648.000000,41664.000000,86000844.000000,0.000000
259000136.000000,5208.000000,203112.000000,291648.000000,41664.000000,86334156.000000,0.000000
260000072.000000,5208.000000,203112.000000,291648.000000,41664.000000,86667468.000000,0.000000
261000008.000000,5208.000000,203112.000000,291648.000000,41664.000000,87000780.000000,0.000000
262000328.000000,5210.000000,203190.000000,291760.000000,41680.000000,87334220.000000,0.000000
263000264.000000,5208.000000,203112.000000,291648.000000,41664.000000,87667532.000000,0.000000
264000200.000000,5208.000000,203112.000000,291648.000000,41664.000000,88000844.000000,0.000000
265000136.000000,5208.000000,203112.000000,291648.000000,41664.000000,88334156.000000,0.000000
266000072.000000,5208.000000,203112.000000,291648.000000,41664.000000,88667468.000000,0.000000
267000008.000000,5208.000000,203112.000000,291648.000000,41664.000000,89000780.000000,0.000000
268000328.000000,5210.000000,203190.000000,291760.000000,41680.000000,89334220.000000,0.000000
269000264.000000,5208.000000,203112.000000,291648.000000,41664.000000,89667532.000000,0.000000
270000200.000000,5208.000000,203112.000000,291648.000000,41664.000000,90000844.000000,0.000000
271000136.000000,5208.000000,203112.000000,291648.000000,41664.000000,90334156.000000,0.000000
272000072.000000,5208.000000,203112.000000,291648.000000,41664.000000,90667468.000000,0.000000
273000008.000000,5208.000000,203112.000000,291648.000000,41664.000000,91000780.000000,0.000000
274000328.000000,5210.000000,203190.000000,291760.000000,41680.000000,91334220.000000,0.000000
275000264.000000,5208.000000,203112.000000,291648.000000,41664.000000,91667532.000000,0.000000
276000200.000000,5208.000000,203112.000000,291648.000000,41664.000000,92000844.000000,0.000000
277000136.000000,5208.000000,203112.000000,291648.000000,41664.000000,92334156.000000,0.000000
278000072.000000,5208.000000,203112.000000,291648.000000,41664.000000,92667468.000000,0.000000
279000008.000000,5208.000000,203112.000000,291648.000000,41664.000000,93000780.000000,0.000000
280000328.000000,5210.000000,203190.000000,291760.000000,41680.000000,93334220.000000,0.000000
281000264.000000,5208.000000,203112.000000,291648.000000,41664.000000,93667532.000000,0.000000
282000200.000000,5208.000000,203112.000000,291648.000000,41664.000000,94000844.000000,0.000000
283000136.000000,5208.000000,203112.000000,291648.000000,41664.000000,94334156.000000,0.000000
284000072.000000,5208.000000,203112.000000,291648.000000,41664.000000,94667468.000000,0.000000
285000008.000000,5208.000000,203112.000000,291648.000000,41664.000000,95000780.000000,0.000000
286000328.000000,5210.000000,203190.000000,291760.000000,41680.000000,95334220.000000,0.000000
287000264.000000,5208.000000,203112.000000,291648.000000,41664.000000,95667532.000000,0.000000
288000200.000000,5208.000000,203112.000000,291648.000000,41664.000000,96000844.000000,0.000000
289000136.000000,5208.000000,203112.000000,291648.000000,41664.000000,96334156.000000,0.000000
290000072.000000,5208.000000,203112.000000,291648.000000,41664.000000,96667468.000000,0.000000
291000008.000000,5208.000000,203112.000000,291648.000000,41664.000000,97000780.000000,0.000000
292000328.000000,5210.000000,203190.000000,291760.000000,41680.000000,97334220.000000,0.000000
293000264.000000,5208.000000,203112.000000,291648.000000,41664.000000,97667532.000000,0.000000
294000200.000000,5208.000000,203112.000000,291648.000000,41664.000000,98000844.000000,0.000000
295000136.000000,5208.000000,203112.000000,291648.000000,41664.000000,98334156.000000,0.000000
296000072.000000,5208.000000,203112.000000,291648.000000,41664.000000,98667468.000000,0.000000
297000008.000000,5208.000000,203112.000000,291648.000000,41664.000000,99000780.000000,0.000000
298000328.000000,5210.000000,203190.000000,291760.000000,41680.000000,99334220.000000,0.000000
299000264.000000,5208.000000,203112.000000,291648.000000,41664.000000,99667532.000000,0.000000
300000200.000000,5208.000000,203112.000000,291648.000000,41664.000000,100000844.000000,0.000000
301000136.000000,5208.000000,203112.000000,291648.000000,41664.000000,100334156.000000,0.000000
302000072.000000,5208.000000,203112.000000,291648.000000,41664.000000,100667468.000000,0.000000
303000028.000000,5181.000000,201375.000000,291478.000000,41419.000000,101000365.000000,9.000000
304000348.000000,5210.000000,203190.000000,291760.000000,41680.000000,101333805.000000,0.000000
305000284.000000,5208.000000,203112.000000,291648.000000,41664.000000,101667117.000000,0.000000
306000220.000000,5208.000000,203112.000000,291648.000000,41664.000000,102000429.000000,0.000000
307000156.000000,5208.000000,203112.000000,291648.000000,41664.000000,102333741.000000,0.000000
308000092.000000,5208.000000,203112.000000,291648.000000,41664.000000,102667053.000000,0.000000
309000028.000000,5208.000000,203112.000000,291648.000000,41664.000000,103000365.000000,0.000000
310000348.000000,5210.000000,203190.000000,291760.000000,41680.000000,103333805.000000,0.000000
311000284.000000,5208.000000,203112.000000,291648.000000,41664.000000,103667117.000000,0.000000
312000220.000000,5208.000000,203112.000000,291648.000000,41664.000000,104000429.000000,0.000000
313000156.000000,5208.000000,203112.000000,291648.000000,41664.000000,104333741.000000,0.000000
314000092.000000,5208.000000,203112.000000,291648.000000,41664.000000,104667053.000000,0.000000
315000028.000000,5208.000000,203112.000000,291648.000000,41664.000000,105000365.000000,0.000000
316000348.000000,5210.000000,203190.000000,291760.000000,41680.000000,105333805.000000,0.000000
317000284.000000,5208.000000,203112.000000,291648.000000,41664.000000,105667117.000000,0.000000
318000220.000000,5208.000000,203112.000000,291648.000000,41664.000000,106000429.000000,0.000000
319000156.000000,5208.000000,203112.000000,291648.000000,41664.000000,106333741.000000,0.000000
320000092.000000,5208.000000,203112.000000,291648.000000,41664.000000,106667053.000000,0.000000
321000028.000000,5208.000000,203112.000000,291648.000000,41664.000000,107000365.000000,0.000000
322000348.000000,5210.000000,203190.000000,291760.000000,41680.000000,107333805.000000,0.000000
323000284.000000,5208.000000,203112.000000,291648.000000,41664.000000,107667117.000000,0.000000
324000220.000000,5208.000000,203112.000000,291648.000000,41664.000000,108000429.000000,0.000000
325000156.000000,5208.000000,203112.000000,291648.000000,41664.000000,108333741.000000,0.000000
326000092.000000,5208.000000,203112.000000,291648.000000,41664.000000,108667053.000000,0.000000
327000028.000000,5208.000000,203112.000000,291648.000000,41664.000000,109000365.000000,0.000000
328000348.000000,5210.000000,203190.000000,291760.000000,41680.000000,109333805.000000,0.000000
329000284.000000,5208.000000,203112.000000,291648.000000,41664.000000,109667117.000000,0.000000
330000220.000000,5208.000000,203112.000000,291648.000000,41664.000000,110000429.000000,0.000000
331000156.000000,5208.000000,203112.000000,291648.000000,41664.000000,110333741.000000,0.000000
332000092.000000,5208.000000,203112.000000,291648.000000,41664.000000,110667053.000000,0.000000
333000028.000000,5208.000000,203112.000000,291648.000000,41664.000000,111000365.000000,0.000000
334000348.000000,5210.000000,203190.000000,291760.000000,41680.000000,111333805.000000,0.000000
335000284.000000,5208.000000,203112.000000,291648.000000,41664.000000,111667117.000000,0.000000
336000220.000000,5208.000000,203112.000000,291648.000000,41664.000000,112000429.000000,0.000000
337000156.000000,5208.000000,203112.000000,291648.000000,41664.000000,112333741.000000,0.000000
338000092.000000,5208.000000,203112.000000,291648.000000,41664.000000,112667053.000000,0.000000
339000028.000000,5208.000000,203112.000000,291648.000000,41664.000000,113000365.000000,0.000000
340000348.000000,5210.000000,203190.000000,291760.000000,41680.000000,113333805.000000,0.000000
341000284.000000,5208.000000,203112.000000,291648.000000,41664.000000,113667117.000000,0.000000
342000220.000000,5208.000000,203112.000000,291648.000000,41664.000000,114000429.000000,0.000000
343000156.000000,5208.000000,203112.000000,291648.000000,41664.000000,114333741.000000,0.000000
344000092.000000,5208.000000,203112.000000,291648.000000,41664.000000,114667053.000000,0.000000
345000028.000000,5208.000000,203112.000000,291648.000000,41664.000000,115000365.000000,0.000000
346000348.000000,5210.000000,203190.000000,291760.000000,41680.000000,115333805.000000,0.000000
347000284.000000,5208.000000,203112.000000,291648.000000,41664.000000,115667117.000000,0.000000
348000220.000000,5208.000000,203112.000000,291648.000000,41664.000000,116000429.000000,0.000000
349000156.000000,5208.000000,203112.000000,291648.000000,41664.000000,116333741.000000,0.000000
350000092.000000,5208.000000,203112.000000,291648.000000,41664.000000,116667053.000000,0.000000
351000028.000000,5208.000000,203112.000000,291648.000000,41664.000000,117000365.000000,0.000000
352000348.000000,5210.000000,203190.000000,291760.000000,41680.000000,117333805.000000,0.000000
353000150.000000,5155.000000,199883.000000,290942.000000,41232.000000,117665979.000000,10.000000
354000086.000000,5208.000000,203112.000000,291648.000000,41664.000000,117999291.000000,0.000000
355000022.000000,5208.000000,203112.000000,291648.000000,41664.000000,118332603.000000,0.000000
356000342.000000,5210.000000,203190.000000,291760.000000,41680.000000,118666043.000000,0.000000
357000278.000000,5208.000000,203112.000000,291648.000000,41664.000000,118999355.000000,0.000000
358000214.000000,5208.000000,203112.000000,291648.000000,41664.000000,119332667.000000,0.000000
359000150.000000,5208.000000,203112.000000,291648.000000,41664.000000,119665979.000000,0.000000
360000086.000000,5208.000000,203112.000000,291648.000000,41664.000000,119999291.000000,0.000000
361000022.000000,5208.000000,203112.000000,291648.000000,41664.000000,120332603.000000,0.000000
362000342.000000,5210.000000,203190.000000,291760.000000,41680.000000,120666043.000000,0.000000
363000278.000000,5208.000000,203112.000000,291648.000000,41664.000000,120999355.000000,0.000000
364000214.000000,5208.000000,203112.000000,291648.000000,41664.000000,121332667.000000,0.000000
365000150.000000,5208.000000,203112.000000,291648.000000,41664.000000,121665979.000000,0.000000
366000086.000000,5208.000000,203112.000000,291648.000000,41664.000000,121999291.000000,0.000000
367000022.000000,5208.000000,203112.000000,291648.000000,41664.000000,122332603.000000,0.000000
368000342.000000,5210.000000,203190.000000,291760.000000,41680.000000,122666043.000000,0.000000
369000278.000000,5208.000000,203112.000000,291648.000000,41664.000000,122999355.000000,0.000000
370000214.000000,5208.000000,203112.000000,291648.000000,41664.000000,123332667.000000,0.000000
371000150.000000,5208.000000,203112.000000,291648.000000,41664.000000,123665979.000000,0.000000
372000086.000000,5208.000000,203112.000000,291648.000000,41664.000000,123999291.000000,0.000000
373000022.000000,5208.000000,203112.000000,291648.000000,41664.000000,124332603.000000,0.000000
374000342.000000,5210.000000,203190.000000,291760.000000,41680.000000,124666043.000000,0.000000
375000278.000000,5208.000000,203112.000000,291648.000000,41664.000000,124999355.000000,0.000000
376000214.000000,5208.000000,203112.000000,291648.000000,41664.000000,125332667.000000,0.000000
377000150.000000,5208.000000,203112.000000,291648.000000,41664.000000,125665979.000000,0.000000
378000086.000000,5208.000000,203112.000000,291648.000000,41664.000000,125999291.000000,0.000000
379000022.000000,5208.000000,203112.000000,291648.000000,41664.000000,126332603.000000,0.000000
380000342.000000,5210.000000,203190.000000,291760.000000,41680.000000,126666043.000000,0.000000
381000278.000000,5208.000000,203112.000000,291648.000000,41664.000000,126999355.000000,0.000000
382000214.000000,5208.000000,203112.000000,291648.000000,41664.000000,127332667.000000,0.000000
383000150.000000,5208.000000,203112.000000,291648.000000,41664.000000,127665979.000000,0.000000
384000086.000000,5208.000000,203112.000000,291648.000000,41664.000000,127999291.000000,0.000000
385000022.000000,5208.000000,203112.000000,291648.000000,41664.000000,128332603.000000,0.000000
386000342.000000,5210.000000,203190.000000,291760.000000,41680.000000,128666043.000000,0.000000
387000278.000000,5208.000000,203112.000000,291648.000000,41664.000000,128999355.000000,0.000000
388000214.000000,5208.000000,203112.000000,291648.000000,41664.000000,129332667.000000,0.000000
389000150.000000,5208.000000,203112.000000,291648.000000,41664.000000,129665979.000000,0.000000
390000086.000000,5208.000000,203112.000000,291648.000000,41664.000000,129999291.000000,0.000000
391000022.000000,5208.000000,203112.000000,291648.000000,41664.000000,130332603.000000,0.000000
392000342.000000,5210.000000,203190.000000,291760.000000,41680.000000,130666043.000000,0.000000
393000278.000000,5208.000000,203112.000000,291648.000000,41664.000000,130999355.000000,0.000000
394000214.000000,5208.000000,203112.000000,291648.000000,41664.000000,131332667.000000,0.000000
395000150.000000,5208.000000,203112.000000,291648.000000,41664.000000,131665979.000000,0.000000
396000086.000000,5208.000000,203112.000000,291648.000000,41664.000000,131999291.000000,0.000000
397000022.000000,5208.000000,203112.000000,291648.000000,41664.000000,132332603.000000,0.000000
398000342.000000,5210.000000,203190.000000,291760.000000,41680.000000,132666043.000000,0.000000
399000278.000000,5208.000000,203112.000000,291648.000000,41664.000000,132999355.000000,0.000000
400000214.000000,5208.000000,203112.000000,291648.000000,41664.000000,133332667.000000,0.000000
401000150.000000,5208.000000,203112.000000,291648.000000,41664.000000,133665979.000000,0.000000
402000086.000000,5208.000000,203112.000000,291648.000000,41664.000000,133999291.000000,0.000000
403000159.000000,5102.000000,197015.000000,290068.000000,40943.000000,134330302.000000,12.000000
404000095.000000,5208.000000,203112.000000,291648.000000,41664.000000,134663614.000000,0.000000
405000031.000000,5208.000000,203112.000000,291648.000000,41664.000000,134996926.000000,0.000000
406000351.000000,5210.000000,203190.000000,291760.000000,41680.000000,135330366.000000,0.000000
407000287.000000,5208.000000,203112.000000,291648.000000,41664.000000,135663678.000000,0.000000
408000223.000000,5208.000000,203112.000000,291648.000000,41664.000000,135996990.000000,0.000000
409000159.000000,5208.000000,203112.000000,291648.000000,41664.000000,136330302.000000,0.000000
410000095.000000,5208.000000,203112.000000,291648.000000,41664.000000,136663614.000000,0.000000
411000031.000000,5208.000000,203112.000000,291648.000000,41664.000000,136996926.000000,0.000000
412000351.000000,5210.000000,203190.000000,291760.000000,41680.000000,137330366.000000,0.000000
413000287.000000,5208.000000,203112.000000,291648.000000,41664.000000,137663678.000000,0.000000
414000223.000000,5208.000000,203112.000000,291648.000000,41664.000000,137996990.000000,0.000000
415000159.000000,5208.000000,203112.000000,291648.000000,41664.000000,138330302.000000,0.000000
416000095.000000,5208.000000,203112.000000,291648.000000,41664.000000,138663614.000000,0.000000
417000031.000000,5208.000000,203112.000000,291648.000000,41664.000000,138996926.000000,0.000000
418000351.000000,5210.000000,203190.000000,291760.000000,41680.000000,139330366.000000,0.000000
419000287.000000,5208.000000,203112.000000,291648.000000,41664.000000,139663678.000000,0.000000
420000223.000000,5208.000000,203112.000000,291648.000000,41664.000000,139996990.000000,0.000000
421000159.000000,5208.000000,203112.000000,291648.000000,41664.000000,140330302.000000,0.000000
422000095.000000,5208.000000,203112.000000,291648.000000,41664.000000,140663614.000000,0.000000
423000031.000000,5208.000000,203112.000000,291648.000000,41664.000000,140996926.000000,0.000000
424000351.000000,5210.000000,203190.000000,291760.000000,41680.000000,141330366.000000,0.000000
425000287.000000,5208.000000,203112.000000,291648.000000,41664.000000,141663678.000000,0.000000
426000223.000000,5208.000000,203112.000000,291648.000000,41664.000000,141996990.000000,0.000000
427000159.000000,5208.000000,203112.000000,291648.000000,41664.000000,142330302.000000,0.000000
428000095.000000,5208.000000,203112.000000,291648.000000,41664.000000,142663614.000000,0.000000
429000031.000000,5208.000000,203112.000000,291648.000000,41664.000000,142996926.000000,0.000000
430000351.000000,5210.000000,203190.000000,291760.000000,41680.000000,143330366.000000,0.000000
431000287.000000,5208.000000,203112.000000,291648.000000,41664.000000,143663678.000000,0.000000
432000223.000000,5208.000000,203112.000000,291648.000000,41664.000000,143996990.000000,0.000000
433000159.000000,5208.000000,203112.000000,291648.000000,41664.000000,144330302.000000,0.000000
434000095.000000,5208.000000,203112.000000,291648.000000,41664.000000,144663614.000000,0.000000
435000031.000000,5208.000000,203112.000000,291648.000000,41664.000000,144996926.000000,0.000000
436000351.000000,5210.000000,203190.000000,291760.000000,41680.000000,145330366.000000,0.000000
437000287.000000,5208.000000,203112.000000,291648.000000,41664.000000,145663678.000000,0.000000
438000223.000000,5208.000000,203112.000000,291648.000000,41664.000000,145996990.000000,0.000000
439000159.000000,5208.000000,203112.000000,291648.000000,41664.000000,146330302.000000,0.000000
440000095.000000,5208.000000,203112.000000,291648.000000,41664.000000,146663614.000000,0.000000
441000031.000000,5208.000000,203112.000000,291648.000000,41664.000000,146996926.000000,0.000000
442000351.000000,5210.000000,203190.000000,291760.000000,41680.000000,147330366.000000,0.000000
443000287.000000,5208.000000,203112.000000,291648.000000,41664.000000,147663678.000000,0.000000
444000223.000000,5208.000000,203112.000000,291648.000000,41664.000000,147996990.000000,0.000000
445000159.000000,5208.000000,203112.000000,291648.000000,41664.000000,148330302.000000,0.000000
446000095.000000,5208.000000,203112.000000,291648.000000,41664.000000,148663614.000000,0.000000
447000031.000000,5208.000000,203112.000000,291648.000000,41664.000000,148996926.000000,0.000000
448000351.000000,5210.000000,203190.000000,291760.000000,41680.000000,149330366.000000,0.000000
449000287.000000,5208.000000,203112.000000,291648.000000,41664.000000,149663678.000000,0.000000
450000223.000000,5208.000000,203112.000000,291648.000000,41664.000000,149996990.000000,0.000000
451000159.000000,5208.000000,203112.000000,291648.000000,41664.000000,150330302.000000,0.000000
452000095.000000,5208.000000,203112.000000,291648.000000,41664.000000,150663614.000000,0.000000
453000031.000000,5208.000000,203112.000000,291648.000000,41664.000000,150996926.000000,0.000000
454000047.000000,5011.000000,191178.000000,288300.000000,40188.000000,151325414.000000,19.000000
455000367.000000,5210.000000,203190.000000,291760.000000,41680.000000,151658854.000000,0.000000
456000303.000000,5208.000000,203112.000000,291648.000000,41664.000000,151992166.000000,0.000000
457000239.000000,5208.000000,203112.000000,291648.000000,41664.000000,152325478.000000,0.000000
458000175.000000,5208.000000,203112.000000,291648.000000,41664.000000,152658790.000000,0.000000
459000111.000000,5208.000000,203112.000000,291648.000000,41664.000000,152992102.000000,0.000000
460000047.000000,5208.000000,203112.000000,291648.000000,41664.000000,153325414.000000,0.000000
461000367.000000,5210.000000,203190.000000,291760.000000,41680.000000,153658854.000000,0.000000
462000303.000000,5208.000000,203112.000000,291648.000000,41664.000000,153992166.000000,0.000000
463000239.000000,5208.000000,203112.000000,291648.000000,41664.000000,154325478.000000,0.000000
464000175.000000,5208.000000,203112.000000,291648.000000,41664.000000,154658790.000000,0.000000
465000111.000000,5208.000000,203112.000000,291648.000000,41664.000000,154992102.000000,0.000000
466000047.000000,5208.000000,203112.000000,291648.000000,41664.000000,155325414.000000,0.000000
467000367.000000,5210.000000,203190.000000,291760.000000,41680.000000,155658854.000000,0.000000
468000303.000000,5208.000000,203112.000000,291648.000000,41664.000000,155992166.000000,0.000000
469000239.000000,5208.000000,203112.000000,291648.000000,41664.000000,156325478.000000,0.000000
470000175.000000,5208.000000,203112.000000,291648.000000,41664.000000,156658790.000000,0.000000
471000111.000000,5208.000000,203112.000000,291648.000000,41664.000000,156992102.000000,0.000000
472000047.000000,5208.000000,203112.000000,291648.000000,41664.000000,157325414.000000,0.000000
473000367.000000,5210.000000,203190.000000,291760.000000,41680.000000,157658854.000000,0.000000
474000303.000000,5208.000000,203112.000000,291648.000000,41664.000000,157992166.000000,0.000000
475000239.000000,5208.000000,203112.000000,291648.000000,41664.000000,158325478.000000,0.000000
476000175.000000,5208.000000,203112.000000,291648.000000,41664.000000,158658790.000000,0.000000
477000111.000000,5208.000000,203112.000000,291648.000000,41664.000000,158992102.000000,0.000000
478000047.000000,5208.000000,203112.000000,291648.000000,41664.000000,159325414.000000,0.000000
479000367.000000,5210.000000,203190.000000,291760.000000,41680.000000,159658854.000000,0.000000
480000303.000000,5208.000000,203112.000000,291648.000000,41664.000000,159992166.000000,0.000000
481000239.000000,5208.000000,203112.000000,291648.000000,41664.000000,160325478.000000,0.000000
482000175.000000,5208.000000,203112.000000,291648.000000,41664.000000,160658790.000000,0.000000
483000111.000000,5208.000000,203112.000000,291648.000000,41664.000000,160992102.000000,0.000000
484000047.000000,5208.000000,203112.000000,291648.000000,41664.000000,161325414.000000,0.000000
485000367.000000,5210.000000,203190.000000,291760.000000,41680.000000,161658854.000000,0.000000
486000303.000000,5208.000000,203112.000000,291648.000000,41664.000000,161992166.000000,0.000000
487000239.000000,5208.000000,203112.000000,291648.000000,41664.000000,162325478.000000,0.000000
488000175.000000,5208.000000,203112.000000,291648.000000,41664.000000,162658790.000000,0.000000
489000111.000000,5208.000000,203112.000000,291648.000000,41664.000000,162992102.000000,0.000000
490000047.000000,5208.000000,203112.000000,291648.000000,41664.000000,163325414.000000,0.000000
491000367.000000,5210.000000,203190.000000,291760.000000,41680.000000,163658854.000000,0.000000
492000303.000000,5208.000000,203112.000000,291648.000000,41664.000000,163992166.000000,0.000000
493000239.000000,5208.000000,203112.000000,291648.000000,41664.000000,164325478.000000,0.000000
494000175.000000,5208.000000,203112.000000,291648.000000,41664.000000,164658790.000000,0.000000
495000111.000000,5208.000000,203112.000000,291648.000000,41664.000000,164992102.000000,0.000000
496000047.000000,5208.000000,203112.000000,291648.000000,41664.000000,165325414.000000,0.000000
497000367.000000,5210.000000,203190.000000,291760.000000,41680.000000,165658854.000000,0.000000
498000303.000000,5208.000000,203112.000000,291648.000000,41664.000000,165992166.000000,0.000000
499000239.000000,5208.000000,203112.000000,291648.000000,41664.000000,166325478.000000,0.000000
500000175.000000,5208.000000,203112.000000,291648.000000,41664.000000,166658790.000000,0.000000
501000111.000000,5208.000000,203112.000000,291648.000000,41664.000000,166992102.000000,0.000000
502000047.000000,5208.000000,203112.000000,291648.000000,41664.000000,167325414.000000,0.000000
503000367.000000,5210.000000,203190.000000,291760.000000,41680.000000,167658854.000000,0.000000
504000271.000000,4826.000000,179685.000000,284720.000000,38768.000000,167982342.000000,44.000000
505000207.000000,5208.000000,203112.000000,291648.000000,41664.000000,168315654.000000,0.000000
506000143.000000,5208.000000,203112.000000,291648.000000,41664.000000,168648966.000000,0.000000
507000079.000000,5208.000000,203112.000000,291648.000000,41664.000000,168982278.000000,0.000000
508000015.000000,5208.000000,203112.000000,291648.000000,41664.000000,169315590.000000,0.000000
509000335.000000,5210.000000,203190.000000,291760.000000,41680.000000,169649030.000000,0.000000
510000271.000000,5208.000000,203112.000000,291648.000000,41664.000000,169982342.000000,0.000000
511000207.000000,5208.000000,203112.000000,291648.000000,41664.000000,170315654.000000,0.000000
512000143.000000,5208.000000,203112.000000,291648.000000,41664.000000,170648966.000000,0.000000
513000079.000000,5208.000000,203112.000000,291648.000000,41664.000000,170982278.000000,0.000000
514000015.000000,5208.000000,203112.000000,291648.000000,41664.000000,171315590.000000,0.000000
515000335.000000,5210.000000,203190.000000,291760.000000,41680.000000,171649030.000000,0.000000
516000271.000000,5208.000000,203112.000000,291648.000000,41664.000000,171982342.000000,0.000000
517000207.000000,5208.000000,203112.000000,291648.000000,41664.000000,172315654.000000,0.000000
518000143.000000,5208.000000,203112.000000,291648.000000,41664.000000,172648966.000000,0.000000
519000079.000000,5208.000000,203112.000000,291648.000000,41664.000000,172982278.000000,0.000000
520000015.000000,5208.000000,203112.000000,291648.000000,41664.000000,173315590.000000,0.000000
521000335.000000,5210.000000,203190.000000,291760.000000,41680.000000,173649030.000000,0.000000
522000271.000000,5208.000000,203112.000000,291648.000000,41664.000000,173982342.000000,0.000000
523000207.000000,5208.000000,203112.000000,291648.000000,41664.000000,174315654.000000,0.000000
524000143.000000,5208.000000,203112.000000,291648.000000,41664.000000,174648966.000000,0.000000
525000079.000000,5208.000000,203112.000000,291648.000000,41664.000000,174982278.000000,0.000000
526000015.000000,5208.000000,203112.000000,291648.000000,41664.000000,175315590.000000,0.000000
527000335.000000,5210.000000,203190.000000,291760.000000,41680.000000,175649030.000000,0.000000
528000271.000000,5208.000000,203112.000000,291648.000000,41664.000000,175982342.000000,0.000000
529000207.000000,5208.000000,203112.000000,291648.000000,41664.000000,176315654.000000,0.000000
530000143.000000,5208.000000,203112.000000,291648.000000,41664.000000,176648966.000000,0.000000
531000079.000000,5208.000000,203112.000000,291648.000000,41664.000000,176982278.000000,0.000000
532000015.000000,5208.000000,203112.000000,291648.000000,41664.000000,177315590.000000,0.000000
533000335.000000,5210.000000,203190.000000,291760.000000,41680.000000,177649030.000000,0.000000
534000271.000000,5208.000000,203112.000000,291648.000000,41664.000000,177982342.000000,0.000000
535000207.000000,5208.000000,203112.000000,291648.000000,41664.000000,178315654.000000,0.000000
536000143.000000,5208.000000,203112.000000,291648.000000,41664.000000,178648966.000000,0.000000
537000079.000000,5208.000000,203112.000000,291648.000000,41664.000000,178982278.000000,0.000000
538000015.000000,5208.000000,203112.000000,291648.000000,41664.000000,179315590.000000,0.000000
539000335.000000,5210.000000,203190.000000,291760.000000,41680.000000,179649030.000000,0.000000
540000271.000000,5208.000000,203112.000000,291648.000000,41664.000000,179982342.000000,0.000000
541000207.000000,5208.000000,203112.000000,291648.000000,41664.000000,180315654.000000,0.000000
542000143.000000,5208.000000,203112.000000,291648.000000,41664.000000,180648966.000000,0.000000
543000079.000000,5208.000000,203112.000000,291648.000000,41664.000000,180982278.000000,0.000000
544000015.000000,5208.000000,203112.000000,291648.000000,41664.000000,181315590.000000,0.000000
545000335.000000,5210.000000,203190.000000,291760.000000,41680.000000,181649030.000000,0.000000
546000271.000000,5208.000000,203112.000000,291648.000000,41664.000000,181982342.000000,0.000000
547000207.000000,5208.000000,203112.000000,291648.000000,41664.000000,182315654.000000,0.000000
548000143.000000,5208.000000,203112.000000,291648.000000,41664.000000,182648966.000000,0.000000
549000079.000000,5208.000000,203112.000000,291648.000000,41664.000000,182982278.000000,0.000000
550000015.000000,5208.000000,203112.000000,291648.000000,41664.000000,183315590.000000,0.000000
551000335.000000,5210.000000,203190.000000,291760.000000,41680.000000,183649030.000000,0.000000
552000271.000000,5208.000000,203112.000000,291648.000000,41664.000000,183982342.000000,0.000000
553000207.000000,5208.000000,203112.000000,291648.000000,41664.000000,184315654.000000,0.000000
554000075.000000,5211.000000,188653.000000,289053.000000,41279.000000,184645986.000000,23.000000
555000207.000000,4559.000000,172355.000000,279890.000000,36700.000000,184962576.000000,41.000000
556000143.000000,5208.000000,203112.000000,291648.000000,41664.000000,185295888.000000,0.000000
557000079.000000,5208.000000,203112.000000,291648.000000,41664.000000,185629200.000000,0.000000
558000015.000000,5208.000000,203112.000000,291648.000000,41664.000000,185962512.000000,0.000000
559000335.000000,5210.000000,203190.000000,291760.000000,41680.000000,186295952.000000,0.000000
560000271.000000,5208.000000,203112.000000,291648.000000,41664.000000,186629264.000000,0.000000
561000207.000000,5208.000000,203112.000000,291648.000000,41664.000000,186962576.000000,0.000000
562000143.000000,5208.000000,203112.000000,291648.000000,41664.000000,187295888.000000,0.000000
563000079.000000,5208.000000,203112.000000,291648.000000,41664.000000,187629200.000000,0.000000
564000015.000000,5208.000000,203112.000000,291648.000000,41664.000000,187962512.000000,0.000000
565000335.000000,5210.000000,203190.000000,291760.000000,41680.000000,188295952.000000,0.000000
566000271.000000,5208.000000,203112.000000,291648.000000,41664.000000,188629264.000000,0.000000
567000207.000000,5208.000000,203112.000000,291648.000000,41664.000000,188962576.000000,0.000000
568000143.000000,5208.000000,203112.000000,291648.000000,41664.000000,189295888.000000,0.000000
569000079.000000,5208.000000,203112.000000,291648.000000,41664.000000,189629200.000000,0.000000
570000015.000000,5208.000000,203112.000000,291648.000000,41664.000000,189962512.000000,0.000000
571000335.000000,5210.000000,203190.000000,291760.000000,41680.000000,190295952.000000,0.000000
572000271.000000,5208.000000,203112.000000,291648.000000,41664.000000,190629264.000000,0.000000
573000207.000000,5208.000000,203112.000000,291648.000000,41664.000000,190962576.000000,0.000000
574000143.000000,5208.000000,203112.000000,291648.000000,41664.000000,191295888.000000,0.000000
575000079.000000,5208.000000,203112.000000,291648.000000,41664.000000,191629200.000000,0.000000
576000015.000000,5208.000000,203112.000000,291648.000000,41664.000000,191962512.000000,0.000000
577000335.000000,5210.000000,203190.000000,291760.000000,41680.000000,192295952.000000,0.000000
578000271.000000,5208.000000,203112.000000,291648.000000,41664.000000,192629264.000000,0.000000
579000207.000000,5208.000000,203112.000000,291648.000000,41664.000000,192962576.000000,0.000000
580000143.000000,5208.000000,203112.000000,291648.000000,41664.000000,193295888.000000,0.000000
581000079.000000,5208.000000,203112.000000,291648.000000,41664.000000,193629200.000000,0.000000
582000015.000000,5208.000000,203112.000000,291648.000000,41664.000000,193962512.000000,0.000000
583000335.000000,5210.000000,203190.000000,291760.000000,41680.000000,194295952.000000,0.000000
584000271.000000,5208.000000,203112.000000,291648.000000,41664.000000,194629264.000000,0.000000
585000207.000000,5208.000000,203112.000000,291648.000000,41664.000000,194962576.000000,0.000000
586000143.000000,5208.000000,203112.000000,291648.000000,41664.000000,195295888.000000,0.000000
587000079.000000,5208.000000,203112.000000,291648.000000,41664.000000,195629200.000000,0.000000
588000015.000000,5208.000000,203112.000000,291648.000000,41664.000000,195962512.000000,0.000000
589000335.000000,5210.000000,203190.000000,291760.000000,41680.000000,196295952.000000,0.000000
590000271.000000,5208.000000,203112.000000,291648.000000,41664.000000,196629264.000000,0.000000
591000207.000000,5208.000000,203112.000000,291648.000000,41664.000000,196962576.000000,0.000000
592000143.000000,5208.000000,203112.000000,291648.000000,41664.000000,197295888.000000,0.000000
593000079.000000,5208.000000,203112.000000,291648.000000,41664.000000,197629200.000000,0.000000
594000015.000000,5208.000000,203112.000000,291648.000000,41664.000000,197962512.000000,0.000000
595000335.000000,5210.000000,203190.000000,291760.000000,41680.000000,198295952.000000,0.000000
596000271.000000,5208.000000,203112.000000,291648.000000,41664.000000,198629264.000000,0.000000
597000207.000000,5208.000000,203112.000000,291648.000000,41664.000000,198962576.000000,0.000000
598000143.000000,5208.000000,203112.000000,291648.000000,41664.000000,199295888.000000,0.000000
599000079.000000,5208.000000,203112.000000,291648.000000,41664.000000,199629200.000000,0.000000
600000015.000000,5208.000000,203112.000000,291648.000000,41664.000000,199962512.000000,0.000000
601000335.000000,5210.000000,203190.000000,291760.000000,41680.000000,200295952.000000,0.000000
602000271.000000,5208.000000,203112.000000,291648.000000,41664.000000,200629264.000000,0.000000
603000207.000000,5208.000000,203112.000000,291648.000000,41664.000000,200962576.000000,0.000000
604000143.000000,5208.000000,203112.000000,291648.000000,41664.000000,201295888.000000,0.000000
605000139.000000,4869.000000,116835.000000,261439.000000,32339.000000,201589666.000000,79.000000
606000075.000000,5208.000000,203112.000000,291648.000000,41664.000000,201922978.000000,11.000000
607000011.000000,5208.000000,203112.000000,291648.000000,41664.000000,202256290.000000,0.000000
608000331.000000,5210.000000,203190.000000,291760.000000,41680.000000,202589730.000000,0.000000
609000267.000000,5208.000000,203112.000000,291648.000000,41664.000000,202923042.000000,0.000000
610000203.000000,5208.000000,203112.000000,291648.000000,41664.000000,203256354.000000,0.000000
611000139.000000,5208.000000,203112.000000,291648.000000,41664.000000,203589666.000000,0.000000
612000075.000000,5208.000000,203112.000000,291648.000000,41664.000000,203922978.000000,0.000000
613000011.000000,5208.000000,203112.000000,291648.000000,41664.000000,204256290.000000,0.000000
614000331.000000,5210.000000,203190.000000,291760.000000,41680.000000,204589730.000000,0.000000
615000267.000000,5208.000000,203112.000000,291648.000000,41664.000000,204923042.000000,0.000000
616000203.000000,5208.000000,203112.000000,291648.000000,41664.000000,205256354.000000,0.000000
617000139.000000,5208.000000,203112.000000,291648.000000,41664.000000,205589666.000000,0.000000
618000075.000000,5208.000000,203112.000000,291648.000000,41664.000000,205922978.000000,0.000000
619000011.000000,5208.000000,203112.000000,291648.000000,41664.000000,206256290.000000,0.000000
620000331.000000,5210.000000,203190.000000,291760.000000,41680.000000,206589730.000000,0.000000
621000267.000000,5208.000000,203112.000000,291648.000000,41664.000000,206923042.000000,0.000000
622000203.000000,5208.000000,203112.000000,291648.000000,41664.000000,207256354.000000,0.000000
623000139.000000,5208.000000,203112.000000,291648.000000,41664.000000,207589666.000000,0.000000
624000075.000000,5208.000000,203112.000000,291648.000000,41664.000000,207922978.000000,0.000000
625000011.000000,5208.000000,203112.000000,291648.000000,41664.000000,208256290.000000,0.000000
626000331.000000,5210.000000,203190.000000,291760.000000,41680.000000,208589730.000000,0.000000
627000267.000000,5208.000000,203112.000000,291648.000000,41664.000000,208923042.000000,0.000000
628000203.000000,5208.000000,203112.000000,291648.000000,41664.000000,209256354.000000,0.000000
629000139.000000,5208.000000,203112.000000,291648.000000,41664.000000,209589666.000000,0.000000
630000075.000000,5208.000000,203112.000000,291648.000000,41664.000000,209922978.000000,0.000000
631000011.000000,5208.000000,203112.000000,291648.000000,41664.000000,210256290.000000,0.000000
632000331.000000,5210.000000,203190.000000,291760.000000,41680.000000,210589730.000000,0.000000
633000267.000000,5208.000000,203112.000000,291648.000000,41664.000000,210923042.000000,0.000000
634000203.000000,5208.000000,203112.000000,291648.000000,41664.000000,211256354.000000,0.000000
635000139.000000,5208.000000,203112.000000,291648.000000,41664.000000,211589666.000000,0.000000
636000075.000000,5208.000000,203112.000000,291648.000000,41664.000000,211922978.000000,0.000000
637000011.000000,5208.000000,203112.000000,291648.000000,41664.000000,212256290.000000,0.000000
638000331.000000,5210.000000,203190.000000,291760.000000,41680.000000,212589730.000000,0.000000
639000267.000000,5208.000000,203112.000000,291648.000000,41664.000000,212923042.000000,0.000000
640000203.000000,5208.000000,203112.000000,291648.000000,41664.000000,213256354.000000,0.000000
641000139.000000,5208.000000,203112.000000,291648.000000,41664.000000,213589666.000000,0.000000
642000075.000000,5208.000000,203112.000000,291648.000000,41664.000000,213922978.000000,0.000000
643000011.000000,5208.000000,203112.000000,291648.000000,41664.000000,214256290.000000,0.000000
644000331.000000,5210.000000,203190.000000,291760.000000,41680.000000,214589730.000000,0.000000
645000267.000000,5208.000000,203112.000000,291648.000000,41664.000000,214923042.000000,0.000000
646000203.000000,5208.000000,203112.000000,291648.000000,41664.000000,215256354.000000,0.000000
647000139.000000,5208.000000,203112.000000,291648.000000,41664.000000,215589666.000000,0.000000
648000075.000000,5208.000000,203112.000000,291648.000000,41664.000000,215922978.000000,0.000000
649000011.000000,5208.000000,203112.000000,291648.000000,41664.000000,216256290.000000,0.000000
650000331.000000,5210.000000,203190.000000,291760.000000,41680.000000,216589730.000000,0.000000
651000267.000000,5208.000000,203112.000000,291648.000000,41664.000000,216923042.000000,0.000000
652000203.000000,5208.000000,203112.000000,291648.000000,41664.000000,217256354.000000,0.000000
653000139.000000,5208.000000,203112.000000,291648.000000,41664.000000,217589666.000000,0.000000
654000075.000000,5208.000000,203112.000000,291648.000000,41664.000000,217922978.000000,0.000000
655000011.000000,5208.000000,203112.000000,291648.000000,41664.000000,218256290.000000,0.000000
656000594.000000,4817.000000,76615.000000,262839.000000,29369.000000,218548498.000000,67.000000
657000231.000000,5439.000000,157588.000000,258807.000000,35590.000000,218842895.000000,57.000000
658000167.000000,5208.000000,203112.000000,291648.000000,41664.000000,219176207.000000,0.000000
659000103.000000,5208.000000,203112.000000,291648.000000,41664.000000,219509519.000000,0.000000
660000039.000000,5208.000000,203112.000000,291648.000000,41664.000000,219842831.000000,0.000000
661000359.000000,5210.000000,203190.000000,291760.000000,41680.000000,220176271.000000,0.000000
662000295.000000,5208.000000,203112.000000,291648.000000,41664.000000,220509583.000000,0.000000
663000231.000000,5208.000000,203112.000000,291648.000000,41664.000000,220842895.000000,0.000000
664000167.000000,5208.000000,203112.000000,291648.000000,41664.000000,221176207.000000,0.000000
665000103.000000,5208.000000,203112.000000,291648.000000,41664.000000,221509519.000000,0.000000
666000039.000000,5208.000000,203112.000000,291648.000000,41664.000000,221842831.000000,0.000000
667000359.000000,5210.000000,203190.000000,291760.000000,41680.000000,222176271.000000,0.000000
668000295.000000,5208.000000,203112.000000,291648.000000,41664.000000,222509583.000000,0.000000
669000231.000000,5208.000000,203112.000000,291648.000000,41664.000000,222842895.000000,0.000000
670000167.000000,5208.000000,203112.000000,291648.000000,41664.000000,223176207.000000,0.000000
671000103.000000,5208.000000,203112.000000,291648.000000,41664.000000,223509519.000000,0.000000
672000039.000000,5208.000000,203112.000000,291648.000000,41664.000000,223842831.000000,0.000000
673000359.000000,5210.000000,203190.000000,291760.000000,41680.000000,224176271.000000,0.000000
674000295.000000,5208.000000,203112.000000,291648.000000,41664.000000,224509583.000000,0.000000
675000231.000000,5208.000000,203112.000000,291648.000000,41664.000000,224842895.000000,0.000000
676000167.000000,5208.000000,203112.000000,291648.000000,41664.000000,225176207.000000,0.000000
677000103.000000,5208.000000,203112.000000,291648.000000,41664.000000,225509519.000000,0.000000
678000039.000000,5208.000000,203112.000000,291648.000000,41664.000000,225842831.000000,0.000000
679000359.000000,5210.000000,203190.000000,291760.000000,41680.000000,226176271.000000,0.000000
680000295.000000,5208.000000,203112.000000,291648.000000,41664.000000,226509583.000000,0.000000
681000231.000000,5208.000000,203112.000000,291648.000000,41664.000000,226842895.000000,0.000000
682000167.000000,5208.000000,203112.000000,291648.000000,41664.000000,227176207.000000,0.000000
683000103.000000,5208.000000,203112.000000,291648.000000,41664.000000,227509519.000000,0.000000
684000039.000000,5208.000000,203112.000000,291648.000000,41664.000000,227842831.000000,0.000000
685000359.000000,5210.000000,203190.000000,291760.000000,41680.000000,228176271.000000,0.000000
686000295.000000,5208.000000,203112.000000,291648.000000,41664.000000,228509583.000000,0.000000
687000231.000000,5208.000000,203112.000000,291648.000000,41664.000000,228842895.000000,0.000000
688000167.000000,5208.000000,203112.000000,291648.000000,41664.000000,229176207.000000,0.000000
689000103.000000,5208.000000,203112.000000,291648.000000,41664.000000,229509519.000000,0.000000
690000039.000000,5208.000000,203112.000000,291648.000000,41664.000000,229842831.000000,0.000000
691000359.000000,5210.000000,203190.000000,291760.000000,41680.000000,230176271.000000,0.000000
692000295.000000,5208.000000,203112.000000,291648.000000,41664.000000,230509583.000000,0.000000
693000231.000000,5208.000000,203112.000000,291648.000000,41664.000000,230842895.000000,0.000000
694000167.000000,5208.000000,203112.000000,291648.000000,41664.000000,231176207.000000,0.000000
695000103.000000,5208.000000,203112.000000,291648.000000,41664.000000,231509519.000000,0.000000
696000039.000000,5208.000000,203112.000000,291648.000000,41664.000000,231842831.000000,0.000000
697000359.000000,5210.000000,203190.000000,291760.000000,41680.000000,232176271.000000,0.000000
698000295.000000,5208.000000,203112.000000,291648.000000,41664.000000,232509583.000000,0.000000
699000231.000000,5208.000000,203112.000000,291648.000000,41664.000000,232842895.000000,0.000000
700000167.000000,5208.000000,203112.000000,291648.000000,41664.000000,233176207.000000,0.000000
701000103.000000,5208.000000,203112.000000,291648.000000,41664.000000,233509519.000000,0.000000
702000039.000000,5208.000000,203112.000000,291648.000000,41664.000000,233842831.000000,0.000000
703000359.000000,5210.000000,203190.000000,291760.000000,41680.000000,234176271.000000,0.000000
704000295.000000,5208.000000,203112.000000,291648.000000,41664.000000,234509583.000000,0.000000
705000231.000000,5208.000000,203112.000000,291648.000000,41664.000000,234842895.000000,0.000000
706000167.000000,5208.000000,203112.000000,291648.000000,41664.000000,235176207.000000,0.000000
707000312.000000,5250.000000,135289.000000,276214.000000,41193.000000,235493614.000000,30.000000
708000945.000000,4365.000000,16863.000000,249169.000000,17081.000000,235759864.000000,74.000000
709000070.000000,5624.000000,114241.000000,225933.000000,29678.000000,236015475.000000,51.000000
710000006.000000,5208.000000,203112.000000,291648.000000,41664.000000,236348787.000000,0.000000
711000326.000000,5210.000000,203190.000000,291760.000000,41680.000000,236682227.000000,0.000000
712000262.000000,5208.000000,203112.000000,291648.000000,41664.000000,237015539.000000,0.000000
713000198.000000,5208.000000,203112.000000,291648.000000,41664.000000,237348851.000000,0.000000
714000134.000000,5208.000000,203112.000000,291648.000000,41664.000000,237682163.000000,0.000000
715000070.000000,5208.000000,203112.000000,291648.000000,41664.000000,238015475.000000,0.000000
716000006.000000,5208.000000,203112.000000,291648.000000,41664.000000,238348787.000000,0.000000
717000326.000000,5210.000000,203190.000000,291760.000000,41680.000000,238682227.000000,0.000000
718000262.000000,5208.000000,203112.000000,291648.000000,41664.000000,239015539.000000,0.000000
719000198.000000,5208.000000,203112.000000,291648.000000,41664.000000,239348851.000000,0.000000
720000134.000000,5208.000000,203112.000000,291648.000000,41664.000000,239682163.000000,0.000000
721000070.000000,5208.000000,203112.000000,291648.000000,41664.000000,240015475.000000,0.000000
722000006.000000,5208.000000,203112.000000,291648.000000,41664.000000,240348787.000000,0.000000
723000326.000000,5210.000000,203190.000000,291760.000000,41680.000000,240682227.000000,0.000000
724000262.000000,5208.000000,203112.000000,291648.000000,41664.000000,241015539.000000,0.000000
725000198.000000,5208.000000,203112.000000,291648.000000,41664.000000,241348851.000000,0.000000
726000134.000000,5208.000000,203112.000000,291648.000000,41664.000000,241682163.000000,0.000000
727000070.000000,5208.000000,203112.000000,291648.000000,41664.000000,242015475.000000,0.000000
728000006.000000,5208.000000,203112.000000,291648.000000,41664.000000,242348787.000000,0.000000
729000326.000000,5210.000000,203190.000000,291760.000000,41680.000000,242682227.000000,0.000000
730000262.000000,5208.000000,203112.000000,291648.000000,41664.000000,243015539.000000,0.000000
731000198.000000,5208.000000,203112.000000,291648.000000,41664.000000,243348851.000000,0.000000
732000134.000000,5208.000000,203112.000000,291648.000000,41664.000000,243682163.000000,0.000000
733000070.000000,5208.000000,203112.000000,291648.000000,41664.000000,244015475.000000,0.000000
734000006.000000,5208.000000,203112.000000,291648.000000,41664.000000,244348787.000000,0.000000
735000326.000000,5210.000000,203190.000000,291760.000000,41680.000000,244682227.000000,0.000000
736000262.000000,5208.000000,203112.000000,291648.000000,41664.000000,245015539.000000,0.000000
737000198.000000,5208.000000,203112.000000,291648.000000,41664.000000,245348851.000000,0.000000
738000134.000000,5208.000000,203112.000000,291648.000000,41664.000000,245682163.000000,0.000000
739000070.000000,5208.000000,203112.000000,291648.000000,41664.000000,246015475.000000,0.000000
740000006.000000,5208.000000,203112.000000,291648.000000,41664.000000,246348787.000000,0.000000
741000326.000000,5210.000000,203190.000000,291760.000000,41680.000000,246682227.000000,0.000000
742000262.000000,5208.000000,203112.000000,291648.000000,41664.000000,247015539.000000,0.000000
743000198.000000,5208.000000,203112.000000,291648.000000,41664.000000,247348851.000000,0.000000
744000134.000000,5208.000000,203112.000000,291648.000000,41664.000000,247682163.000000,0.000000
745000070.000000,5208.000000,203112.000000,291648.000000,41664.000000,248015475.000000,0.000000
746000006.000000,5208.000000,203112.000000,291648.000000,41664.000000,248348787.000000,0.000000
747000326.000000,5210.000000,203190.000000,291760.000000,41680.000000,248682227.000000,0.000000
748000262.000000,5208.000000,203112.000000,291648.000000,41664.000000,249015539.000000,0.000000
749000198.000000,5208.000000,203112.000000,291648.000000,41664.000000,249348851.000000,0.000000
750000134.000000,5208.000000,203112.000000,291648.000000,41664.000000,249682163.000000,0.000000
751000070.000000,5208.000000,203112.000000,291648.000000,41664.000000,250015475.000000,0.000000
752000006.000000,5208.000000,203112.000000,291648.000000,41664.000000,250348787.000000,0.000000
753000326.000000,5210.000000,203190.000000,291760.000000,41680.000000,250682227.000000,0.000000
754000262.000000,5208.000000,203112.000000,291648.000000,41664.000000,251015539.000000,0.000000
755000198.000000,5208.000000,203112.000000,291648.000000,41664.000000,251348851.000000,0.000000
756000134.000000,5208.000000,203112.000000,291648.000000,41664.000000,251682163.000000,0.000000
757000070.000000,5208.000000,203112.000000,291648.000000,41664.000000,252015475.000000,0.000000
758000006.000000,5208.000000,203112.000000,291648.000000,41664.000000,252348787.000000,0.000000
759000131.000000,5389.000000,189977.000000,289017.000000,43152.000000,252680956.000000,2.000000
760000943.000000,4349.000000,15116.000000,246679.000000,32849.000000,252960484.000000,61.000000
761000769.000000,10820.000000,42300.000000,294705.000000,35884.000000,253291073.000000,128.000000
762000297.000000,2702.000000,1471.000000,240601.000000,9282.000000,253540956.000000,138.000000
763000054.000000,6699.000000,76699.000000,173751.000000,25929.000000,253740636.000000,76.000000
764000002.000000,5209.000000,203121.000000,291650.000000,41666.000000,254073952.000000,0.000000
765000310.000000,5209.000000,203181.000000,291758.000000,41678.000000,254407388.000000,0.000000
766000246.000000,5208.000000,203112.000000,291648.000000,41664.000000,254740700.000000,0.000000
767000182.000000,5208.000000,203112.000000,291648.000000,41664.000000,255074012.000000,0.000000
768000118.000000,5208.000000,203112.000000,291648.000000,41664.000000,255407324.000000,0.000000
769000054.000000,5208.000000,203112.000000,291648.000000,41664.000000,255740636.000000,0.000000
770000002.000000,5209.000000,203121.000000,291650.000000,41666.000000,256073952.000000,0.000000
771000310.000000,5209.000000,203181.000000,291758.000000,41678.000000,256407388.000000,0.000000
772000246.000000,5208.000000,203112.000000,291648.000000,41664.000000,256740700.000000,0.000000
773000182.000000,5208.000000,203112.000000,291648.000000,41664.000000,257074012.000000,0.000000
774000118.000000,5208.000000,203112.000000,291648.000000,41664.000000,257407324.000000,0.000000
775000054.000000,5208.000000,203112.000000,291648.000000,41664.000000,257740636.000000,0.000000
776000002.000000,5209.000000,203121.000000,291650.000000,41666.000000,258073952.000000,0.000000
777000310.000000,5209.000000,203181.000000,291758.000000,41678.000000,258407388.000000,0.000000
778000246.000000,5208.000000,203112.000000,291648.000000,41664.000000,258740700.000000,0.000000
779000182.000000,5208.000000,203112.000000,291648.000000,41664.000000,259074012.000000,0.000000
780000118.000000,5208.000000,203112.000000,291648.000000,41664.000000,259407324.000000,0.000000
781000054.000000,5208.000000,203112.000000,291648.000000,41664.000000,259740636.000000,0.000000
782000002.000000,5209.000000,203121.000000,291650.000000,41666.000000,260073952.000000,0.000000
783000310.000000,5209.000000,203181.000000,291758.000000,41678.000000,260407388.000000,0.000000
784000246.000000,5208.000000,203112.000000,291648.000000,41664.000000,260740700.000000,0.000000
785000182.000000,5208.000000,203112.000000,291648.000000,41664.000000,261074012.000000,0.000000
786000118.000000,5208.000000,203112.000000,291648.000000,41664.000000,261407324.000000,0.000000
787000054.000000,5208.000000,203112.000000,291648.000000,41664.000000,261740636.000000,0.000000
788000002.000000,5209.000000,203121.000000,291650.000000,41666.000000,262073952.000000,0.000000
789000310.000000,5209.000000,203181.000000,291758.000000,41678.000000,262407388.000000,0.000000
790000246.000000,5208.000000,203112.000000,291648.000000,41664.000000,262740700.000000,0.000000
791000182.000000,5208.000000,203112.000000,291648.000000,41664.000000,263074012.000000,0.000000
792000118.000000,5208.000000,203112.000000,291648.000000,41664.000000,263407324.000000,0.000000
793000054.000000,5208.000000,203112.000000,291648.000000,41664.000000,263740636.000000,0.000000
794000002.000000,5209.000000,203121.000000,291650.000000,41666.000000,264073952.000000,0.000000
795000310.000000,5209.000000,203181.000000,291758.000000,41678.000000,264407388.000000,0.000000
796000246.000000,5208.000000,203112.000000,291648.000000,41664.000000,264740700.000000,0.000000
797000182.000000,5208.000000,203112.000000,291648.000000,41664.000000,265074012.000000,0.000000
798000118.000000,5208.000000,203112.000000,291648.000000,41664.000000,265407324.000000,0.000000
799000054.000000,5208.000000,203112.000000,291648.000000,41664.000000,265740636.000000,0.000000
800000002.000000,5209.000000,203121.000000,291650.000000,41666.000000,266073952.000000,0.000000
801000310.000000,5209.000000,203181.000000,291758.000000,41678.000000,266407388.000000,0.000000
802000246.000000,5208.000000,203112.000000,291648.000000,41664.000000,266740700.000000,0.000000
803000182.000000,5208.000000,203112.000000,291648.000000,41664.000000,267074012.000000,0.000000
804000118.000000,5208.000000,203112.000000,291648.000000,41664.000000,267407324.000000,0.000000
805000054.000000,5208.000000,203112.000000,291648.000000,41664.000000,267740636.000000,0.000000
806000002.000000,5209.000000,203121.000000,291650.000000,41666.000000,268073952.000000,0.000000
807000310.000000,5209.000000,203181.000000,291758.000000,41678.000000,268407388.000000,0.000000
808000246.000000,5208.000000,203112.000000,291648.000000,41664.000000,268740700.000000,0.000000
809000182.000000,5208.000000,203112.000000,291648.000000,41664.000000,269074012.000000,0.000000
810000118.000000,5208.000000,203112.000000,291648.000000,41664.000000,269407324.000000,0.000000
811000054.000000,5208.000000,203112.000000,291648.000000,41664.000000,269740636.000000,0.000000
812000002.000000,5209.000000,203121.000000,291650.000000,41666.000000,270073952.000000,0.000000
813000310.000000,5209.000000,203181.000000,291758.000000,41678.000000,270407388.000000,0.000000
814001198.000000,6850.000000,76573.000000,266551.000000,54015.000000,270727954.000000,26.000000
815001202.000000,3090.000000,5980.000000,241908.000000,22244.000000,270992106.000000,66.000000
816001359.000000,10055.000000,66020.000000,282369.000000,38603.000000,271313078.000000,46.000000
817002215.000000,2726.000000,1397.000000,240947.000000,9271.000000,271563296.000000,151.000000
818000719.000000,2685.000000,1453.000000,240348.000000,9277.000000,271812921.000000,124.000000
819001679.000000,2726.000000,1461.000000,240954.000000,9286.000000,272063161.000000,146.000000
820000487.000000,2718.000000,1409.000000,240411.000000,9295.000000,272312867.000000,136.000000
821000288.000000,9518.000000,135955.000000,112732.000000,34219.000000,272459818.000000,32.000000
822000284.000000,5732.000000,198207.000000,272201.000000,41275.000000,272773294.000000,5.000000
823000220.000000,5208.000000,203112.000000,291648.000000,41664.000000,273106606.000000,0.000000
824000156.000000,5208.000000,203112.000000,291648.000000,41664.000000,273439918.000000,0.000000
825000092.000000,5208.000000,203112.000000,291648.000000,41664.000000,273773230.000000,0.000000
826000028.000000,5208.000000,203112.000000,291648.000000,41664.000000,274106542.000000,0.000000
827000348.000000,5210.000000,203190.000000,291760.000000,41680.000000,274439982.000000,0.000000
828000284.000000,5208.000000,203112.000000,291648.000000,41664.000000,274773294.000000,0.000000
829000220.000000,5208.000000,203112.000000,291648.000000,41664.000000,275106606.000000,0.000000
830000156.000000,5208.000000,203112.000000,291648.000000,41664.000000,275439918.000000,0.000000
831000092.000000,5208.000000,203112.000000,291648.000000,41664.000000,275773230.000000,0.000000
832000028.000000,5208.000000,203112.000000,291648.000000,41664.000000,276106542.000000,0.000000
833000348.000000,5210.000000,203190.000000,291760.000000,41680.000000,276439982.000000,0.000000
834000284.000000,5208.000000,203112.000000,291648.000000,41664.000000,276773294.000000,0.000000
835000220.000000,5208.000000,203112.000000,291648.000000,41664.000000,277106606.000000,0.000000
836000156.000000,5208.000000,203112.000000,291648.000000,41664.000000,277439918.000000,0.000000
837000092.000000,5208.000000,203112.000000,291648.000000,41664.000000,277773230.000000,0.000000
838000028.000000,5208.000000,203112.000000,291648.000000,41664.000000,278106542.000000,0.000000
839000348.000000,5210.000000,203190.000000,291760.000000,41680.000000,278439982.000000,0.000000
840000284.000000,5208.000000,203112.000000,291648.000000,41664.000000,278773294.000000,0.000000
841000220.000000,5208.000000,203112.000000,291648.000000,41664.000000,279106606.000000,0.000000
842000156.000000,5208.000000,203112.000000,291648.000000,41664.000000,279439918.000000,0.000000
843000092.000000,5208.000000,203112.000000,291648.000000,41664.000000,279773230.000000,0.000000
844000028.000000,5208.000000,203112.000000,291648.000000,41664.000000,280106542.000000,0.000000
845000348.000000,5210.000000,203190.000000,291760.000000,41680.000000,280439982.000000,0.000000
846000284.000000,5208.000000,203112.000000,291648.000000,41664.000000,280773294.000000,0.000000
847000220.000000,5208.000000,203112.000000,291648.000000,41664.000000,281106606.000000,0.000000
848000156.000000,5208.000000,203112.000000,291648.000000,41664.000000,281439918.000000,0.000000
849000092.000000,5208.000000,203112.000000,291648.000000,41664.000000,281773230.000000,0.000000
850000028.000000,5208.000000,203112.000000,291648.000000,41664.000000,282106542.000000,0.000000
851000348.000000,5210.000000,203190.000000,291760.000000,41680.000000,282439982.000000,0.000000
852000284.000000,5208.000000,203112.000000,291648.000000,41664.000000,282773294.000000,0.000000
853000220.000000,5208.000000,203112.000000,291648.000000,41664.000000,283106606.000000,0.000000
854000156.000000,5208.000000,203112.000000,291648.000000,41664.000000,283439918.000000,0.000000
855000092.000000,5208.000000,203112.000000,291648.000000,41664.000000,283773230.000000,0.000000
856000028.000000,5208.000000,203112.000000,291648.000000,41664.000000,284106542.000000,0.000000
857000348.000000,5210.000000,203190.000000,291760.000000,41680.000000,284439982.000000,0.000000
858000284.000000,5208.000000,203112.000000,291648.000000,41664.000000,284773294.000000,0.000000
859000220.000000,5208.000000,203112.000000,291648.000000,41664.000000,285106606.000000,0.000000
860000156.000000,5208.000000,203112.000000,291648.000000,41664.000000,285439918.000000,0.000000
861000092.000000,5208.000000,203112.000000,291648.000000,41664.000000,285773230.000000,0.000000
862000028.000000,5208.000000,203112.000000,291648.000000,41664.000000,286106542.000000,0.000000
863000348.000000,5210.000000,203190.000000,291760.000000,41680.000000,286439982.000000,0.000000
864000284.000000,5208.000000,203112.000000,291648.000000,41664.000000,286773294.000000,0.000000
865000220.000000,5208.000000,203112.000000,291648.000000,41664.000000,287106606.000000,0.000000
866000156.000000,5208.000000,203112.000000,291648.000000,41664.000000,287439918.000000,0.000000
867000092.000000,5208.000000,203112.000000,291648.000000,41664.000000,287773230.000000,0.000000
868000028.000000,5208.000000,203112.000000,291648.000000,41664.000000,288106542.000000,0.000000
869000348.000000,5210.000000,203190.000000,291760.000000,41680.000000,288439982.000000,0.000000
870000284.000000,5208.000000,203112.000000,291648.000000,41664.000000,288773294.000000,0.000000
871000220.000000,5208.000000,203112.000000,291648.000000,41664.000000,289106606.000000,0.000000
872000659.000000,6530.000000,107765.000000,273031.000000,51843.000000,289431480.000000,12.000000
873000360.000000,6983.000000,32246.000000,256462.000000,54806.000000,289742748.000000,27.000000
874000152.000000,3099.000000,5735.000000,241896.000000,22200.000000,290006844.000000,53.000000
875000156.000000,3103.000000,5800.000000,241916.000000,22236.000000,290270996.000000,70.000000
876001644.000000,3123.000000,5668.000000,242320.000000,22224.000000,290535540.000000,63.000000
877000333.000000,17045.000000,127092.000000,322084.000000,54362.000000,290911986.000000,46.000000
878000885.000000,2708.000000,1338.000000,240870.000000,9267.000000,291162123.000000,117.000000
879000717.000000,2735.000000,1396.000000,240684.000000,9278.000000,291412085.000000,131.000000
880000245.000000,2709.000000,1359.000000,240602.000000,9276.000000,291661963.000000,132.000000
881000589.000000,2729.000000,1376.000000,240802.000000,9288.000000,291912053.000000,151.000000
882001141.000000,2696.000000,1430.000000,240834.000000,9300.000000,292162187.000000,132.000000
883000565.000000,2711.000000,1385.000000,240576.000000,9283.000000,292412046.000000,136.000000
884000501.000000,2726.000000,1472.000000,240681.000000,9303.000000,292662030.000000,147.000000
885000845.000000,2706.000000,1476.000000,240802.000000,9288.000000,292912120.000000,144.000000
886000390.000000,9129.000000,112367.000000,119858.000000,32851.000000,293064829.000000,36.000000
887000112.000000,10415.000000,137987.000000,95808.000000,37491.000000,293198128.000000,0.000000
888000322.000000,5906.000000,194481.000000,265754.000000,41144.000000,293505026.000000,6.000000
889000258.000000,5208.000000,203112.000000,291648.000000,41664.000000,293838338.000000,0.000000
890000194.000000,5208.000000,203112.000000,291648.000000,41664.000000,294171650.000000,0.000000
891000130.000000,5208.000000,203112.000000,291648.000000,41664.000000,294504962.000000,0.000000
892000066.000000,5208.000000,203112.000000,291648.000000,41664.000000,294838274.000000,0.000000
893000002.000000,5208.000000,203112.000000,291648.000000,41664.000000,295171586.000000,0.000000
894000322.000000,5210.000000,203190.000000,291760.000000,41680.000000,295505026.000000,0.000000
895000258.000000,5208.000000,203112.000000,291648.000000,41664.000000,295838338.000000,0.000000
896000194.000000,5208.000000,203112.000000,291648.000000,41664.000000,296171650.000000,0.000000
897000130.000000,5208.000000,203112.000000,291648.000000,41664.000000,296504962.000000,0.000000
898000066.000000,5208.000000,203112.000000,291648.000000,41664.000000,296838274.000000,0.000000
899000002.000000,5208.000000,203112.000000,291648.000000,41664.000000,297171586.000000,0.000000
900000322.000000,5210.000000,203190.000000,291760.000000,41680.000000,297505026.000000,0.000000
901000258.000000,5208.000000,203112.000000,291648.000000,41664.000000,297838338.000000,0.000000
902000194.000000,5208.000000,203112.000000,291648.000000,41664.000000,298171650.000000,0.000000
903000130.000000,5208.000000,203112.000000,291648.000000,41664.000000,298504962.000000,0.000000
904000066.000000,5208.000000,203112.000000,291648.000000,41664.000000,298838274.000000,0.000000
905000002.000000,5208.000000,203112.000000,291648.000000,41664.000000,299171586.000000,0.000000
906000322.000000,5210.000000,203190.000000,291760.000000,41680.000000,299505026.000000,0.000000
907000258.000000,5208.000000,203112.000000,291648.000000,41664.000000,299838338.000000,0.000000
908000194.000000,5208.000000,203112.000000,291648.000000,41664.000000,300171650.000000,0.000000
909000130.000000,5208.000000,203112.000000,291648.000000,41664.000000,300504962.000000,0.000000
910000066.000000,5208.000000,203112.000000,291648.000000,41664.000000,300838274.000000,0.000000
911000002.000000,5208.000000,203112.000000,291648.000000,41664.000000,301171586.000000,0.000000
912000322.000000,5210.000000,203190.000000,291760.000000,41680.000000,301505026.000000,0.000000
913000258.000000,5208.000000,203112.000000,291648.000000,41664.000000,301838338.000000,0.000000
914000194.000000,5208.000000,203112.000000,291648.000000,41664.000000,302171650.000000,0.000000
915000130.000000,5208.000000,203112.000000,291648.000000,41664.000000,302504962.000000,0.000000
916000066.000000,5208.000000,203112.000000,291648.000000,41664.000000,302838274.000000,0.000000
917000002.000000,5208.000000,203112.000000,291648.000000,41664.000000,303171586.000000,0.000000
918000322.000000,5210.000000,203190.000000,291760.000000,41680.000000,303505026.000000,0.000000
919000258.000000,5208.000000,203112.000000,291648.000000,41664.000000,303838338.000000,0.000000
920000194.000000,5208.000000,203112.000000,291648.000000,41664.000000,304171650.000000,0.000000
921000130.000000,5208.000000,203112.000000,291648.000000,41664.000000,304504962.000000,0.000000
922000066.000000,5208.000000,203112.000000,291648.000000,41664.000000,304838274.000000,0.000000
923000002.000000,5208.000000,203112.000000,291648.000000,41664.000000,305171586.000000,0.000000
924000322.000000,5210.000000,203190.000000,291760.000000,41680.000000,305505026.000000,0.000000
925000258.000000,5208.000000,203112.000000,291648.000000,41664.000000,305838338.000000,0.000000
926000194.000000,5208.000000,203112.000000,291648.000000,41664.000000,306171650.000000,0.000000
927000130.000000,5208.000000,203112.000000,291648.000000,41664.000000,306504962.000000,0.000000
928000066.000000,5208.000000,203112.000000,291648.000000,41664.000000,306838274.000000,0.000000
929000002.000000,5208.000000,203112.000000,291648.000000,41664.000000,307171586.000000,0.000000
930000322.000000,5210.000000,203190.000000,291760.000000,41680.000000,307505026.000000,0.000000
931000258.000000,5208.000000,203112.000000,291648.000000,41664.000000,307838338.000000,0.000000
932000194.000000,5208.000000,203112.000000,291648.000000,41664.000000,308171650.000000,0.000000
933000130.000000,5208.000000,203112.000000,291648.000000,41664.000000,308504962.000000,0.000000
934000066.000000,5208.000000,203112.000000,291648.000000,41664.000000,308838274.000000,0.000000
935000002.000000,5208.000000,203112.000000,291648.000000,41664.000000,309171586.000000,0.000000
936000322.000000,5210.000000,203190.000000,291760.000000,41680.000000,309505026.000000,0.000000
937000258.000000,5208.000000,203112.000000,291648.000000,41664.000000,309838338.000000,0.000000
938000281.000000,6443.000000,113506.000000,273987.000000,51256.000000,310163581.000000,11.000000
939000049.000000,7565.000000,35343.000000,258722.000000,59385.000000,310481688.000000,19.000000
940000081.000000,7518.000000,35595.000000,258496.000000,59696.000000,310799880.000000,20.000000
941000126.000000,4644.000000,16831.000000,247635.000000,35381.000000,311082896.000000,50.000000
942001614.000000,3117.000000,5778.000000,242302.000000,22242.000000,311347440.000000,66.000000
943000134.000000,3093.000000,5708.000000,241560.000000,22200.000000,311611200.000000,60.000000
944000986.000000,3112.000000,5882.000000,242134.000000,22242.000000,311875576.000000,73.000000
945000142.000000,3099.000000,5772.000000,241726.000000,22202.000000,312139504.000000,54.000000
946000994.000000,3103.000000,5764.000000,242128.000000,22248.000000,312403880.000000,67.000000
947000362.000000,3084.000000,5692.000000,241750.000000,22234.000000,312667864.000000,58.000000
948000058.000000,25556.000000,202822.000000,352563.000000,77593.000000,313098020.000000,20.000000
949000278.000000,5389.000000,24889.000000,253751.000000,16902.000000,313368673.000000,119.000000
950000214.000000,2716.000000,1365.000000,240709.000000,9276.000000,313618658.000000,128.000000
951000150.000000,2714.000000,1306.000000,240710.000000,9274.000000,313868642.000000,132.000000
952000086.000000,2704.000000,1326.000000,240708.000000,9280.000000,314118630.000000,119.000000
953000022.000000,2723.000000,1387.000000,240702.000000,9282.000000,314368614.000000,140.000000
954000470.000000,2683.000000,1421.000000,240814.000000,9298.000000,314618726.000000,122.000000
955001022.000000,2731.000000,1363.000000,240862.000000,9272.000000,314868860.000000,134.000000
956000446.000000,2694.000000,1451.000000,240567.000000,9292.000000,315118719.000000,127.000000
957002838.000000,2688.000000,1367.000000,241316.000000,9286.000000,315369321.000000,99.000000
958000214.000000,2698.000000,1451.000000,240081.000000,9263.000000,315618665.000000,123.000000
959000766.000000,2703.000000,1380.000000,240848.000000,9286.000000,315868799.000000,126.000000
960000190.000000,2720.000000,1393.000000,240580.000000,9276.000000,316118655.000000,132.000000
961000126.000000,2688.000000,1338.000000,240688.000000,9299.000000,316368642.000000,122.000000
962000982.000000,2714.000000,1357.000000,240911.000000,9307.000000,316618860.000000,126.000000
963002558.000000,2724.000000,1415.000000,241102.000000,9288.000000,316869250.000000,134.000000
964000854.000000,2701.000000,1481.000000,240278.000000,9300.000000,317118828.000000,137.000000
965000060.000000,3760.000000,21965.000000,220242.000000,13264.000000,317352334.000000,112.000000
966000200.000000,10417.000000,147915.000000,95852.000000,37500.000000,317485686.000000,0.000000
967000040.000000,10415.000000,147893.000000,95818.000000,37494.000000,317618998.000000,0.000000
968000060.000000,10418.000000,147942.000000,95830.000000,37506.000000,317752334.000000,0.000000
969000164.000000,9338.000000,159352.000000,136631.000000,38390.000000,317927355.000000,5.000000
970000100.000000,5208.000000,203112.000000,291648.000000,41664.000000,318260667.000000,0.000000
971000036.000000,5208.000000,203112.000000,291648.000000,41664.000000,318593979.000000,0.000000
972000356.000000,5210.000000,203190.000000,291760.000000,41680.000000,318927419.000000,0.000000
973000292.000000,5208.000000,203112.000000,291648.000000,41664.000000,319260731.000000,0.000000
974000228.000000,5208.000000,203112.000000,291648.000000,41664.000000,319594043.000000,0.000000
975000164.000000,5208.000000,203112.000000,291648.000000,41664.000000,319927355.000000,0.000000
976000100.000000,5208.000000,203112.000000,291648.000000,41664.000000,320260667.000000,0.000000
977000036.000000,5208.000000,203112.000000,291648.000000,41664.000000,320593979.000000,0.000000
978000356.000000,5210.000000,203190.000000,291760.000000,41680.000000,320927419.000000,0.000000
979000292.000000,5208.000000,203112.000000,291648.000000,41664.000000,321260731.000000,0.000000
980000228.000000,5208.000000,203112.000000,291648.000000,41664.000000,321594043.000000,0.000000
981000164.000000,5208.000000,203112.000000,291648.000000,41664.000000,321927355.000000,0.000000
982000100.000000,5208.000000,203112.000000,291648.000000,41664.000000,322260667.000000,0.000000
983000036.000000,5208.000000,203112.000000,291648.000000,41664.000000,322593979.000000,0.000000
984000356.000000,5210.000000,203190.000000,291760.000000,41680.000000,322927419.000000,0.000000
985000292.000000,5208.000000,203112.000000,291648.000000,41664.000000,323260731.000000,0.000000
986000228.000000,5208.000000,203112.000000,291648.000000,41664.000000,323594043.000000,0.000000
987000164.000000,5208.000000,203112.000000,291648.000000,41664.000000,323927355.000000,0.000000
988000100.000000,5208.000000,203112.000000,291648.000000,41664.000000,324260667.000000,0.000000
989000036.000000,5208.000000,203112.000000,291648.000000,41664.000000,324593979.000000,0.000000
990000356.000000,5210.000000,203190.000000,291760.000000,41680.000000,324927419.000000,0.000000
991000292.000000,5208.000000,203112.000000,291648.000000,41664.000000,325260731.000000,0.000000
992000228.000000,5208.000000,203112.000000,291648.000000,41664.000000,325594043.000000,0.000000
993000164.000000,5208.000000,203112.000000,291648.000000,41664.000000,325927355.000000,0.000000
994000100.000000,5208.000000,203112.000000,291648.000000,41664.000000,326260667.000000,0.000000
995000036.000000,5208.000000,203112.000000,291648.000000,41664.000000,326593979.000000,0.000000
996000356.000000,5210.000000,203190.000000,291760.000000,41680.000000,326927419.000000,0.000000
997000292.000000,5208.000000,203112.000000,291648.000000,41664.000000,327260731.000000,0.000000
998000228.000000,5208.000000,203112.000000,291648.000000,41664.000000,327594043.000000,0.000000
999000164.000000,5208.000000,203112.000000,291648.000000,41664.000000,327927355.000000,0.000000
