Instruction,pfIssued,pfInCache,overallMisses,overallHits,overallAccesses,unusedPrefetches
1121667.000000,52.000000,9400.000000,405142.000000,9459.000000,414601.000000,50.000000
2042658.000000,7.000000,7375.000000,332266.000000,7382.000000,754249.000000,7.000000
3018482.000000,3.000000,7924.000000,351875.000000,7927.000000,1114051.000000,3.000000
4159377.000000,6.000000,9177.000000,411473.000000,9184.000000,1534708.000000,6.000000
5107713.000000,3.000000,7616.000000,342053.000000,7619.000000,1884380.000000,3.000000
6399792.000000,6.000000,10473.000000,465959.000000,10480.000000,2360819.000000,6.000000
7025581.000000,4.000000,5078.000000,226202.000000,5082.000000,2592103.000000,3.000000
8002126.000000,5.000000,7565.000000,348423.000000,7570.000000,2948096.000000,5.000000
9112804.000000,9.000000,8654.000000,395032.000000,8664.000000,3351792.000000,10.000000
10035280.000000,15.000000,7122.000000,328130.000000,7142.000000,3687064.000000,14.000000
11001985.000000,155.000000,3812.000000,342182.000000,3971.000000,4033217.000000,143.000000
12008914.000000,234.000000,490.000000,356210.000000,724.000000,4390151.000000,232.000000
13017543.000000,76.000000,446.000000,357191.000000,522.000000,4747864.000000,77.000000
14002917.000000,77.000000,374.000000,348988.000000,451.000000,5097303.000000,74.000000
15018592.000000,94.000000,356.000000,360108.000000,450.000000,5457861.000000,92.000000
16010810.000000,101.000000,410.000000,355682.000000,512.000000,5814055.000000,98.000000
17012459.000000,71.000000,366.000000,354715.000000,437.000000,6169207.000000,68.000000
18009191.000000,78.000000,386.000000,353081.000000,449.000000,6522737.000000,77.000000
19006853.000000,104.000000,352.000000,353334.000000,457.000000,6876528.000000,103.000000
20001468.000000,101.000000,361.000000,356927.000000,462.000000,7233917.000000,99.000000
21008148.000000,196.000000,426.000000,355040.000000,624.000000,7589581.000000,200.000000
22006393.000000,152.000000,377.000000,352805.000000,527.000000,7942913.000000,150.000000
23001118.000000,124.000000,391.000000,350463.000000,514.000000,8293890.000000,125.000000
24003140.000000,187.000000,401.000000,353076.000000,588.000000,8647554.000000,183.000000
25016677.000000,164.000000,409.000000,356753.000000,573.000000,9004880.000000,168.000000
26000663.000000,215.000000,404.000000,346662.000000,618.000000,9352160.000000,212.000000
27003759.000000,126.000000,398.000000,353278.000000,524.000000,9705962.000000,127.000000
28017102.000000,115.000000,364.000000,357606.000000,479.000000,10064047.000000,115.000000
29002373.000000,137.000000,364.000000,347526.000000,501.000000,10412074.000000,134.000000
30000735.000000,136.000000,395.000000,352821.000000,531.000000,10765426.000000,138.000000
31002727.000000,220.000000,421.000000,351892.000000,641.000000,11117959.000000,216.000000
32000958.000000,278.000000,411.000000,352519.000000,690.000000,11471168.000000,278.000000
33000879.000000,320.000000,367.000000,352267.000000,686.000000,11824121.000000,318.000000
34044371.000000,227.000000,447.000000,368738.000000,674.000000,12193533.000000,228.000000
35000100.000000,65.000000,363.000000,338574.000000,428.000000,12532535.000000,64.000000
36004128.000000,86.000000,325.000000,355232.000000,410.000000,12888177.000000,84.000000
37001014.000000,83.000000,353.000000,353865.000000,436.000000,13242478.000000,79.000000
38002307.000000,99.000000,384.000000,352861.000000,486.000000,13595825.000000,96.000000
39004455.000000,69.000000,383.000000,354785.000000,451.000000,13951061.000000,69.000000
40003755.000000,79.000000,354.000000,353936.000000,430.000000,14305427.000000,76.000000
41002056.000000,100.000000,350.000000,353778.000000,451.000000,14659656.000000,100.000000
42005427.000000,87.000000,384.000000,349353.000000,473.000000,15009482.000000,86.000000
43001050.000000,152.000000,336.000000,352171.000000,488.000000,15362141.000000,151.000000
44002623.000000,155.000000,389.000000,354353.000000,546.000000,15717040.000000,157.000000
45006168.000000,171.000000,396.000000,355229.000000,567.000000,16072836.000000,166.000000
46000923.000000,150.000000,392.000000,350950.000000,543.000000,16424329.000000,151.000000
47013210.000000,149.000000,415.000000,356945.000000,564.000000,16781838.000000,150.000000
48000703.000000,194.000000,410.000000,350035.000000,604.000000,17132477.000000,195.000000
49006333.000000,153.000000,390.000000,358362.000000,542.000000,17491381.000000,151.000000
50000335.000000,131.000000,385.000000,352782.000000,516.000000,17844679.000000,129.000000
51003460.000000,185.000000,415.000000,356172.000000,600.000000,18201451.000000,187.000000
52002279.000000,180.000000,359.000000,354994.000000,537.000000,18556982.000000,177.000000
53009531.000000,190.000000,425.000000,357157.000000,614.000000,18914753.000000,190.000000
54004482.000000,152.000000,407.000000,353344.000000,558.000000,19268655.000000,152.000000
55002811.000000,114.000000,368.000000,354604.000000,482.000000,19623741.000000,116.000000
56003992.000000,146.000000,424.000000,356081.000000,570.000000,19980392.000000,144.000000
57000146.000000,140.000000,417.000000,354016.000000,558.000000,20334966.000000,138.000000
58005831.000000,227.000000,442.000000,350903.000000,669.000000,20686538.000000,228.000000
59001820.000000,225.000000,390.000000,349234.000000,614.000000,21036386.000000,224.000000
60000163.000000,272.000000,418.000000,352399.000000,691.000000,21389476.000000,270.000000
61000572.000000,254.000000,383.000000,351402.000000,637.000000,21741515.000000,254.000000
62001555.000000,292.000000,370.000000,352393.000000,662.000000,22094570.000000,292.000000
63025167.000000,269.000000,426.000000,356761.000000,695.000000,22452026.000000,269.000000
64005063.000000,171.000000,410.000000,344929.000000,581.000000,22797536.000000,170.000000
65002581.000000,198.000000,390.000000,352761.000000,590.000000,23150887.000000,197.000000
66005589.000000,201.000000,403.000000,353624.000000,604.000000,23505115.000000,204.000000
67000039.000000,160.000000,392.000000,353244.000000,552.000000,23858911.000000,158.000000
68010640.000000,217.000000,386.000000,358099.000000,605.000000,24217615.000000,215.000000
69010439.000000,92.000000,419.000000,354014.000000,511.000000,24572140.000000,91.000000
70000633.000000,71.000000,451.000000,350689.000000,425.000000,24923254.000000,72.000000
71016298.000000,107.000000,338.000000,359674.000000,445.000000,25283373.000000,104.000000
72004187.000000,70.000000,332.000000,353476.000000,402.000000,25637251.000000,68.000000
73007746.000000,107.000000,484.000000,356537.000000,530.000000,25994318.000000,102.000000
74022894.000000,71.000000,387.000000,359489.000000,458.000000,26354265.000000,70.000000
75015666.000000,104.000000,348.000000,351610.000000,445.000000,26706320.000000,104.000000
76036623.000000,70.000000,414.000000,364201.000000,435.000000,27070956.000000,70.000000
77004870.000000,173.000000,371.000000,344951.000000,543.000000,27416450.000000,171.000000
78003053.000000,174.000000,381.000000,354699.000000,554.000000,27771703.000000,176.000000
79003773.000000,140.000000,403.000000,356067.000000,543.000000,28128313.000000,140.000000
80002040.000000,155.000000,417.000000,354191.000000,572.000000,28483076.000000,154.000000
81003822.000000,164.000000,406.000000,356002.000000,569.000000,28839647.000000,162.000000
82001267.000000,208.000000,410.000000,353665.000000,618.000000,29193930.000000,206.000000
83006517.000000,175.000000,407.000000,357070.000000,582.000000,29551582.000000,178.000000
84006406.000000,104.000000,395.000000,355231.000000,498.000000,29907311.000000,103.000000
85001242.000000,142.000000,362.000000,353003.000000,504.000000,30260818.000000,140.000000
86001399.000000,137.000000,412.000000,355931.000000,549.000000,30617298.000000,136.000000
87001231.000000,268.000000,403.000000,354017.000000,673.000000,30971988.000000,265.000000
88001821.000000,238.000000,449.000000,351603.000000,687.000000,31324278.000000,236.000000
89000593.000000,117.000000,386.000000,352033.000000,502.000000,31676813.000000,118.000000
90002055.000000,101.000000,355.000000,349964.000000,456.000000,32027233.000000,97.000000
91006399.000000,201.000000,393.000000,353967.000000,594.000000,32381794.000000,200.000000
92010662.000000,118.000000,414.000000,351129.000000,532.000000,32733455.000000,117.000000
93005949.000000,180.000000,376.000000,350407.000000,556.000000,33084418.000000,179.000000
94006552.000000,127.000000,384.000000,353249.000000,513.000000,33438180.000000,126.000000
95010168.000000,121.000000,354.000000,352479.000000,476.000000,33791135.000000,122.000000
96000786.000000,160.000000,395.000000,348011.000000,555.000000,34139701.000000,160.000000
97000377.000000,234.000000,395.000000,350325.000000,630.000000,34490656.000000,234.000000
98001128.000000,232.000000,392.000000,351915.000000,622.000000,34843193.000000,229.000000
99000862.000000,215.000000,405.000000,351087.000000,620.000000,35194900.000000,217.000000
100000567.000000,254.000000,448.000000,353612.000000,702.000000,35549214.000000,253.000000
101001269.000000,223.000000,395.000000,354280.000000,619.000000,35904113.000000,223.000000
102008221.000000,236.000000,390.000000,354108.000000,627.000000,36258848.000000,235.000000
103005868.000000,196.000000,381.000000,345204.000000,577.000000,36604629.000000,198.000000
104000058.000000,213.000000,357.000000,349728.000000,569.000000,36954926.000000,213.000000
105000530.000000,338.000000,386.000000,353089.000000,724.000000,37308739.000000,335.000000
106002005.000000,286.000000,414.000000,352413.000000,700.000000,37661852.000000,288.000000
107000854.000000,218.000000,396.000000,350337.000000,615.000000,38012804.000000,216.000000
108000977.000000,174.000000,383.000000,351276.000000,557.000000,38364637.000000,177.000000
109027227.000000,276.000000,424.000000,360672.000000,700.000000,38726009.000000,275.000000
110000920.000000,193.000000,377.000000,341280.000000,570.000000,39067859.000000,192.000000
111002856.000000,262.000000,399.000000,350577.000000,661.000000,39419097.000000,263.000000
112009162.000000,104.000000,400.000000,353874.000000,504.000000,39773475.000000,105.000000
113005012.000000,112.000000,378.000000,349246.000000,490.000000,40123211.000000,110.000000
114003400.000000,208.000000,344.000000,351749.000000,553.000000,40475513.000000,207.000000
115012318.000000,166.000000,396.000000,357153.000000,563.000000,40833229.000000,170.000000
116003349.000000,279.000000,372.000000,345196.000000,651.000000,41179076.000000,275.000000
117001206.000000,238.000000,405.000000,351027.000000,643.000000,41530746.000000,238.000000
118006492.000000,335.000000,378.000000,354529.000000,714.000000,41885989.000000,335.000000
119006421.000000,281.000000,418.000000,352713.000000,700.000000,42239402.000000,280.000000
120001378.000000,333.000000,390.000000,350507.000000,722.000000,42590631.000000,333.000000
121000557.000000,343.000000,437.000000,349982.000000,779.000000,42941392.000000,339.000000
122009376.000000,148.000000,422.000000,352795.000000,570.000000,43294757.000000,147.000000
123019218.000000,119.000000,378.000000,355770.000000,497.000000,43651024.000000,118.000000
124001234.000000,161.000000,368.000000,343485.000000,530.000000,43995039.000000,158.000000
125010360.000000,147.000000,406.000000,353513.000000,552.000000,44349104.000000,145.000000
126002358.000000,149.000000,360.000000,349014.000000,509.000000,44698627.000000,149.000000
127001437.000000,269.000000,414.000000,350879.000000,684.000000,45050190.000000,269.000000
128004188.000000,173.000000,374.000000,351448.000000,548.000000,45402186.000000,171.000000
129001984.000000,115.000000,448.000000,347770.000000,508.000000,45750464.000000,116.000000
130004352.000000,188.000000,352.000000,350764.000000,541.000000,46101769.000000,189.000000
131006008.000000,232.000000,398.000000,354317.000000,630.000000,46456716.000000,232.000000
132001504.000000,237.000000,416.000000,346379.000000,653.000000,46803748.000000,237.000000
133018184.000000,190.000000,414.000000,358058.000000,604.000000,47162410.000000,190.000000
134006632.000000,171.000000,376.000000,349635.000000,548.000000,47512593.000000,170.000000
135004396.000000,240.000000,371.000000,352756.000000,613.000000,47865962.000000,237.000000
136007922.000000,169.000000,459.000000,349047.000000,628.000000,48215637.000000,169.000000
137024473.000000,98.000000,413.000000,355848.000000,510.000000,48571995.000000,94.000000
138027032.000000,102.000000,395.000000,352910.000000,497.000000,48925402.000000,102.000000
139007863.000000,99.000000,374.000000,343171.000000,475.000000,49269048.000000,95.000000
140004972.000000,93.000000,373.000000,352263.000000,469.000000,49621780.000000,92.000000
141006714.000000,111.000000,378.000000,347134.000000,489.000000,49969403.000000,108.000000
142000269.000000,129.000000,361.000000,349387.000000,490.000000,50319280.000000,123.000000
143005382.000000,303.000000,376.000000,352754.000000,679.000000,50672713.000000,304.000000
144004734.000000,220.000000,397.000000,352218.000000,617.000000,51025548.000000,222.000000
145000247.000000,240.000000,419.000000,350686.000000,659.000000,51376893.000000,236.000000
146001426.000000,185.000000,378.000000,351658.000000,563.000000,51729114.000000,187.000000
147001260.000000,196.000000,403.000000,349407.000000,598.000000,52079119.000000,194.000000
148000883.000000,120.000000,384.000000,348873.000000,504.000000,52428496.000000,121.000000
149004814.000000,154.000000,426.000000,350903.000000,543.000000,52779942.000000,153.000000
150005410.000000,132.000000,367.000000,351022.000000,500.000000,53131464.000000,131.000000
151003275.000000,121.000000,388.000000,350517.000000,478.000000,53482459.000000,122.000000
152008542.000000,220.000000,423.000000,355569.000000,643.000000,53838671.000000,223.000000
153004425.000000,222.000000,391.000000,351542.000000,614.000000,54190827.000000,221.000000
154001288.000000,174.000000,403.000000,351756.000000,577.000000,54543160.000000,172.000000
155001486.000000,246.000000,380.000000,350941.000000,627.000000,54894728.000000,243.000000
156001201.000000,186.000000,402.000000,353230.000000,588.000000,55248546.000000,186.000000
157003393.000000,199.000000,443.000000,350780.000000,594.000000,55599920.000000,201.000000
158001155.000000,404.000000,423.000000,350077.000000,828.000000,55950825.000000,401.000000
159002652.000000,309.000000,437.000000,352249.000000,745.000000,56303819.000000,305.000000
160006737.000000,149.000000,413.000000,352125.000000,559.000000,56656503.000000,148.000000
161008185.000000,191.000000,405.000000,352927.000000,596.000000,57010026.000000,192.000000
162012336.000000,127.000000,721.000000,352691.000000,507.000000,57363224.000000,125.000000
163010579.000000,99.000000,345.000000,346375.000000,442.000000,57710041.000000,101.000000
164001289.000000,117.000000,353.000000,339569.000000,469.000000,58050079.000000,116.000000
165000195.000000,151.000000,345.000000,345190.000000,495.000000,58395764.000000,147.000000
166000464.000000,145.000000,368.000000,350818.000000,513.000000,58747095.000000,144.000000
167000168.000000,178.000000,400.000000,347419.000000,578.000000,59095092.000000,177.000000
168002116.000000,91.000000,394.000000,348912.000000,485.000000,59444489.000000,94.000000
169016279.000000,122.000000,383.000000,354574.000000,503.000000,59799566.000000,122.000000
170004326.000000,75.000000,366.000000,337485.000000,441.000000,60137492.000000,73.000000
171029052.000000,184.000000,448.000000,357985.000000,512.000000,60495989.000000,182.000000
172004305.000000,169.000000,370.000000,342356.000000,540.000000,60838885.000000,170.000000
173002039.000000,100.000000,370.000000,351887.000000,470.000000,61191242.000000,101.000000
174002941.000000,145.000000,350.000000,348415.000000,496.000000,61540153.000000,142.000000
175002775.000000,183.000000,358.000000,351896.000000,542.000000,61892591.000000,182.000000
176001863.000000,240.000000,441.000000,352389.000000,642.000000,62245622.000000,238.000000
177004029.000000,198.000000,434.000000,351099.000000,633.000000,62597354.000000,200.000000
178011232.000000,146.000000,424.000000,351572.000000,572.000000,62949498.000000,145.000000
179009430.000000,170.000000,414.000000,349356.000000,582.000000,63299436.000000,167.000000
180006662.000000,86.000000,542.000000,348144.000000,483.000000,63648063.000000,83.000000
181010372.000000,113.000000,349.000000,351879.000000,462.000000,64000404.000000,112.000000
182019393.000000,109.000000,375.000000,357210.000000,485.000000,64358099.000000,108.000000
183007452.000000,89.000000,538.000000,349934.000000,456.000000,64708489.000000,87.000000
184005947.000000,185.000000,392.000000,348952.000000,578.000000,65058019.000000,180.000000
185004432.000000,159.000000,348.000000,347290.000000,507.000000,65405816.000000,160.000000
186018424.000000,189.000000,414.000000,352962.000000,602.000000,65759380.000000,188.000000
187002147.000000,172.000000,379.000000,345439.000000,550.000000,66105369.000000,173.000000
188007122.000000,117.000000,394.000000,354176.000000,510.000000,66460055.000000,119.000000
189002287.000000,239.000000,662.000000,350325.000000,613.000000,66810993.000000,237.000000
190000879.000000,154.000000,422.000000,353061.000000,576.000000,67164630.000000,154.000000
191015693.000000,151.000000,410.000000,356009.000000,560.000000,67521199.000000,151.000000
192009268.000000,130.000000,395.000000,349554.000000,526.000000,67871279.000000,131.000000
193003233.000000,174.000000,395.000000,350050.000000,567.000000,68221896.000000,172.000000
194010399.000000,152.000000,462.000000,353278.000000,612.000000,68575786.000000,157.000000
195000790.000000,134.000000,382.000000,345536.000000,516.000000,68921838.000000,130.000000
196021972.000000,83.000000,415.000000,359180.000000,498.000000,69281516.000000,85.000000
197001711.000000,97.000000,375.000000,344318.000000,473.000000,69626307.000000,96.000000
198009391.000000,92.000000,385.000000,353308.000000,452.000000,69980067.000000,90.000000
199003045.000000,212.000000,400.000000,347992.000000,611.000000,70328670.000000,212.000000
200003562.000000,106.000000,405.000000,351778.000000,511.000000,70680959.000000,108.000000
201002855.000000,104.000000,361.000000,353217.000000,465.000000,71034641.000000,101.000000
202004253.000000,157.000000,349.000000,354012.000000,506.000000,71389159.000000,158.000000
203002136.000000,185.000000,414.000000,349971.000000,599.000000,71739729.000000,187.000000
204003617.000000,204.000000,416.000000,350473.000000,620.000000,72090822.000000,201.000000
205006110.000000,176.000000,420.000000,354982.000000,597.000000,72446401.000000,175.000000
206430562.000000,277.000000,114737.000000,338487.000000,115019.000000,72899907.000000,288.000000
207002147.000000,2756.000000,159718.000000,116260.000000,163439.000000,73179606.000000,2729.000000
208000002.000000,57591.000000,15396.000000,181350.000000,183805.000000,73544761.000000,57459.000000
209003027.000000,57115.000000,15482.000000,187094.000000,183483.000000,73915338.000000,57019.000000
210000008.000000,40784.000000,67037.000000,183287.000000,187300.000000,74285925.000000,40710.000000
211000003.000000,56793.000000,16511.000000,191642.000000,183346.000000,74660913.000000,56642.000000
212000029.000000,40787.000000,68559.000000,192630.000000,186306.000000,75039849.000000,40664.000000
213000019.000000,55199.000000,20210.000000,206569.000000,181853.000000,75428271.000000,55066.000000
214000008.000000,49922.000000,31185.000000,211503.000000,169827.000000,75809601.000000,49775.000000
215003191.000000,34960.000000,77789.000000,215461.000000,176909.000000,76201971.000000,34817.000000
216001628.000000,48579.000000,29745.000000,233465.000000,168677.000000,76604113.000000,48394.000000
217000020.000000,49969.000000,30460.000000,229091.000000,173368.000000,77006572.000000,49784.000000
218000006.000000,36103.000000,78140.000000,217965.000000,180588.000000,77405125.000000,35995.000000
219000007.000000,50787.000000,30562.000000,228149.000000,176414.000000,77809688.000000,50642.000000
220000738.000000,40940.000000,63683.000000,229834.000000,179666.000000,78219188.000000,40809.000000
221000015.000000,46220.000000,45977.000000,236890.000000,176536.000000,78632614.000000,46075.000000
222000047.000000,48926.000000,31797.000000,243309.000000,171515.000000,79047438.000000,48771.000000
223000006.000000,36913.000000,80622.000000,227580.000000,183585.000000,79458603.000000,36798.000000
224003677.000000,50409.000000,32579.000000,246312.000000,176824.000000,79881739.000000,50272.000000
225000574.000000,51819.000000,31389.000000,247900.000000,178231.000000,80307870.000000,51665.000000
226004060.000000,39444.000000,79873.000000,229470.000000,186662.000000,80724002.000000,39309.000000
227000020.000000,51828.000000,32287.000000,249302.000000,176108.000000,81149412.000000,51655.000000
228000007.000000,51758.000000,31476.000000,257699.000000,177908.000000,81585019.000000,51620.000000
229000001.000000,37815.000000,83478.000000,235495.000000,184032.000000,82004546.000000,37671.000000
230000038.000000,48918.000000,35129.000000,266189.000000,169944.000000,82440679.000000,48721.000000
231000001.000000,49495.000000,36619.000000,260576.000000,171293.000000,82872548.000000,49302.000000
232000049.000000,37701.000000,81759.000000,234805.000000,182847.000000,83290200.000000,37542.000000
233000008.000000,49163.000000,38675.000000,259736.000000,172947.000000,83722883.000000,48986.000000
234001632.000000,48731.000000,35155.000000,261836.000000,171165.000000,84155884.000000,48563.000000
235000027.000000,37751.000000,84579.000000,239862.000000,183506.000000,84579252.000000,37607.000000
236000019.000000,49544.000000,38373.000000,262210.000000,171695.000000,85013157.000000,49319.000000
237000002.000000,50697.000000,32712.000000,260729.000000,171880.000000,85445766.000000,50511.000000
238003054.000000,38599.000000,80914.000000,237471.000000,184951.000000,85868188.000000,38420.000000
239000015.000000,50032.000000,31890.000000,257367.000000,174962.000000,86300517.000000,49798.000000
240009396.000000,45759.000000,53427.000000,252965.000000,179917.000000,86733399.000000,45598.000000
241000001.000000,41763.000000,58670.000000,246454.000000,173647.000000,87153500.000000,41570.000000
242000013.000000,49800.000000,31619.000000,264880.000000,171472.000000,87589852.000000,49564.000000
243004491.000000,39216.000000,79152.000000,243088.000000,183444.000000,88016384.000000,39070.000000
244000406.000000,49483.000000,37049.000000,257659.000000,176599.000000,88450642.000000,49204.000000
245000001.000000,50728.000000,33126.000000,259197.000000,177280.000000,88887119.000000,50564.000000
246002037.000000,40683.000000,83455.000000,236065.000000,188641.000000,89311825.000000,40539.000000
247000003.000000,51926.000000,32144.000000,267183.000000,175124.000000,89754132.000000,51802.000000
248000109.000000,51237.000000,33326.000000,266380.000000,177633.000000,90198145.000000,51099.000000
249000014.000000,39718.000000,87297.000000,250683.000000,186002.000000,90634830.000000,39568.000000
250000004.000000,49825.000000,35143.000000,267859.000000,176117.000000,91078806.000000,49658.000000
251000011.000000,50288.000000,40833.000000,279097.000000,171584.000000,91529487.000000,50068.000000
252000009.000000,40226.000000,85723.000000,250594.000000,186393.000000,91966474.000000,40052.000000
253002522.000000,49595.000000,38255.000000,275339.000000,174421.000000,92416234.000000,49395.000000
254000031.000000,50155.000000,39078.000000,270268.000000,177194.000000,92863696.000000,49975.000000
255000263.000000,40268.000000,87742.000000,245186.000000,190078.000000,93298960.000000,40127.000000
256000005.000000,49277.000000,39933.000000,268963.000000,176781.000000,93744704.000000,49054.000000
257000039.000000,50314.000000,38718.000000,276072.000000,176588.000000,94197364.000000,50169.000000
258000012.000000,40858.000000,88570.000000,248357.000000,190582.000000,94636303.000000,40733.000000
259000013.000000,50728.000000,38557.000000,275470.000000,177989.000000,95089762.000000,50589.000000
260002982.000000,51720.000000,38271.000000,280483.000000,179248.000000,95549493.000000,51552.000000
261000005.000000,42211.000000,82243.000000,246087.000000,190811.000000,95986391.000000,42051.000000
262001118.000000,50184.000000,44673.000000,273916.000000,180387.000000,96440694.000000,50041.000000
263000018.000000,50235.000000,39156.000000,285938.000000,174534.000000,96901166.000000,50067.000000
264000494.000000,43520.000000,63158.000000,267357.000000,179733.000000,97348256.000000,43408.000000
265000003.000000,47422.000000,65672.000000,270631.000000,185096.000000,97803983.000000,47192.000000
266000017.000000,50613.000000,42723.000000,277700.000000,178207.000000,98259890.000000,50385.000000
267000371.000000,49469.000000,44829.000000,278799.000000,178118.000000,98716807.000000,49287.000000
268003362.000000,42344.000000,80861.000000,263453.000000,185072.000000,99165332.000000,42151.000000
269000364.000000,49335.000000,40905.000000,282798.000000,175621.000000,99623751.000000,49153.000000
270000006.000000,49721.000000,39936.000000,291040.000000,173458.000000,100088249.000000,49554.000000
271000016.000000,41965.000000,87069.000000,253501.000000,190467.000000,100532217.000000,41792.000000
272000017.000000,50321.000000,39666.000000,283733.000000,175303.000000,100991253.000000,50128.000000
273004461.000000,50431.000000,36998.000000,294634.000000,171474.000000,101457361.000000,50303.000000
274000015.000000,43514.000000,87317.000000,251066.000000,193240.000000,101901667.000000,43365.000000
275000013.000000,50984.000000,38410.000000,287675.000000,175262.000000,102364604.000000,50834.000000
276000002.000000,50840.000000,37402.000000,290326.000000,174351.000000,102829281.000000,50679.000000
277000011.000000,43641.000000,87376.000000,253280.000000,192250.000000,103274811.000000,43460.000000
278002694.000000,49852.000000,39202.000000,293118.000000,171897.000000,103739826.000000,49700.000000
279004859.000000,49377.000000,40261.000000,295569.000000,171849.000000,104207244.000000,49222.000000
280000030.000000,42886.000000,87906.000000,254756.000000,190534.000000,104652534.000000,42696.000000
281000003.000000,50283.000000,39647.000000,292845.000000,174095.000000,105119474.000000,50084.000000
282000055.000000,49860.000000,39330.000000,289541.000000,173172.000000,105582187.000000,49699.000000
283006043.000000,43778.000000,86239.000000,262434.000000,190352.000000,106034973.000000,43603.000000
284000022.000000,49588.000000,39396.000000,291451.000000,171529.000000,106497953.000000,49387.000000
285000572.000000,51811.000000,41308.000000,286541.000000,180827.000000,106965321.000000,51660.000000
286000417.000000,45052.000000,59135.000000,279281.000000,178565.000000,107423167.000000,44902.000000
287000004.000000,48513.000000,66508.000000,273028.000000,186093.000000,107882288.000000,48299.000000
288002221.000000,50405.000000,40728.000000,289924.000000,175689.000000,108347901.000000,50218.000000
289000013.000000,48372.000000,40484.000000,294140.000000,169947.000000,108811988.000000,48183.000000
290000211.000000,43625.000000,85618.000000,260809.000000,190419.000000,109263216.000000,43461.000000
291000007.000000,49485.000000,40000.000000,291991.000000,172921.000000,109728128.000000,49348.000000
292000701.000000,50157.000000,40732.000000,291972.000000,175425.000000,110195525.000000,50000.000000
293000015.000000,46480.000000,87567.000000,250857.000000,198664.000000,110645046.000000,46282.000000
294001322.000000,51436.000000,39934.000000,290724.000000,176288.000000,111112058.000000,51263.000000
295000021.000000,51366.000000,39385.000000,290984.000000,175398.000000,111578440.000000,51226.000000
296000052.000000,46030.000000,84245.000000,259669.000000,193273.000000,112031382.000000,45871.000000
297005084.000000,51270.000000,39179.000000,294556.000000,176702.000000,112502640.000000,51069.000000
298000011.000000,51539.000000,49237.000000,280328.000000,175210.000000,112958178.000000,51315.000000
299000019.000000,45667.000000,83294.000000,254640.000000,190207.000000,113403025.000000,45462.000000
300003461.000000,50783.000000,39080.000000,292019.000000,173918.000000,113868962.000000,50610.000000
301000021.000000,50585.000000,38559.000000,288814.000000,174256.000000,114332032.000000,50411.000000
302000009.000000,46514.000000,84149.000000,258563.000000,194229.000000,114784824.000000,46268.000000
303000170.000000,50566.000000,38234.000000,290227.000000,175282.000000,115250333.000000,50317.000000
304004232.000000,51077.000000,37248.000000,285906.000000,175983.000000,115712222.000000,50869.000000
305003043.000000,46717.000000,83414.000000,261107.000000,193192.000000,116166521.000000,46543.000000
306000014.000000,51395.000000,43865.000000,292408.000000,173985.000000,116632914.000000,51178.000000
307000014.000000,51545.000000,39972.000000,289873.000000,177448.000000,117100235.000000,51322.000000
308000032.000000,48398.000000,73264.000000,269467.000000,191293.000000,117560995.000000,48208.000000
309003965.000000,52310.000000,51160.000000,284980.000000,182859.000000,118028834.000000,52127.000000
310000050.000000,50234.000000,43300.000000,295906.000000,172919.000000,118497659.000000,50048.000000
311000017.000000,50265.000000,41760.000000,301191.000000,171984.000000,118970834.000000,50084.000000
312000016.000000,46440.000000,83645.000000,266700.000000,190750.000000,119428284.000000,46235.000000
313004411.000000,49965.000000,41991.000000,302983.000000,171881.000000,119903148.000000,49795.000000
314000022.000000,50828.000000,52950.000000,292024.000000,171707.000000,120366879.000000,50571.000000
315002487.000000,47228.000000,88956.000000,261090.000000,194626.000000,120822595.000000,47013.000000
316000002.000000,50375.000000,41849.000000,294889.000000,174710.000000,121292194.000000,50183.000000
317002175.000000,51044.000000,41255.000000,294792.000000,174996.000000,121761982.000000,50860.000000
318000002.000000,47712.000000,83028.000000,258830.000000,195696.000000,122216508.000000,47539.000000
319000029.000000,51138.000000,39996.000000,295546.000000,177044.000000,122689098.000000,50956.000000
320000003.000000,51414.000000,40191.000000,292406.000000,178468.000000,123159972.000000,51240.000000
321002241.000000,48020.000000,80847.000000,267590.000000,194102.000000,123621664.000000,47848.000000
322000688.000000,50878.000000,40542.000000,294189.000000,172698.000000,124088551.000000,50684.000000
323003612.000000,50585.000000,39652.000000,298838.000000,174165.000000,124561554.000000,50399.000000
324000003.000000,47380.000000,70988.000000,270949.000000,187576.000000,125020079.000000,47203.000000
325000001.000000,51121.000000,50716.000000,288424.000000,177783.000000,125486286.000000,50892.000000
326000127.000000,50304.000000,40375.000000,295448.000000,171848.000000,125953582.000000,50081.000000
327005530.000000,49079.000000,49570.000000,295383.000000,177200.000000,126426165.000000,48928.000000
328002866.000000,49707.000000,71307.000000,273794.000000,188867.000000,126888826.000000,49473.000000
329000003.000000,50586.000000,38792.000000,300081.000000,172828.000000,127361735.000000,50388.000000
330003655.000000,50440.000000,39276.000000,304689.000000,174204.000000,127840628.000000,50265.000000
331000026.000000,48704.000000,81728.000000,264098.000000,195451.000000,128300177.000000,48492.000000
332000573.000000,52487.000000,39823.000000,298340.000000,179187.000000,128777704.000000,52331.000000
333000019.000000,52830.000000,39953.000000,303018.000000,177647.000000,129258369.000000,52671.000000
334004901.000000,49896.000000,80881.000000,274080.000000,195773.000000,129728222.000000,49731.000000
335000018.000000,50716.000000,40425.000000,306275.000000,172963.000000,130207460.000000,50526.000000
336000019.000000,50209.000000,40402.000000,304974.000000,173971.000000,130686405.000000,50037.000000
337000013.000000,48768.000000,80581.000000,271992.000000,192941.000000,131151338.000000,48591.000000
338000005.000000,50567.000000,40391.000000,311493.000000,171504.000000,131634335.000000,50425.000000
339000011.000000,50068.000000,41940.000000,314662.000000,168609.000000,132117606.000000,49881.000000
340000086.000000,48350.000000,79680.000000,273171.000000,186030.000000,132576807.000000,48137.000000
341000030.000000,49785.000000,38924.000000,315907.000000,166045.000000,133058759.000000,49599.000000
342000002.000000,50311.000000,42730.000000,310129.000000,170024.000000,133538912.000000,50088.000000
343000101.000000,46263.000000,57225.000000,297795.000000,176646.000000,134013353.000000,46092.000000
344001585.000000,52598.000000,59935.000000,296376.000000,178156.000000,134487885.000000,52404.000000
345002162.000000,50529.000000,36382.000000,317170.000000,165630.000000,134970685.000000,50350.000000
346004865.000000,50756.000000,41264.000000,315425.000000,169907.000000,135456017.000000,50544.000000
347000004.000000,48996.000000,78228.000000,278733.000000,188511.000000,135923261.000000,48791.000000
348000009.000000,50220.000000,38979.000000,312088.000000,169391.000000,136404740.000000,49955.000000
349004051.000000,50040.000000,41175.000000,319562.000000,165140.000000,136889442.000000,49822.000000
350000041.000000,49656.000000,79525.000000,274042.000000,186491.000000,137349975.000000,49466.000000
351005343.000000,49732.000000,39139.000000,316327.000000,162995.000000,137829297.000000,49549.000000
352000013.000000,50333.000000,38856.000000,312734.000000,167387.000000,138309418.000000,50133.000000
353000038.000000,49830.000000,73110.000000,284239.000000,187300.000000,138780957.000000,49630.000000
354000004.000000,51023.000000,45124.000000,305844.000000,173315.000000,139260116.000000,50846.000000
355000037.000000,48968.000000,37376.000000,311231.000000,162368.000000,139733715.000000,48797.000000
356000018.000000,50257.000000,39390.000000,315749.000000,167043.000000,140216507.000000,50096.000000
357000010.000000,49269.000000,82013.000000,282090.000000,188390.000000,140686987.000000,49067.000000
358001676.000000,50195.000000,45013.000000,314489.000000,170547.000000,141172023.000000,50002.000000
359000016.000000,50651.000000,47037.000000,308968.000000,174516.000000,141655507.000000,50465.000000
360000006.000000,50729.000000,82163.000000,280972.000000,193152.000000,142129631.000000,50528.000000
361000004.000000,49174.000000,43345.000000,318931.000000,163599.000000,142612161.000000,49002.000000
362002701.000000,50146.000000,40108.000000,319966.000000,166697.000000,143098824.000000,49945.000000
363000026.000000,48247.000000,69338.000000,296291.000000,180537.000000,143575652.000000,48010.000000
364000005.000000,51875.000000,52274.000000,304335.000000,178687.000000,144058674.000000,51669.000000
365000005.000000,49998.000000,40386.000000,314201.000000,169014.000000,144541889.000000,49823.000000
366000969.000000,49972.000000,39113.000000,319955.000000,164351.000000,145026195.000000,49820.000000
367002743.000000,51094.000000,77565.000000,285381.000000,189336.000000,145500912.000000,50892.000000
368000036.000000,51080.000000,40873.000000,318016.000000,166672.000000,145985600.000000,50903.000000
369000033.000000,50766.000000,38237.000000,318308.000000,170738.000000,146474646.000000,50531.000000
370000007.000000,51360.000000,78671.000000,281034.000000,195465.000000,146951145.000000,51117.000000
371000018.000000,51186.000000,49727.000000,315796.000000,168241.000000,147435182.000000,50974.000000
372003581.000000,52056.000000,46661.000000,322944.000000,166257.000000,147924383.000000,51870.000000
373000004.000000,49316.000000,64441.000000,292308.000000,177560.000000,148394251.000000,49157.000000
374000018.000000,51131.000000,49327.000000,296292.000000,171315.000000,148861858.000000,50951.000000
375005699.000000,48939.000000,35283.000000,305625.000000,163056.000000,149330539.000000,48781.000000
376003911.000000,50250.000000,38253.000000,305409.000000,167001.000000,149802949.000000,50067.000000
377002741.000000,51028.000000,74887.000000,275395.000000,186931.000000,150265275.000000,50832.000000
378000001.000000,51616.000000,45939.000000,311213.000000,165206.000000,150741694.000000,51410.000000
379000011.000000,50443.000000,35855.000000,329092.000000,160848.000000,151231634.000000,50280.000000
380007417.000000,50436.000000,77832.000000,295143.000000,184693.000000,151711470.000000,50192.000000
381002600.000000,51008.000000,47708.000000,311768.000000,169273.000000,152192511.000000,50830.000000
382000044.000000,50753.000000,38689.000000,308681.000000,169381.000000,152670573.000000,50568.000000
383000022.000000,51577.000000,58904.000000,294244.000000,178676.000000,153143493.000000,51374.000000
384003457.000000,51226.000000,71630.000000,302264.000000,178637.000000,153624394.000000,51024.000000
385006710.000000,51904.000000,50563.000000,314619.000000,168524.000000,154107537.000000,51653.000000
386002338.000000,52126.000000,38717.000000,311240.000000,170533.000000,154589310.000000,51877.000000
387003259.000000,53633.000000,79576.000000,280072.000000,198118.000000,155067500.000000,53382.000000
388004022.000000,53797.000000,61602.000000,301445.000000,175170.000000,155544115.000000,53556.000000
389000003.000000,50644.000000,53704.000000,315643.000000,164382.000000,156024140.000000,50406.000000
390002491.000000,51026.000000,45728.000000,310991.000000,166514.000000,156501645.000000,50812.000000
391000012.000000,51220.000000,76518.000000,289270.000000,186844.000000,156977759.000000,51019.000000
392000005.000000,52453.000000,36226.000000,321292.000000,168680.000000,157467731.000000,52249.000000
393000025.000000,50650.000000,38998.000000,324958.000000,168288.000000,157960977.000000,50459.000000
394002823.000000,53435.000000,79103.000000,285883.000000,195371.000000,158442231.000000,53196.000000
395000550.000000,51483.000000,38408.000000,318806.000000,170409.000000,158931446.000000,51293.000000
396000014.000000,52708.000000,60851.000000,307551.000000,169430.000000,159408427.000000,52454.000000
397004726.000000,50474.000000,43405.000000,319035.000000,164273.000000,159891735.000000,50280.000000
398000014.000000,53802.000000,76599.000000,282323.000000,194574.000000,160368632.000000,53605.000000
399002825.000000,51138.000000,36581.000000,321217.000000,169396.000000,160859245.000000,50954.000000
400000001.000000,52756.000000,38930.000000,316646.000000,172732.000000,161348623.000000,52509.000000
401005740.000000,56061.000000,88080.000000,281968.000000,197669.000000,161828260.000000,55846.000000
402000637.000000,51574.000000,48858.000000,317787.000000,163082.000000,162309129.000000,51383.000000
403000222.000000,50965.000000,38353.000000,323479.000000,165057.000000,162797665.000000,50811.000000
404000024.000000,54402.000000,70301.000000,293238.000000,192070.000000,163282973.000000,54219.000000
405000014.000000,52248.000000,47784.000000,311286.000000,177657.000000,163771916.000000,52059.000000
406000001.000000,50048.000000,40851.000000,323628.000000,168399.000000,164263943.000000,49816.000000
407000008.000000,51725.000000,40444.000000,320951.000000,170243.000000,164755137.000000,51500.000000
408000009.000000,53649.000000,75668.000000,289641.000000,189539.000000,165234317.000000,53443.000000
409000031.000000,51850.000000,53921.000000,318119.000000,165899.000000,165718335.000000,51634.000000
410002694.000000,51473.000000,48143.000000,315432.000000,168262.000000,166202029.000000,51259.000000
411000018.000000,52793.000000,73554.000000,291856.000000,189950.000000,166683835.000000,52581.000000
412000006.000000,52081.000000,49419.000000,319148.000000,167536.000000,167170519.000000,51838.000000
413000051.000000,53704.000000,48661.000000,319415.000000,170472.000000,167660406.000000,53452.000000
414000036.000000,51875.000000,38804.000000,328197.000000,165220.000000,168153823.000000,51721.000000
415000020.000000,54515.000000,73033.000000,298737.000000,187537.000000,168640097.000000,54325.000000
416000005.000000,52784.000000,53742.000000,315640.000000,172853.000000,169128590.000000,52597.000000
417000002.000000,51121.000000,41343.000000,333225.000000,164753.000000,169626568.000000,50920.000000
418000005.000000,54461.000000,79998.000000,291542.000000,186458.000000,170104568.000000,54166.000000
419005682.000000,52076.000000,65624.000000,312030.000000,177502.000000,170594100.000000,51745.000000
420002792.000000,49560.000000,40902.000000,334250.000000,157685.000000,171086035.000000,49401.000000
421000012.000000,54181.000000,61609.000000,311076.000000,170747.000000,171567858.000000,53972.000000
422001899.000000,54253.000000,75801.000000,302348.000000,185846.000000,172056052.000000,54036.000000
423006048.000000,51860.000000,53707.000000,316189.000000,168990.000000,172541231.000000,51648.000000
424000024.000000,50145.000000,45326.000000,322179.000000,167809.000000,173031219.000000,49959.000000
425000019.000000,50477.000000,41043.000000,329477.000000,166856.000000,173527552.000000,50320.000000
426000012.000000,56848.000000,86963.000000,283736.000000,192161.000000,174003449.000000,56631.000000
427000047.000000,50841.000000,50457.000000,318788.000000,164177.000000,174486414.000000,50609.000000
428000007.000000,51151.000000,41021.000000,325338.000000,166962.000000,174978714.000000,50936.000000
429000024.000000,55980.000000,67436.000000,301165.000000,188555.000000,175468434.000000,55771.000000
430004647.000000,50532.000000,52609.000000,315571.000000,176164.000000,175960169.000000,50312.000000
431003568.000000,51474.000000,41513.000000,326639.000000,165738.000000,176452546.000000,51307.000000
432004858.000000,53097.000000,53647.000000,320172.000000,165454.000000,176938172.000000,52911.000000
433000827.000000,56250.000000,85044.000000,286220.000000,191467.000000,177415859.000000,56002.000000
434000002.000000,52920.000000,55006.000000,321262.000000,166744.000000,177903865.000000,52683.000000
435000005.000000,53938.000000,64283.000000,310139.000000,168766.000000,178382770.000000,53646.000000
436000015.000000,49503.000000,41052.000000,334063.000000,162448.000000,178879281.000000,49237.000000
437000321.000000,53882.000000,73700.000000,303818.000000,186672.000000,179369771.000000,53589.000000
438000007.000000,52121.000000,52813.000000,320838.000000,166677.000000,179857286.000000,51858.000000
439000001.000000,52355.000000,55849.000000,319845.000000,166281.000000,180343412.000000,52109.000000
440000005.000000,53114.000000,52126.000000,324077.000000,166996.000000,180834485.000000,52866.000000
441000014.000000,55506.000000,86258.000000,285608.000000,189528.000000,181309621.000000,55227.000000
442000002.000000,50467.000000,42697.000000,333701.000000,165496.000000,181808818.000000,50212.000000
443000006.000000,49247.000000,54820.000000,320775.000000,164698.000000,182294291.000000,48930.000000
444000811.000000,47763.000000,57290.000000,307150.000000,168991.000000,182770432.000000,47528.000000
445002417.000000,55431.000000,70563.000000,294676.000000,187351.000000,183252459.000000,55130.000000
446000015.000000,48371.000000,47270.000000,321234.000000,160620.000000,183734313.000000,48217.000000
447000004.000000,48958.000000,46689.000000,320536.000000,163413.000000,184218262.000000,48774.000000
448000007.000000,53429.000000,79649.000000,290527.000000,190497.000000,184699286.000000,53204.000000
449000015.000000,49053.000000,47730.000000,317866.000000,168205.000000,185185357.000000,48863.000000
450000312.000000,49987.000000,46394.000000,321986.000000,167988.000000,185675331.000000,49774.000000
451000016.000000,51096.000000,46086.000000,321636.000000,167139.000000,186164106.000000,50900.000000
452000001.000000,55936.000000,77227.000000,295888.000000,189781.000000,186649775.000000,55682.000000
453000002.000000,50575.000000,44586.000000,326016.000000,165529.000000,187141320.000000,50331.000000
454000014.000000,50134.000000,46068.000000,326365.000000,167761.000000,187635446.000000,49870.000000
455000019.000000,56031.000000,79600.000000,294091.000000,195906.000000,188125443.000000,55721.000000
456000016.000000,51054.000000,46087.000000,325696.000000,168992.000000,188620131.000000,50841.000000
457000014.000000,50351.000000,45149.000000,323893.000000,164592.000000,189108616.000000,50190.000000
458000010.000000,49267.000000,45771.000000,326241.000000,159708.000000,189594565.000000,49098.000000
459000007.000000,56461.000000,77156.000000,296682.000000,191293.000000,190082540.000000,56193.000000
460004632.000000,49678.000000,47038.000000,325716.000000,166719.000000,190574975.000000,49526.000000
461000017.000000,49174.000000,47938.000000,318414.000000,167261.000000,191060650.000000,48998.000000
462006146.000000,58113.000000,88331.000000,286786.000000,194236.000000,191541672.000000,57825.000000
463000013.000000,51458.000000,50312.000000,316348.000000,162430.000000,192020450.000000,51243.000000
464000001.000000,49185.000000,37867.000000,329457.000000,156818.000000,192506725.000000,48992.000000
465000022.000000,54109.000000,64567.000000,307461.000000,167387.000000,192981573.000000,53846.000000
466000012.000000,55286.000000,74299.000000,300049.000000,189016.000000,193470638.000000,55077.000000
467002435.000000,50982.000000,57534.000000,308684.000000,169119.000000,193948441.000000,50771.000000
468000013.000000,54660.000000,68962.000000,300015.000000,175251.000000,194423707.000000,54439.000000
469000011.000000,50459.000000,37651.000000,340279.000000,159936.000000,194923922.000000,50299.000000
470000011.000000,56248.000000,75051.000000,304955.000000,184191.000000,195413068.000000,55989.000000
471000005.000000,49121.000000,43139.000000,339815.000000,154680.000000,195907563.000000,48918.000000
472000016.000000,51130.000000,48057.000000,336842.000000,162012.000000,196406417.000000,50864.000000
473000018.000000,50130.000000,49195.000000,329697.000000,163953.000000,196900067.000000,49889.000000
474000014.000000,56723.000000,77797.000000,304400.000000,188287.000000,197392754.000000,56438.000000
475000031.000000,50616.000000,49151.000000,335972.000000,163657.000000,197892383.000000,50372.000000
476000021.000000,49976.000000,43300.000000,335024.000000,158087.000000,198385494.000000,49780.000000
477000009.000000,54391.000000,70750.000000,306804.000000,170175.000000,198862473.000000,54116.000000
478000012.000000,55924.000000,72667.000000,309144.000000,181315.000000,199352932.000000,55621.000000
479000002.000000,53692.000000,59768.000000,317945.000000,167543.000000,199838420.000000,53424.000000
480001852.000000,49594.000000,47685.000000,331176.000000,165826.000000,200335422.000000,49359.000000
481000006.000000,56625.000000,73761.000000,306579.000000,191404.000000,200833405.000000,56343.000000
482000003.000000,50161.000000,46404.000000,333821.000000,159767.000000,201326993.000000,49900.000000
483000005.000000,50451.000000,50657.000000,334294.000000,162862.000000,201824149.000000,50181.000000
484000005.000000,52130.000000,63516.000000,320162.000000,169407.000000,202313718.000000,51895.000000
485000050.000000,57900.000000,89942.000000,291947.000000,193111.000000,202798776.000000,57567.000000
486000013.000000,54321.000000,65945.000000,310737.000000,172611.000000,203282124.000000,54068.000000
487005103.000000,53051.000000,57443.000000,320991.000000,169583.000000,203772698.000000,52808.000000
488000006.000000,49282.000000,51390.000000,330021.000000,166225.000000,204268944.000000,48991.000000
489000023.000000,56559.000000,82186.000000,303680.000000,187426.000000,204760050.000000,56280.000000
490004164.000000,50881.000000,55369.000000,330333.000000,166572.000000,205256955.000000,50627.000000
491000012.000000,50394.000000,46703.000000,335546.000000,160441.000000,205752942.000000,50165.000000
492000019.000000,53958.000000,59557.000000,323503.000000,169906.000000,206246351.000000,53687.000000
493000030.000000,58089.000000,79171.000000,300507.000000,194354.000000,206741212.000000,57808.000000
494000003.000000,52891.000000,60983.000000,318288.000000,172549.000000,207232049.000000,52613.000000
495002249.000000,53460.000000,50413.000000,327711.000000,165453.000000,207725213.000000,53221.000000
496000014.000000,50137.000000,46098.000000,334524.000000,161977.000000,208221714.000000,49963.000000
497000006.000000,60000.000000,86777.000000,293029.000000,193078.000000,208707821.000000,59732.000000
498000009.000000,49973.000000,47364.000000,338503.000000,157404.000000,209203728.000000,49755.000000
499000021.000000,55044.000000,75183.000000,304562.000000,177302.000000,209685592.000000,54746.000000
500004295.000000,51975.000000,63182.000000,319355.000000,174750.000000,210179697.000000,51707.000000
501000017.000000,59028.000000,94804.000000,286019.000000,200155.000000,210665871.000000,58663.000000
502004959.000000,50769.000000,51270.000000,337006.000000,170751.000000,211173628.000000,50507.000000
503000043.000000,52856.000000,62857.000000,317258.000000,171971.000000,211662857.000000,52619.000000
504000021.000000,51336.000000,45418.000000,337910.000000,163345.000000,212164112.000000,51125.000000
505000047.000000,58587.000000,72552.000000,308465.000000,190125.000000,212662702.000000,58322.000000
506001327.000000,50470.000000,47819.000000,333479.000000,167857.000000,213164038.000000,50180.000000
507000065.000000,50886.000000,51219.000000,327940.000000,170402.000000,213662380.000000,50607.000000
508000011.000000,55008.000000,61401.000000,324127.000000,181325.000000,214167832.000000,54713.000000
509000721.000000,52794.000000,60288.000000,319778.000000,173455.000000,214661065.000000,52521.000000
510000001.000000,50606.000000,46928.000000,336081.000000,165203.000000,215162349.000000,50357.000000
511000011.000000,51224.000000,51088.000000,332244.000000,165882.000000,215660475.000000,50967.000000
512000012.000000,57303.000000,78151.000000,302276.000000,189245.000000,216151996.000000,57033.000000
513000015.000000,52050.000000,59783.000000,319923.000000,172890.000000,216644809.000000,51782.000000
514000025.000000,52099.000000,47835.000000,333053.000000,169364.000000,217147226.000000,51803.000000
515000053.000000,53898.000000,50538.000000,323742.000000,166922.000000,217637890.000000,53692.000000
516000013.000000,60682.000000,85402.000000,293975.000000,192574.000000,218124439.000000,60393.000000
517000002.000000,51898.000000,43243.000000,338643.000000,161646.000000,218624728.000000,51691.000000
518000007.000000,50906.000000,45997.000000,336026.000000,162394.000000,219123148.000000,50721.000000
519000005.000000,55194.000000,63240.000000,321877.000000,181419.000000,219626444.000000,54926.000000
520000018.000000,54901.000000,54549.000000,325312.000000,179209.000000,220130965.000000,54636.000000
521000036.000000,52219.000000,41328.000000,337675.000000,163310.000000,220631950.000000,51985.000000
522000004.000000,51358.000000,52703.000000,333108.000000,165107.000000,221130165.000000,51131.000000
523000042.000000,58021.000000,79720.000000,307704.000000,190394.000000,221628263.000000,57710.000000
524000007.000000,52786.000000,55187.000000,322507.000000,166580.000000,222117350.000000,52523.000000
525000008.000000,54527.000000,69037.000000,305752.000000,173751.000000,222596853.000000,54212.000000
526001947.000000,51857.000000,39957.000000,337822.000000,167918.000000,223102593.000000,51606.000000
527000003.000000,58729.000000,88411.000000,293582.000000,192913.000000,223589088.000000,58416.000000
528005091.000000,52913.000000,56919.000000,326557.000000,168348.000000,224083993.000000,52637.000000
529000009.000000,53075.000000,62579.000000,313067.000000,171847.000000,224568907.000000,52757.000000
530000031.000000,49970.000000,46711.000000,340800.000000,161783.000000,225071490.000000,49737.000000
531000012.000000,57597.000000,72963.000000,312376.000000,188910.000000,225572776.000000,57332.000000
532000007.000000,51335.000000,46743.000000,336126.000000,167237.000000,226076139.000000,51079.000000
533003477.000000,51317.000000,38983.000000,343624.000000,162382.000000,226582145.000000,51093.000000
534002074.000000,58069.000000,73425.000000,308091.000000,191136.000000,227081372.000000,57810.000000
535000007.000000,51660.000000,40780.000000,338312.000000,162492.000000,227582176.000000,51472.000000
536002781.000000,53042.000000,52341.000000,328180.000000,164541.000000,228074897.000000,52800.000000
537000002.000000,52037.000000,41851.000000,330858.000000,168594.000000,228574349.000000,51826.000000
538000078.000000,58388.000000,71055.000000,304530.000000,193545.000000,229072424.000000,58165.000000
539004409.000000,54517.000000,53509.000000,320768.000000,173936.000000,229567128.000000,54208.000000
540000044.000000,51232.000000,44255.000000,336260.000000,164980.000000,230068368.000000,50944.000000
541000049.000000,58187.000000,81381.000000,305256.000000,189698.000000,230563322.000000,57907.000000
542000019.000000,51436.000000,50039.000000,336713.000000,166805.000000,231066840.000000,51248.000000
543004235.000000,51037.000000,43396.000000,343231.000000,163911.000000,231573982.000000,50829.000000
544000001.000000,50906.000000,44013.000000,334435.000000,166740.000000,232075157.000000,50681.000000
545000999.000000,56540.000000,69733.000000,314059.000000,185594.000000,232574810.000000,56298.000000
546005336.000000,50103.000000,43559.000000,342321.000000,161470.000000,233078601.000000,49866.000000
547000005.000000,51889.000000,42170.000000,340268.000000,163898.000000,233582767.000000,51611.000000
548002514.000000,58478.000000,78123.000000,310439.000000,191535.000000,234084741.000000,58131.000000
549000004.000000,51916.000000,50261.000000,332293.000000,168492.000000,234585526.000000,51646.000000
550000295.000000,51385.000000,48015.000000,334030.000000,167172.000000,235086728.000000,51162.000000
551000042.000000,51585.000000,46869.000000,336644.000000,166933.000000,235590305.000000,51327.000000
552000004.000000,57712.000000,70314.000000,313700.000000,188262.000000,236092267.000000,57484.000000
553003858.000000,51537.000000,46009.000000,337452.000000,167284.000000,236597003.000000,51355.000000
554000009.000000,51786.000000,55594.000000,330214.000000,172712.000000,237099929.000000,51578.000000
555000010.000000,56641.000000,77876.000000,307456.000000,192131.000000,237599516.000000,56325.000000
556000005.000000,51966.000000,50766.000000,334097.000000,172315.000000,238105928.000000,51662.000000
557004093.000000,52903.000000,55507.000000,333078.000000,174256.000000,238613262.000000,52633.000000
558000007.000000,51627.000000,55142.000000,333333.000000,173345.000000,239119940.000000,51435.000000
559000807.000000,57902.000000,78772.000000,312329.000000,193612.000000,239625881.000000,57656.000000
560000013.000000,53098.000000,51724.000000,330319.000000,166702.000000,240122902.000000,52861.000000
561000006.000000,52370.000000,42790.000000,330109.000000,165857.000000,240618868.000000,52161.000000
562000002.000000,60447.000000,83469.000000,297601.000000,196632.000000,241113101.000000,60103.000000
563000002.000000,50200.000000,39401.000000,341172.000000,159290.000000,241613563.000000,49959.000000
564001482.000000,51066.000000,38800.000000,340428.000000,163209.000000,242117200.000000,50846.000000
565000028.000000,54328.000000,51590.000000,329999.000000,173762.000000,242620961.000000,54108.000000
566004308.000000,56249.000000,57527.000000,327833.000000,178840.000000,243127634.000000,56028.000000
567004560.000000,52551.000000,46299.000000,335771.000000,170147.000000,243633552.000000,52304.000000
568000034.000000,51626.000000,42527.000000,336488.000000,166568.000000,244136608.000000,51420.000000
569001829.000000,57863.000000,73887.000000,316005.000000,190752.000000,244643365.000000,57628.000000
570003476.000000,51516.000000,45142.000000,342878.000000,166779.000000,245153022.000000,51296.000000
571000066.000000,51085.000000,51872.000000,332173.000000,167568.000000,245652763.000000,50902.000000
572003944.000000,57853.000000,73527.000000,317066.000000,190089.000000,246159918.000000,57575.000000
573004638.000000,51273.000000,45945.000000,339344.000000,167119.000000,246666381.000000,51062.000000
574000006.000000,52964.000000,43642.000000,335953.000000,169944.000000,247172278.000000,52754.000000
575000005.000000,50828.000000,44671.000000,337889.000000,164556.000000,247674723.000000,50568.000000
576000026.000000,57835.000000,75091.000000,312996.000000,187004.000000,248174723.000000,57572.000000
577002165.000000,51946.000000,41435.000000,343274.000000,164803.000000,248682800.000000,51784.000000
578000011.000000,51052.000000,42402.000000,338974.000000,165701.000000,249187475.000000,50825.000000
579000032.000000,57483.000000,75956.000000,315889.000000,191940.000000,249695304.000000,57202.000000
580000003.000000,51904.000000,48023.000000,337672.000000,168872.000000,250201848.000000,51641.000000
581000009.000000,51251.000000,42684.000000,341864.000000,165006.000000,250708718.000000,51054.000000
582000009.000000,51962.000000,46491.000000,338147.000000,169614.000000,251216479.000000,51742.000000
583005699.000000,58937.000000,80179.000000,313368.000000,196021.000000,251725868.000000,58683.000000
584000019.000000,53608.000000,43013.000000,338686.000000,170934.000000,252235488.000000,53351.000000
585000135.000000,52667.000000,42526.000000,341173.000000,169506.000000,252746167.000000,52452.000000
586000007.000000,59082.000000,75698.000000,312506.000000,196879.000000,253255552.000000,58783.000000
587002862.000000,52194.000000,45144.000000,340611.000000,168680.000000,253764843.000000,51900.000000
588000005.000000,52108.000000,44918.000000,336603.000000,168612.000000,254270058.000000,51827.000000
589003894.000000,58404.000000,77354.000000,315094.000000,192332.000000,254777484.000000,58119.000000
590000015.000000,50930.000000,42758.000000,336904.000000,163620.000000,255278008.000000,50705.000000
591000005.000000,51003.000000,53878.000000,328168.000000,168823.000000,255774999.000000,50738.000000
592000010.000000,52573.000000,40436.000000,338822.000000,166582.000000,256280403.000000,52346.000000
593000012.000000,57988.000000,69841.000000,315453.000000,187101.000000,256782957.000000,57735.000000
594001485.000000,51309.000000,49074.000000,338427.000000,167400.000000,257288784.000000,51079.000000
595002841.000000,51815.000000,42809.000000,340410.000000,168400.000000,257797594.000000,51533.000000
596000183.000000,57638.000000,74886.000000,311297.000000,190473.000000,258299364.000000,57370.000000
597000005.000000,49880.000000,57363.000000,327271.000000,169827.000000,258796462.000000,49535.000000
598005335.000000,51959.000000,50313.000000,341037.000000,173441.000000,259310940.000000,51662.000000
599003980.000000,52031.000000,42250.000000,339244.000000,166019.000000,259816203.000000,51802.000000
600005102.000000,58006.000000,74949.000000,314775.000000,189575.000000,260320553.000000,57703.000000
601001960.000000,52520.000000,43744.000000,339342.000000,170876.000000,260830771.000000,52194.000000
602000014.000000,52149.000000,44447.000000,336561.000000,170360.000000,261337692.000000,51881.000000
603000001.000000,58521.000000,76447.000000,314869.000000,193697.000000,261846258.000000,58206.000000
604000010.000000,52614.000000,43959.000000,336730.000000,172176.000000,262355164.000000,52384.000000
605000021.000000,52395.000000,40904.000000,340385.000000,167112.000000,262862661.000000,52155.000000
606000009.000000,57792.000000,73210.000000,316384.000000,189892.000000,263368937.000000,57483.000000
607000003.000000,52401.000000,40949.000000,337328.000000,171186.000000,263877451.000000,52204.000000
608003213.000000,51787.000000,42338.000000,340966.000000,169610.000000,264388027.000000,51577.000000
609000039.000000,52129.000000,44218.000000,338415.000000,169297.000000,264895739.000000,51907.000000
610000013.000000,60696.000000,88433.000000,297388.000000,197077.000000,265390204.000000,60396.000000
611000012.000000,51766.000000,40510.000000,337933.000000,162257.000000,265890394.000000,51524.000000
612000033.000000,52805.000000,41160.000000,335345.000000,172955.000000,266398694.000000,52633.000000
613000010.000000,56434.000000,73882.000000,311143.000000,190222.000000,266900059.000000,56143.000000
614000014.000000,54724.000000,49884.000000,324825.000000,174829.000000,267399713.000000,54494.000000
615000001.000000,52427.000000,42902.000000,337115.000000,167715.000000,267904543.000000,52193.000000
616000002.000000,55877.000000,63957.000000,313937.000000,179990.000000,268398470.000000,55601.000000
617000013.000000,55472.000000,56686.000000,322654.000000,179276.000000,268900400.000000,55201.000000
618000445.000000,52934.000000,53705.000000,329307.000000,168039.000000,269397746.000000,52677.000000
619001518.000000,52249.000000,53795.000000,323608.000000,170570.000000,269891924.000000,51947.000000
620005175.000000,59551.000000,86403.000000,300604.000000,196112.000000,270388640.000000,59238.000000
621000014.000000,51446.000000,41098.000000,339423.000000,166614.000000,270894677.000000,51182.000000
622000007.000000,53455.000000,39434.000000,339472.000000,170095.000000,271404244.000000,53179.000000
623000024.000000,56109.000000,60310.000000,326996.000000,179887.000000,271911127.000000,55856.000000
624000021.000000,53397.000000,54546.000000,329798.000000,176722.000000,272417647.000000,53107.000000
625000009.000000,52235.000000,43208.000000,336793.000000,173689.000000,272928129.000000,52004.000000
626000006.000000,52886.000000,46000.000000,335939.000000,170378.000000,273434446.000000,52667.000000
627000011.000000,56982.000000,75952.000000,314014.000000,189756.000000,273938216.000000,56658.000000
628000001.000000,52585.000000,40334.000000,343287.000000,169390.000000,274450893.000000,52359.000000
629000571.000000,52724.000000,40608.000000,342483.000000,166328.000000,274959704.000000,52509.000000
630000015.000000,57719.000000,76985.000000,310474.000000,197375.000000,275467553.000000,57442.000000
631000112.000000,50353.000000,45251.000000,333110.000000,170901.000000,275971564.000000,50113.000000
632000002.000000,51227.000000,43480.000000,337984.000000,170186.000000,276479734.000000,50989.000000
633000006.000000,55722.000000,68900.000000,319743.000000,187147.000000,276986624.000000,55456.000000
634000036.000000,53881.000000,50862.000000,331519.000000,173614.000000,277491757.000000,53606.000000
635000009.000000,51480.000000,39544.000000,335564.000000,164544.000000,277991865.000000,51253.000000
636000016.000000,50711.000000,38226.000000,338538.000000,167741.000000,278498144.000000,50477.000000
637003994.000000,56215.000000,69567.000000,320159.000000,188302.000000,279006605.000000,55950.000000
638004858.000000,52975.000000,37191.000000,340811.000000,168525.000000,279515941.000000,52774.000000
639005024.000000,52291.000000,43431.000000,339170.000000,170046.000000,280025157.000000,52120.000000
640000007.000000,57744.000000,76830.000000,314503.000000,194186.000000,280533846.000000,57495.000000
641003317.000000,50916.000000,38329.000000,343253.000000,164906.000000,281042005.000000,50757.000000
642003145.000000,51982.000000,39925.000000,336165.000000,169985.000000,281548155.000000,51807.000000
643000406.000000,57417.000000,74727.000000,314219.000000,190973.000000,282053347.000000,57120.000000
644000012.000000,53736.000000,40975.000000,337011.000000,172371.000000,282562729.000000,53515.000000
645000018.000000,53871.000000,40783.000000,338035.000000,172507.000000,283073271.000000,53630.000000
646000006.000000,57498.000000,69900.000000,322602.000000,188948.000000,283584821.000000,57215.000000
647005028.000000,53592.000000,42933.000000,340034.000000,174448.000000,284099303.000000,53385.000000
648005127.000000,52418.000000,43470.000000,337726.000000,170584.000000,284607613.000000,52197.000000
649003980.000000,51765.000000,37547.000000,346660.000000,162808.000000,285117081.000000,51599.000000
650000027.000000,58672.000000,71222.000000,314881.000000,194062.000000,285626024.000000,58454.000000
651000027.000000,52092.000000,42243.000000,337417.000000,167960.000000,286131401.000000,51909.000000
652000006.000000,52210.000000,42123.000000,340146.000000,169027.000000,286640574.000000,51971.000000
653000028.000000,58184.000000,76728.000000,312920.000000,194498.000000,287147992.000000,57897.000000
654000014.000000,50543.000000,45080.000000,336654.000000,166262.000000,287650908.000000,50261.000000
655000004.000000,54430.000000,38967.000000,338455.000000,170624.000000,288159987.000000,54236.000000
656000004.000000,58659.000000,70150.000000,316189.000000,192499.000000,288668675.000000,58376.000000
657002521.000000,51880.000000,34677.000000,344850.000000,164901.000000,289178426.000000,51694.000000
658003026.000000,51589.000000,40194.000000,341265.000000,166837.000000,289686528.000000,51355.000000
659000007.000000,53926.000000,55638.000000,328198.000000,176935.000000,290191661.000000,53685.000000
660000626.000000,54114.000000,56019.000000,329038.000000,178156.000000,290698855.000000,53899.000000
661001144.000000,52622.000000,37823.000000,339446.000000,167343.000000,291205644.000000,52448.000000
662000019.000000,51963.000000,38887.000000,339282.000000,168536.000000,291713462.000000,51765.000000
663002891.000000,57349.000000,73201.000000,319837.000000,192505.000000,292225804.000000,57090.000000
664001085.000000,51600.000000,42279.000000,338679.000000,170172.000000,292734655.000000,51345.000000
665000007.000000,51411.000000,44835.000000,336030.000000,169651.000000,293240336.000000,51154.000000
666000958.000000,57404.000000,72715.000000,318346.000000,190820.000000,293749502.000000,57125.000000
667004870.000000,53459.000000,43519.000000,339066.000000,172241.000000,294260809.000000,53201.000000
668001849.000000,52746.000000,38515.000000,336923.000000,171660.000000,294769392.000000,52558.000000
669005325.000000,58365.000000,74698.000000,320796.000000,193206.000000,295283394.000000,58087.000000
670000014.000000,52508.000000,36745.000000,337325.000000,167975.000000,295788694.000000,52313.000000
671003062.000000,53840.000000,39080.000000,339796.000000,171563.000000,296300053.000000,53615.000000
672000027.000000,56538.000000,63275.000000,321433.000000,184349.000000,296805835.000000,56284.000000
673003695.000000,53403.000000,49160.000000,333523.000000,175923.000000,297315281.000000,53137.000000
674000012.000000,51768.000000,45527.000000,333827.000000,175166.000000,297824274.000000,51558.000000
675000001.000000,52135.000000,45692.000000,336974.000000,173198.000000,298334446.000000,51854.000000
676000044.000000,56226.000000,79199.000000,311904.000000,191503.000000,298837853.000000,55931.000000
677000007.000000,52661.000000,44729.000000,335654.000000,170501.000000,299344008.000000,52424.000000
678002297.000000,53026.000000,40481.000000,339396.000000,174360.000000,299857764.000000,52876.000000
679000001.000000,57550.000000,72236.000000,317782.000000,194129.000000,300369675.000000,57323.000000
680000002.000000,51121.000000,39105.000000,340987.000000,169188.000000,300879850.000000,50860.000000
681000030.000000,52257.000000,34748.000000,343011.000000,167941.000000,301390802.000000,52009.000000
682000005.000000,57634.000000,71103.000000,319180.000000,191323.000000,301901305.000000,57305.000000
683000004.000000,52848.000000,35308.000000,337770.000000,168664.000000,302407739.000000,52593.000000
684006769.000000,51522.000000,37482.000000,338400.000000,168301.000000,302914440.000000,51264.000000
685000063.000000,55908.000000,75112.000000,311731.000000,193026.000000,303419197.000000,55585.000000
686000011.000000,51623.000000,39484.000000,342457.000000,169987.000000,303931641.000000,51354.000000
687000008.000000,52658.000000,38823.000000,336069.000000,169740.000000,304437450.000000,52434.000000
688000026.000000,54748.000000,58597.000000,328983.000000,181439.000000,304947872.000000,54387.000000
689000349.000000,55193.000000,58690.000000,324854.000000,182124.000000,305454850.000000,54919.000000
690000012.000000,53991.000000,36969.000000,334980.000000,174266.000000,305964096.000000,53767.000000
691000058.000000,54128.000000,36318.000000,337558.000000,174424.000000,306476078.000000,53893.000000
692000007.000000,58479.000000,70842.000000,314965.000000,195584.000000,306986627.000000,58199.000000
693005376.000000,53048.000000,41053.000000,336965.000000,171929.000000,307495521.000000,52830.000000
694000009.000000,52441.000000,38698.000000,335556.000000,168563.000000,307999640.000000,52256.000000
695000003.000000,56086.000000,76948.000000,311300.000000,194030.000000,308504970.000000,55789.000000
696004335.000000,51967.000000,43287.000000,336276.000000,172757.000000,309014003.000000,51709.000000
697001140.000000,53280.000000,40395.000000,333438.000000,175990.000000,309523431.000000,53052.000000
698000002.000000,55988.000000,72912.000000,309445.000000,192659.000000,310025535.000000,55708.000000
699001215.000000,52595.000000,39763.000000,336259.000000,171530.000000,310533324.000000,52376.000000
700004585.000000,54204.000000,35388.000000,338876.000000,172845.000000,311045045.000000,54006.000000
701000011.000000,57120.000000,73357.000000,314870.000000,194120.000000,311554035.000000,56818.000000
702000052.000000,52551.000000,36871.000000,336694.000000,172802.000000,312063531.000000,52317.000000
703000007.000000,52947.000000,39427.000000,338561.000000,175388.000000,312577480.000000,52699.000000
704000029.000000,57621.000000,72372.000000,313164.000000,196298.000000,313086942.000000,57291.000000
705001093.000000,51362.000000,47783.000000,329822.000000,174131.000000,313590895.000000,51086.000000
706000700.000000,52952.000000,42971.000000,337512.000000,174403.000000,314102810.000000,52732.000000
707000011.000000,57184.000000,68087.000000,314277.000000,187989.000000,314605076.000000,56849.000000
708000002.000000,55713.000000,58860.000000,319702.000000,187634.000000,315112412.000000,55460.000000
709002065.000000,51803.000000,43120.000000,330696.000000,172167.000000,315615275.000000,51451.000000
710002592.000000,51344.000000,44203.000000,327604.000000,172932.000000,316115811.000000,51019.000000
711000005.000000,56381.000000,74148.000000,312082.000000,193270.000000,316621163.000000,56087.000000
712005441.000000,53944.000000,37075.000000,339609.000000,174221.000000,317134993.000000,53719.000000
713000025.000000,55127.000000,53025.000000,320529.000000,178326.000000,317633848.000000,54812.000000
714000007.000000,57509.000000,70380.000000,317315.000000,193140.000000,318144303.000000,57213.000000
715000024.000000,51787.000000,41415.000000,336365.000000,172518.000000,318653186.000000,51492.000000
716000013.000000,53109.000000,45276.000000,330496.000000,175912.000000,319159594.000000,52799.000000
717000051.000000,56951.000000,78499.000000,311329.000000,196827.000000,319667750.000000,56575.000000
718004014.000000,53477.000000,39840.000000,338089.000000,178476.000000,320184315.000000,53256.000000
719000042.000000,54803.000000,55388.000000,317262.000000,176873.000000,320678450.000000,54533.000000
720000008.000000,57166.000000,63792.000000,316309.000000,187228.000000,321181987.000000,56870.000000
721000024.000000,55618.000000,56019.000000,324803.000000,183163.000000,321689953.000000,55317.000000
722000016.000000,54985.000000,39798.000000,332917.000000,177819.000000,322200689.000000,54728.000000
723000027.000000,54159.000000,41651.000000,336591.000000,176640.000000,322713920.000000,53934.000000
724000022.000000,58623.000000,87257.000000,300979.000000,197159.000000,323212058.000000,58285.000000
725000008.000000,54415.000000,36641.000000,336579.000000,174587.000000,323723224.000000,54193.000000
726001418.000000,53191.000000,34202.000000,340466.000000,171356.000000,324235046.000000,52925.000000
727000015.000000,58031.000000,71971.000000,312817.000000,195531.000000,324743394.000000,57665.000000
728000026.000000,54481.000000,41034.000000,335736.000000,176344.000000,325255474.000000,54244.000000
729000001.000000,54924.000000,34717.000000,338781.000000,177049.000000,325771304.000000,54732.000000
730001356.000000,58120.000000,70820.000000,314982.000000,195784.000000,326282070.000000,57851.000000
731000008.000000,55771.000000,35242.000000,336529.000000,177676.000000,326796275.000000,55482.000000
732000226.000000,52840.000000,38083.000000,334516.000000,171750.000000,327302541.000000,52622.000000
733000013.000000,57597.000000,73168.000000,314360.000000,195860.000000,327812761.000000,57319.000000
734000004.000000,56300.000000,38446.000000,333913.000000,181350.000000,328328024.000000,56120.000000
735002325.000000,56494.000000,48314.000000,322082.000000,180882.000000,328830988.000000,56231.000000
736000004.000000,59097.000000,84520.000000,299280.000000,197606.000000,329327874.000000,58780.000000
737000005.000000,55243.000000,47144.000000,325727.000000,174194.000000,329827795.000000,54988.000000
738000004.000000,52746.000000,31796.000000,339788.000000,169435.000000,330337018.000000,52562.000000
739000006.000000,56813.000000,67933.000000,318321.000000,190272.000000,330845611.000000,56570.000000
740000035.000000,53776.000000,39373.000000,338979.000000,174805.000000,331359395.000000,53563.000000
741000011.000000,52749.000000,37280.000000,338482.000000,172850.000000,331870727.000000,52546.000000
742000004.000000,55428.000000,59682.000000,320927.000000,185454.000000,332377108.000000,55185.000000
743001215.000000,56150.000000,56198.000000,322534.000000,187676.000000,332887318.000000,55916.000000
744000004.000000,51852.000000,49375.000000,324275.000000,177708.000000,333389301.000000,51629.000000
745002438.000000,51852.000000,47347.000000,331349.000000,177639.000000,333898289.000000,51586.000000
746006984.000000,56655.000000,74639.000000,313960.000000,196712.000000,334408961.000000,56353.000000
747006382.000000,53523.000000,37424.000000,331719.000000,174372.000000,334915052.000000,53355.000000
748000044.000000,55396.000000,35864.000000,332174.000000,177833.000000,335425059.000000,55196.000000
749000020.000000,59129.000000,70513.000000,309473.000000,198960.000000,335933492.000000,58860.000000
750000016.000000,53564.000000,39793.000000,333442.000000,175548.000000,336442482.000000,53307.000000
751000018.000000,51552.000000,46995.000000,329796.000000,174245.000000,336946523.000000,51303.000000
752000006.000000,57741.000000,78808.000000,302979.000000,197625.000000,337447127.000000,57408.000000
753000170.000000,54655.000000,37352.000000,332588.000000,176888.000000,337956603.000000,54440.000000
754002849.000000,54578.000000,32605.000000,336802.000000,175111.000000,338468516.000000,54435.000000
755000031.000000,58761.000000,69488.000000,313248.000000,197324.000000,338979088.000000,58511.000000
756000018.000000,52447.000000,39968.000000,334212.000000,173168.000000,339486468.000000,52214.000000
757000026.000000,50729.000000,40431.000000,332933.000000,168824.000000,339988225.000000,50439.000000
758000006.000000,57002.000000,72483.000000,311086.000000,195466.000000,340494777.000000,56702.000000
759002416.000000,53745.000000,40172.000000,332545.000000,175288.000000,341002610.000000,53542.000000
760000009.000000,51091.000000,40711.000000,329918.000000,173452.000000,341505980.000000,50863.000000
761000029.000000,55241.000000,69261.000000,315747.000000,189805.000000,342011532.000000,54978.000000
762003098.000000,54204.000000,38834.000000,334750.000000,177885.000000,342524167.000000,53986.000000
763000001.000000,53052.000000,32405.000000,336121.000000,170507.000000,343030795.000000,52821.000000
764000041.000000,55254.000000,64286.000000,318236.000000,188730.000000,343537761.000000,54949.000000
765000012.000000,52776.000000,49461.000000,327397.000000,178274.000000,344043432.000000,52507.000000
766002766.000000,50728.000000,41789.000000,336854.000000,172038.000000,344552324.000000,50524.000000
767000020.000000,52808.000000,39331.000000,333525.000000,176181.000000,345062030.000000,52587.000000
768000005.000000,56938.000000,71918.000000,312193.000000,195637.000000,345569860.000000,56657.000000
769003678.000000,55156.000000,35825.000000,334336.000000,178361.000000,346082557.000000,54893.000000
770003833.000000,53311.000000,32339.000000,337747.000000,173893.000000,346594197.000000,53120.000000
771000003.000000,58441.000000,70783.000000,308943.000000,198614.000000,347101754.000000,58165.000000
772002044.000000,53954.000000,36967.000000,334549.000000,178062.000000,347614365.000000,53762.000000
773000018.000000,54915.000000,32871.000000,330914.000000,177434.000000,348122713.000000,54748.000000
774001143.000000,57835.000000,70746.000000,308988.000000,196925.000000,348628626.000000,57525.000000
775000010.000000,52198.000000,35625.000000,333728.000000,172201.000000,349134555.000000,51935.000000
776000002.000000,54302.000000,34506.000000,336658.000000,177680.000000,349648893.000000,54094.000000
777000029.000000,57838.000000,66366.000000,313846.000000,198016.000000,350160755.000000,57555.000000
778000013.000000,53795.000000,34515.000000,335827.000000,175412.000000,350671994.000000,53600.000000
779000025.000000,53643.000000,39571.000000,331107.000000,177065.000000,351180166.000000,53440.000000
780000014.000000,56306.000000,62148.000000,315261.000000,191545.000000,351686972.000000,56060.000000
781000004.000000,53191.000000,33116.000000,337709.000000,175313.000000,352199994.000000,52948.000000
782000030.000000,55541.000000,49200.000000,325225.000000,187438.000000,352712657.000000,55257.000000
783006663.000000,55879.000000,57034.000000,322541.000000,188540.000000,353223738.000000,55555.000000
784000012.000000,51380.000000,37782.000000,330700.000000,173988.000000,353728426.000000,51110.000000
785000046.000000,52980.000000,44293.000000,326073.000000,179854.000000,354234353.000000,52722.000000
786000044.000000,56413.000000,70045.000000,308730.000000,196168.000000,354739251.000000,56147.000000
787000018.000000,51702.000000,37521.000000,335755.000000,174525.000000,355249531.000000,51515.000000
788000007.000000,51690.000000,40175.000000,329964.000000,175802.000000,355755297.000000,51482.000000
789000002.000000,55801.000000,78737.000000,302166.000000,197743.000000,356255206.000000,55494.000000
790000006.000000,52563.000000,45623.000000,323910.000000,177376.000000,356756492.000000,52330.000000
791000012.000000,52539.000000,43773.000000,325542.000000,178511.000000,357260545.000000,52252.000000
792003990.000000,57724.000000,74060.000000,307704.000000,200836.000000,357769085.000000,57461.000000
793000003.000000,53086.000000,40598.000000,325120.000000,180654.000000,358274859.000000,52887.000000
794000010.000000,54218.000000,43295.000000,323245.000000,182426.000000,358780530.000000,53997.000000
795000004.000000,57094.000000,77406.000000,298913.000000,200872.000000,359280315.000000,56780.000000
796000015.000000,54936.000000,40720.000000,325082.000000,184534.000000,359789931.000000,54739.000000
797000017.000000,53903.000000,38340.000000,328734.000000,180990.000000,360299655.000000,53674.000000
798000013.000000,57904.000000,78185.000000,299637.000000,203767.000000,360803059.000000,57556.000000
799003946.000000,53358.000000,42757.000000,324244.000000,181226.000000,361308529.000000,53095.000000
800000003.000000,52843.000000,43470.000000,321440.000000,179698.000000,361809667.000000,52569.000000
801002424.000000,57563.000000,70825.000000,303657.000000,200494.000000,362313818.000000,57283.000000
802002888.000000,53760.000000,34574.000000,329069.000000,179703.000000,362822590.000000,53560.000000
803000007.000000,55838.000000,50768.000000,312227.000000,186829.000000,363321646.000000,55548.000000
804000158.000000,58339.000000,72207.000000,301648.000000,204762.000000,363828056.000000,58002.000000
805000013.000000,55477.000000,47703.000000,317295.000000,179930.000000,364325281.000000,55181.000000
806000008.000000,52885.000000,36867.000000,327970.000000,179648.000000,364832899.000000,52622.000000
807000046.000000,55040.000000,69327.000000,303896.000000,195289.000000,365332084.000000,54756.000000
808000036.000000,54491.000000,50260.000000,314594.000000,181582.000000,365828260.000000,54216.000000
809000036.000000,55240.000000,48116.000000,316716.000000,183606.000000,366328582.000000,54989.000000
810000038.000000,55214.000000,66760.000000,300774.000000,180602.000000,366809958.000000,54888.000000
811004849.000000,56797.000000,74515.000000,304281.000000,198389.000000,367312628.000000,56515.000000
812000026.000000,52857.000000,41415.000000,321019.000000,180393.000000,367814040.000000,52666.000000
813000001.000000,52350.000000,42313.000000,323459.000000,180070.000000,368317569.000000,52126.000000
814000005.000000,57594.000000,73211.000000,301606.000000,204661.000000,368823836.000000,57279.000000
815000010.000000,54982.000000,34698.000000,323433.000000,184333.000000,369331602.000000,54757.000000
816000004.000000,53643.000000,43137.000000,319796.000000,181010.000000,369832408.000000,53349.000000
817001071.000000,55617.000000,71902.000000,305526.000000,195909.000000,370333843.000000,55296.000000
818000002.000000,54585.000000,36960.000000,324734.000000,183383.000000,370841960.000000,54365.000000
819002674.000000,52405.000000,40233.000000,324497.000000,181839.000000,371348296.000000,52188.000000
820000058.000000,57228.000000,76128.000000,296895.000000,202518.000000,371847709.000000,56873.000000
821000955.000000,54303.000000,47871.000000,312945.000000,184315.000000,372344969.000000,54012.000000
822000699.000000,52676.000000,44124.000000,318291.000000,178938.000000,372842198.000000,52462.000000
823000007.000000,57430.000000,76550.000000,298667.000000,202540.000000,373343405.000000,57112.000000
824000028.000000,51855.000000,43341.000000,323988.000000,179405.000000,373846798.000000,51651.000000
825000001.000000,55451.000000,35928.000000,326492.000000,185621.000000,374358911.000000,55215.000000
826001290.000000,58891.000000,68112.000000,303121.000000,201465.000000,374863497.000000,58582.000000
827000011.000000,54929.000000,31805.000000,327087.000000,178372.000000,375368956.000000,54724.000000
828000042.000000,56430.000000,31794.000000,323827.000000,183104.000000,375875887.000000,56189.000000
829000443.000000,58930.000000,67614.000000,301703.000000,202759.000000,376380349.000000,58618.000000
830001696.000000,55721.000000,31594.000000,327037.000000,183413.000000,376890799.000000,55511.000000
831000008.000000,55923.000000,31644.000000,327074.000000,183673.000000,377401546.000000,55750.000000
832003098.000000,59366.000000,67918.000000,303452.000000,203046.000000,377908044.000000,59084.000000
833002428.000000,56379.000000,50060.000000,315135.000000,184602.000000,378407781.000000,56166.000000
834002656.000000,55688.000000,31737.000000,331683.000000,182554.000000,378922018.000000,55514.000000
835000029.000000,59288.000000,69823.000000,302614.000000,206520.000000,379431152.000000,58979.000000
836000037.000000,56146.000000,31063.000000,331345.000000,182571.000000,379945068.000000,55983.000000
837000018.000000,57694.000000,48626.000000,314446.000000,185075.000000,380444589.000000,57422.000000
838000015.000000,59212.000000,68716.000000,300028.000000,203274.000000,380947891.000000,58899.000000
839000460.000000,55404.000000,32348.000000,330019.000000,182554.000000,381460464.000000,55133.000000
840000008.000000,56336.000000,33210.000000,326891.000000,188232.000000,381975587.000000,56092.000000
841003581.000000,58924.000000,67833.000000,304726.000000,201330.000000,382481643.000000,58600.000000
842000009.000000,53594.000000,32540.000000,325573.000000,179491.000000,382986707.000000,53388.000000
843000012.000000,53476.000000,45320.000000,316928.000000,185347.000000,383488982.000000,53241.000000
844000018.000000,56454.000000,60186.000000,310243.000000,197105.000000,383996330.000000,56192.000000
845000010.000000,51532.000000,44587.000000,319626.000000,182488.000000,384498444.000000,51331.000000
846000008.000000,53718.000000,49961.000000,317639.000000,184348.000000,385000431.000000,53418.000000
847000748.000000,56112.000000,69744.000000,299456.000000,197371.000000,385497258.000000,55744.000000
848004558.000000,53477.000000,38748.000000,325193.000000,179964.000000,386002415.000000,53201.000000
849000242.000000,54495.000000,39935.000000,321152.000000,184946.000000,386508513.000000,54229.000000
850001239.000000,56282.000000,78273.000000,295673.000000,203756.000000,387007942.000000,55916.000000
851000008.000000,52968.000000,39210.000000,321570.000000,182265.000000,387511777.000000,52716.000000
852001094.000000,54194.000000,42670.000000,314067.000000,185383.000000,388011227.000000,53945.000000
853000008.000000,56231.000000,78207.000000,293502.000000,202347.000000,388507076.000000,55856.000000
854000018.000000,53215.000000,40749.000000,317243.000000,185235.000000,389009554.000000,52878.000000
855000002.000000,52264.000000,39860.000000,318717.000000,183511.000000,389511782.000000,51962.000000
856000016.000000,56394.000000,72582.000000,294307.000000,201792.000000,390007881.000000,56017.000000
857000002.000000,52998.000000,42919.000000,314945.000000,183391.000000,390506217.000000,52726.000000
858000015.000000,52493.000000,42816.000000,316617.000000,181910.000000,391004744.000000,52232.000000
859000004.000000,56501.000000,85656.000000,285175.000000,205018.000000,391494937.000000,56122.000000
860000004.000000,51841.000000,45266.000000,316396.000000,184121.000000,391995454.000000,51557.000000
861000003.000000,53045.000000,41220.000000,319262.000000,183657.000000,392498373.000000,52740.000000
862000026.000000,55540.000000,75243.000000,289197.000000,202518.000000,392990088.000000,55152.000000
863001349.000000,52097.000000,42146.000000,314219.000000,181879.000000,393486186.000000,51786.000000
864000376.000000,52632.000000,41669.000000,314342.000000,182319.000000,393982847.000000,52342.000000
865000005.000000,56317.000000,73792.000000,296850.000000,203190.000000,394482887.000000,55985.000000
866000090.000000,54026.000000,38047.000000,317987.000000,184474.000000,394985348.000000,53821.000000
867000013.000000,55342.000000,38795.000000,312841.000000,189398.000000,395487587.000000,55108.000000
868000008.000000,56062.000000,74883.000000,294951.000000,200914.000000,395983452.000000,55635.000000
869002980.000000,53537.000000,41476.000000,315638.000000,185671.000000,396484761.000000,53201.000000
870000005.000000,52323.000000,40855.000000,318529.000000,183411.000000,396986701.000000,52032.000000
871000011.000000,55705.000000,81077.000000,288593.000000,204698.000000,397479992.000000,55314.000000
872000023.000000,51407.000000,44583.000000,317181.000000,182486.000000,397979659.000000,51152.000000
873000016.000000,51794.000000,46427.000000,313902.000000,182126.000000,398475687.000000,51472.000000
874000019.000000,56309.000000,80474.000000,290017.000000,204920.000000,398970624.000000,55960.000000
875000007.000000,51736.000000,39970.000000,316288.000000,182169.000000,399469081.000000,51462.000000
876004260.000000,55395.000000,40749.000000,316476.000000,191381.000000,399976938.000000,55207.000000
877000022.000000,57769.000000,74004.000000,290489.000000,206523.000000,400473950.000000,57427.000000
878000028.000000,55464.000000,40215.000000,311700.000000,190838.000000,400976488.000000,55217.000000
879000005.000000,51720.000000,42996.000000,313378.000000,183447.000000,401473313.000000,51471.000000
880000014.000000,54269.000000,81071.000000,286792.000000,202836.000000,401962941.000000,53883.000000
881000012.000000,53529.000000,45303.000000,311049.000000,189310.000000,402463300.000000,53189.000000
882000010.000000,53083.000000,46829.000000,307194.000000,186879.000000,402957373.000000,52753.000000
883003772.000000,56409.000000,77698.000000,289779.000000,203930.000000,403451082.000000,56051.000000
884000023.000000,52811.000000,53297.000000,300856.000000,188132.000000,403940070.000000,52472.000000
885001551.000000,52072.000000,48222.000000,310068.000000,184414.000000,404434552.000000,51755.000000
886000028.000000,54236.000000,62564.000000,307064.000000,194168.000000,404935784.000000,53929.000000
887001744.000000,55389.000000,54733.000000,307163.000000,194292.000000,405437239.000000,55063.000000
888000048.000000,54758.000000,41408.000000,312029.000000,186331.000000,405935599.000000,54487.000000
889000062.000000,54952.000000,61620.000000,295929.000000,196078.000000,406427606.000000,54576.000000
890003084.000000,54618.000000,61970.000000,301520.000000,194896.000000,406924022.000000,54293.000000
891000004.000000,55593.000000,40021.000000,312730.000000,189006.000000,407425758.000000,55359.000000
892000017.000000,54766.000000,53008.000000,302213.000000,192607.000000,407920578.000000,54512.000000
893000004.000000,57314.000000,63809.000000,296263.000000,203329.000000,408420170.000000,57046.000000
894000057.000000,53812.000000,41084.000000,312333.000000,186036.000000,408918539.000000,53532.000000
895000039.000000,52266.000000,54695.000000,307424.000000,186070.000000,409412033.000000,51809.000000
896000615.000000,55835.000000,75873.000000,293403.000000,202219.000000,409907655.000000,55371.000000
897001117.000000,52059.000000,43295.000000,314414.000000,186948.000000,410409017.000000,51692.000000
898000011.000000,52701.000000,45632.000000,309511.000000,187644.000000,410906172.000000,52421.000000
899000003.000000,56496.000000,75191.000000,286847.000000,205299.000000,411398318.000000,56160.000000
900000007.000000,53453.000000,43228.000000,312396.000000,188371.000000,411899085.000000,53154.000000
901003314.000000,53181.000000,43511.000000,316315.000000,187218.000000,412402618.000000,52844.000000
902000021.000000,55699.000000,80322.000000,284621.000000,205674.000000,412892913.000000,55235.000000
903000003.000000,54681.000000,39469.000000,310390.000000,188008.000000,413391311.000000,54349.000000
904000002.000000,57124.000000,41017.000000,305216.000000,192975.000000,413889502.000000,56813.000000
905003494.000000,56327.000000,77056.000000,290536.000000,204190.000000,414384228.000000,55939.000000
906000051.000000,52972.000000,40634.000000,319179.000000,182602.000000,414886009.000000,52769.000000
907002400.000000,52437.000000,38642.000000,316153.000000,184067.000000,415386229.000000,52157.000000
908000012.000000,55031.000000,77997.000000,286299.000000,203570.000000,415876098.000000,54640.000000
909000006.000000,54539.000000,46050.000000,310072.000000,189571.000000,416375741.000000,54174.000000
910000023.000000,55658.000000,39320.000000,310456.000000,188637.000000,416874834.000000,55389.000000
911000007.000000,58562.000000,77534.000000,285141.000000,209240.000000,417369215.000000,58155.000000
912000018.000000,52932.000000,47668.000000,305485.000000,187894.000000,417862594.000000,52613.000000
913000001.000000,52918.000000,42697.000000,310451.000000,186820.000000,418359865.000000,52668.000000
914000049.000000,57497.000000,79630.000000,282481.000000,209279.000000,418851625.000000,57124.000000
915000048.000000,51598.000000,41802.000000,311851.000000,182028.000000,419345504.000000,51264.000000
916001180.000000,54971.000000,36401.000000,319568.000000,186168.000000,419851240.000000,54754.000000
917000129.000000,59224.000000,75946.000000,292788.000000,209341.000000,420353369.000000,58867.000000
918000222.000000,52747.000000,40619.000000,312075.000000,187022.000000,420852466.000000,52482.000000
919000008.000000,56258.000000,48126.000000,303789.000000,195257.000000,421351512.000000,55988.000000
920000223.000000,56850.000000,70489.000000,290560.000000,202930.000000,421845002.000000,56519.000000
921004005.000000,55343.000000,39348.000000,311646.000000,191159.000000,422347807.000000,55125.000000
922000011.000000,55833.000000,55319.000000,298741.000000,197904.000000,422844452.000000,55547.000000
923004079.000000,56974.000000,60086.000000,298212.000000,201929.000000,423344593.000000,56682.000000
924000001.000000,56445.000000,42208.000000,304919.000000,196052.000000,423845564.000000,56143.000000
925000017.000000,55738.000000,62868.000000,298061.000000,196370.000000,424339995.000000,55407.000000
926000009.000000,56199.000000,56960.000000,305678.000000,196204.000000,424841877.000000,55938.000000
927000003.000000,56308.000000,37024.000000,319805.000000,191979.000000,425353661.000000,56118.000000
928000022.000000,54567.000000,70583.000000,295976.000000,199913.000000,425849550.000000,54250.000000
929000085.000000,52680.000000,52362.000000,307801.000000,189992.000000,426347343.000000,52381.000000
930000015.000000,52309.000000,51035.000000,307901.000000,189171.000000,426844415.000000,52018.000000
931000014.000000,53610.000000,51844.000000,309659.000000,185606.000000,427339680.000000,53337.000000
932000195.000000,56720.000000,70355.000000,293431.000000,204434.000000,427837545.000000,56421.000000
933003805.000000,53840.000000,41410.000000,317167.000000,188538.000000,428343250.000000,53595.000000
934000022.000000,52120.000000,49027.000000,307461.000000,186579.000000,428837290.000000,51844.000000
935000032.000000,56731.000000,75615.000000,290369.000000,204163.000000,429331822.000000,56393.000000
936003362.000000,53514.000000,42560.000000,318418.000000,185503.000000,429835743.000000,53306.000000
937000020.000000,54932.000000,42820.000000,310711.000000,190269.000000,430336723.000000,54728.000000
938000024.000000,58147.000000,74986.000000,288138.000000,208795.000000,430833656.000000,57821.000000
939000011.000000,56588.000000,36786.000000,311156.000000,194237.000000,431339049.000000,56399.000000
940000005.000000,56134.000000,55892.000000,295872.000000,197403.000000,431832324.000000,55777.000000
941000007.000000,55806.000000,58373.000000,294176.000000,197933.000000,432324433.000000,55497.000000
942000011.000000,51543.000000,42234.000000,308445.000000,184349.000000,432817227.000000,51257.000000
943000007.000000,55779.000000,64325.000000,294131.000000,202621.000000,433313979.000000,55483.000000
944000025.000000,56323.000000,54085.000000,293724.000000,202129.000000,433809832.000000,56043.000000
945000001.000000,55894.000000,47431.000000,301121.000000,194575.000000,434305528.000000,55550.000000
946000008.000000,56265.000000,77875.000000,282958.000000,207226.000000,434795712.000000,55915.000000
947000021.000000,53947.000000,55034.000000,299345.000000,195335.000000,435290392.000000,53677.000000
948000022.000000,54330.000000,51550.000000,303070.000000,192196.000000,435785658.000000,54021.000000
949000059.000000,54141.000000,61414.000000,294635.000000,196379.000000,436276672.000000,53762.000000
950003635.000000,58126.000000,67802.000000,286413.000000,208864.000000,436771949.000000,57733.000000
951000030.000000,53830.000000,54351.000000,297516.000000,191817.000000,437261282.000000,53401.000000
952003106.000000,53804.000000,53168.000000,307948.000000,187632.000000,437756862.000000,53519.000000
953000019.000000,57792.000000,74713.000000,288426.000000,207900.000000,438253188.000000,57452.000000
954000018.000000,55595.000000,46966.000000,303745.000000,196115.000000,438753048.000000,55331.000000
955000006.000000,56656.000000,49036.000000,296763.000000,200535.000000,439250346.000000,56424.000000
956000047.000000,57465.000000,67969.000000,287950.000000,206134.000000,439744430.000000,57124.000000
957003344.000000,56246.000000,45659.000000,308751.000000,191556.000000,440244737.000000,55985.000000
958000022.000000,57709.000000,59782.000000,296090.000000,202331.000000,440743158.000000,57466.000000
959001104.000000,55685.000000,71412.000000,286985.000000,202497.000000,441232640.000000,55364.000000
960002109.000000,54995.000000,57387.000000,299194.000000,194438.000000,441726272.000000,54658.000000
961000014.000000,56064.000000,50088.000000,299306.000000,195045.000000,442220623.000000,55697.000000
962000015.000000,58204.000000,80050.000000,279435.000000,211413.000000,442711471.000000,57867.000000
963000126.000000,54188.000000,49153.000000,302614.000000,193140.000000,443207225.000000,53886.000000
964005943.000000,53990.000000,54673.000000,305195.000000,192183.000000,443704603.000000,53679.000000
965001807.000000,58135.000000,74358.000000,281178.000000,208640.000000,444194421.000000,57767.000000
966000027.000000,55480.000000,48724.000000,301085.000000,190818.000000,444686324.000000,55221.000000
967000007.000000,54264.000000,53244.000000,302769.000000,187097.000000,445176190.000000,53981.000000
968000001.000000,57346.000000,81125.000000,279819.000000,207417.000000,445663426.000000,57003.000000
969000002.000000,55008.000000,54586.000000,299870.000000,192186.000000,446155482.000000,54655.000000
970000014.000000,53927.000000,51918.000000,300373.000000,192772.000000,446648627.000000,53686.000000
971000754.000000,56739.000000,81992.000000,282501.000000,205710.000000,447136838.000000,56356.000000
972000017.000000,54811.000000,47037.000000,304556.000000,191033.000000,447632427.000000,54512.000000
973001505.000000,54205.000000,47677.000000,308621.000000,190040.000000,448131088.000000,53939.000000
974000039.000000,58136.000000,79109.000000,284334.000000,207751.000000,448623173.000000,57792.000000
975003213.000000,53612.000000,50620.000000,306384.000000,189969.000000,449119526.000000,53341.000000
976000015.000000,54702.000000,49413.000000,302310.000000,191544.000000,449613380.000000,54413.000000
977000023.000000,56099.000000,72968.000000,287722.000000,202231.000000,450103333.000000,55679.000000
978003013.000000,53098.000000,66304.000000,301360.000000,194729.000000,450599422.000000,52724.000000
979000018.000000,53047.000000,52422.000000,305368.000000,187572.000000,451092362.000000,52810.000000
980002941.000000,53987.000000,51641.000000,302926.000000,192163.000000,451587451.000000,53770.000000
981002866.000000,58167.000000,81733.000000,280201.000000,208962.000000,452076614.000000,57775.000000
982000133.000000,54056.000000,46267.000000,307612.000000,187092.000000,452571318.000000,53774.000000
983000004.000000,54681.000000,45436.000000,307406.000000,189847.000000,453068571.000000,54364.000000
984000010.000000,58468.000000,76951.000000,286227.000000,207796.000000,453562594.000000,58138.000000
985000010.000000,54890.000000,41872.000000,310210.000000,190534.000000,454063338.000000,54640.000000
986000033.000000,56011.000000,41003.000000,306522.000000,194035.000000,454563895.000000,55710.000000
987000035.000000,58473.000000,77342.000000,280786.000000,210994.000000,455055675.000000,58098.000000
988004500.000000,55913.000000,40520.000000,310381.000000,190516.000000,455556572.000000,55642.000000
989000002.000000,52737.000000,44418.000000,309610.000000,186875.000000,456053057.000000,52540.000000
990000534.000000,56691.000000,76843.000000,285428.000000,207232.000000,456545717.000000,56312.000000
991000002.000000,53955.000000,43003.000000,308788.000000,188850.000000,457043355.000000,53652.000000
992000004.000000,53519.000000,43565.000000,311730.000000,187148.000000,457542233.000000,53312.000000
993000036.000000,56314.000000,73879.000000,287896.000000,202784.000000,458032913.000000,55959.000000
994000009.000000,53562.000000,41446.000000,310348.000000,191299.000000,458534560.000000,53263.000000
995001167.000000,56669.000000,44764.000000,301123.000000,195823.000000,459031506.000000,56486.000000
996000013.000000,59029.000000,75609.000000,277347.000000,210527.000000,459519380.000000,58679.000000
997000006.000000,56012.000000,46493.000000,298185.000000,197620.000000,460015185.000000,55687.000000
998000012.000000,56425.000000,54931.000000,293399.000000,198540.000000,460507124.000000,56101.000000
999000032.000000,56253.000000,75740.000000,286316.000000,202356.000000,460995796.000000,55855.000000
