Instruction,pfIssued,pfInCache,overallMisses,overallHits,overallAccesses,unusedPrefetches
1000031.000000,8699.000000,45257.000000,316025.000000,18024.000000,334049.000000,9.000000
2000300.000000,8732.000000,45445.000000,315560.000000,17867.000000,667476.000000,0.000000
3000332.000000,8738.000000,45786.000000,315336.000000,18008.000000,1000820.000000,0.000000
4000076.000000,8716.000000,45689.000000,315404.000000,17844.000000,1334068.000000,0.000000
5000300.000000,8719.000000,45930.000000,315488.000000,17920.000000,1667476.000000,0.000000
6000044.000000,8720.000000,45954.000000,315278.000000,17970.000000,2000724.000000,0.000000
7000076.000000,8707.000000,45828.000000,315469.000000,17875.000000,2334068.000000,0.000000
8000018.000000,8721.000000,45735.000000,315428.000000,17886.000000,2667382.000000,0.000000
9000044.000000,8715.000000,46251.000000,315382.000000,17960.000000,3000724.000000,0.000000
10000268.000000,8715.000000,45771.000000,315506.000000,17902.000000,3334132.000000,0.000000
11000012.000000,8719.000000,46096.000000,315276.000000,17973.000000,3667381.000000,0.000000
12000050.000000,8710.000000,45916.000000,315426.000000,17919.000000,4000726.000000,0.000000
13000037.000000,8725.000000,45552.000000,315483.000000,17841.000000,4334050.000000,0.000000
14000396.000000,8717.000000,45953.000000,315547.000000,17911.000000,4667508.000000,0.000000
15000236.000000,8715.000000,46059.000000,315311.000000,17969.000000,5000788.000000,0.000000
16000274.000000,8711.000000,46167.000000,315383.000000,17963.000000,5334134.000000,0.000000
17000012.000000,8720.000000,45740.000000,315364.000000,17882.000000,5667380.000000,0.000000
18000005.000000,8716.000000,45843.000000,315454.000000,17872.000000,6000706.000000,0.000000
19000076.000000,8714.000000,45746.000000,315462.000000,17900.000000,6334068.000000,0.000000
20000204.000000,8717.000000,46264.000000,315362.000000,18014.000000,6667444.000000,0.000000
21000332.000000,8716.000000,45808.000000,315484.000000,17892.000000,7000820.000000,0.000000
22000076.000000,8721.000000,45508.000000,315425.000000,17824.000000,7334069.000000,0.000000
23000012.000000,8717.000000,46146.000000,315357.000000,17955.000000,7667381.000000,0.000000
24000005.000000,8706.000000,46024.000000,315377.000000,17948.000000,8000706.000000,0.000000
25000172.000000,8727.000000,46156.000000,315399.000000,17995.000000,8334100.000000,0.000000
26000012.000000,8710.000000,45667.000000,315426.000000,17854.000000,8667380.000000,0.000000
27000005.000000,8721.000000,45794.000000,315447.000000,17879.000000,9000706.000000,0.000000
28000364.000000,8712.000000,45841.000000,315571.000000,17887.000000,9334164.000000,0.000000
29000306.000000,8723.000000,46088.000000,315311.000000,18003.000000,9667478.000000,0.000000
30000524.000000,8713.000000,45775.000000,315536.000000,17870.000000,10000884.000000,0.000000
31000364.000000,8717.000000,45751.000000,315392.000000,17888.000000,10334164.000000,0.000000
32000012.000000,8712.000000,46193.000000,315267.000000,17949.000000,10667380.000000,0.000000
33000242.000000,8715.000000,45817.000000,315508.000000,17902.000000,11000790.000000,0.000000
34000037.000000,8722.000000,46072.000000,315287.000000,17973.000000,11334050.000000,0.000000
35000396.000000,8713.000000,45945.000000,315525.000000,17933.000000,11667508.000000,0.000000
36000332.000000,8719.000000,45531.000000,315481.000000,17831.000000,12000820.000000,0.000000
37000652.000000,8715.000000,45991.000000,315519.000000,17920.000000,12334259.000000,0.000000
38000396.000000,8720.000000,46041.000000,315286.000000,17963.000000,12667508.000000,0.000000
39000140.000000,8713.000000,46137.000000,315286.000000,17962.000000,13000756.000000,0.000000
40000037.000000,8715.000000,45701.000000,315424.000000,17870.000000,13334050.000000,0.000000
41000114.000000,8712.000000,45857.000000,315496.000000,17868.000000,13667414.000000,0.000000
42000236.000000,8721.000000,45812.000000,315458.000000,17916.000000,14000788.000000,0.000000
43000076.000000,8719.000000,46223.000000,315265.000000,18015.000000,14334068.000000,0.000000
44000300.000000,8711.000000,45812.000000,315522.000000,17886.000000,14667476.000000,0.000000
45000140.000000,8714.000000,45536.000000,315451.000000,17828.000000,15000755.000000,0.000000
46000037.000000,8723.000000,46164.000000,315340.000000,17955.000000,15334050.000000,0.000000
47000108.000000,8711.000000,45983.000000,315419.000000,17943.000000,15667412.000000,0.000000
48000005.000000,8722.000000,46124.000000,315305.000000,17989.000000,16000706.000000,0.000000
49000076.000000,8711.000000,45712.000000,315493.000000,17870.000000,16334069.000000,0.000000
50000108.000000,8719.000000,45748.000000,315484.000000,17859.000000,16667412.000000,0.000000
51000080.000000,8735.000000,46443.000000,315314.000000,18144.000000,17000870.000000,5.000000
52000016.000000,8709.000000,46225.000000,315299.000000,18014.000000,17334183.000000,0.000000
53000336.000000,8720.000000,45621.000000,315596.000000,17843.000000,17667622.000000,0.000000
54000752.000000,8720.000000,46235.000000,315503.000000,17969.000000,18001094.000000,0.000000
55000304.000000,8710.000000,45930.000000,315258.000000,17926.000000,18334278.000000,0.000000
56000144.000000,8720.000000,45978.000000,315318.000000,17962.000000,18667558.000000,0.000000
57000080.000000,8713.000000,45823.000000,315417.000000,17895.000000,19000870.000000,0.000000
58000067.000000,8723.000000,45706.000000,315468.000000,17856.000000,19334194.000000,0.000000
59000432.000000,8715.000000,45945.000000,315540.000000,17920.000000,19667654.000000,0.000000
60000041.000000,8716.000000,46039.000000,315218.000000,17980.000000,20000852.000000,0.000000
61000406.000000,8714.000000,45887.000000,315563.000000,17897.000000,20334312.000000,0.000000
62000240.000000,8718.000000,45758.000000,315400.000000,17878.000000,20667590.000000,0.000000
63000272.000000,8714.000000,45952.000000,315451.000000,17893.000000,21000934.000000,0.000000
64000400.000000,8717.000000,45849.000000,315437.000000,17939.000000,21334310.000000,0.000000
65000528.000000,8715.000000,46171.000000,315401.000000,17976.000000,21667687.000000,0.000000
66000272.000000,8712.000000,45872.000000,315341.000000,17906.000000,22000934.000000,0.000000
67000016.000000,8721.000000,45488.000000,315426.000000,17822.000000,22334182.000000,0.000000
68000009.000000,8719.000000,46205.000000,315361.000000,17965.000000,22667508.000000,0.000000
69000086.000000,8709.000000,45927.000000,315435.000000,17929.000000,23000872.000000,0.000000
70000304.000000,8724.000000,46152.000000,315410.000000,17996.000000,23334278.000000,0.000000
71000144.000000,8713.000000,45791.000000,315408.000000,17872.000000,23667558.000000,0.000000
72000272.000000,8719.000000,45747.000000,315501.000000,17875.000000,24000934.000000,0.000000
73000016.000000,8706.000000,45848.000000,315363.000000,17886.000000,24334183.000000,0.000000
74000240.000000,8727.000000,46067.000000,315421.000000,17986.000000,24667590.000000,0.000000
75000035.000000,8715.000000,45883.000000,315347.000000,17913.000000,25000850.000000,0.000000
76000400.000000,8716.000000,45550.000000,315623.000000,17837.000000,25334310.000000,0.000000
77000336.000000,8714.000000,46305.000000,315330.000000,17982.000000,25667622.000000,0.000000
78000464.000000,8714.000000,45931.000000,315455.000000,17921.000000,26000998.000000,0.000000
79000400.000000,8726.000000,46002.000000,315338.000000,17974.000000,26334310.000000,0.000000
80000240.000000,8711.000000,45772.000000,315392.000000,17888.000000,26667590.000000,0.000000
81000176.000000,8712.000000,45745.000000,315463.000000,17849.000000,27000902.000000,0.000000
82000208.000000,8717.000000,45966.000000,315421.000000,17923.000000,27334246.000000,0.000000
83000048.000000,8728.000000,46040.000000,315293.000000,17988.000000,27667527.000000,0.000000
84000464.000000,8711.000000,45788.000000,315592.000000,17879.000000,28000998.000000,0.000000
85000016.000000,8713.000000,45757.000000,315304.000000,17881.000000,28334183.000000,0.000000
86000534.000000,8713.000000,46102.000000,315589.000000,17916.000000,28667688.000000,0.000000
87000368.000000,8722.000000,45802.000000,315347.000000,17931.000000,29000966.000000,0.000000
88000112.000000,8715.000000,46101.000000,315296.000000,17952.000000,29334214.000000,0.000000
89000144.000000,8709.000000,45891.000000,315418.000000,17926.000000,29667558.000000,0.000000
90000182.000000,8720.000000,45505.000000,315527.000000,17819.000000,30000904.000000,0.000000
91000208.000000,8721.000000,46200.000000,315382.000000,17960.000000,30334246.000000,0.000000
92000432.000000,8716.000000,45962.000000,315458.000000,17950.000000,30667654.000000,0.000000
93000041.000000,8716.000000,46132.000000,315209.000000,17989.000000,31000852.000000,0.000000
94000208.000000,8710.000000,45739.000000,315541.000000,17853.000000,31334246.000000,0.000000
95000336.000000,8725.000000,45781.000000,315492.000000,17884.000000,31667622.000000,0.000000
96000176.000000,8710.000000,45880.000000,315384.000000,17896.000000,32000902.000000,0.000000
97000016.000000,8723.000000,46083.000000,315289.000000,17992.000000,32334183.000000,0.000000
98000009.000000,8706.000000,45809.000000,315437.000000,17888.000000,32667508.000000,0.000000
99000272.000000,8721.000000,45593.000000,315582.000000,17844.000000,33000934.000000,0.000000
100000208.000000,8720.000000,46257.000000,315332.000000,17980.000000,33334246.000000,0.000000
101000010.000000,8701.000000,46309.000000,315344.000000,18053.000000,33667643.000000,7.000000
102000432.000000,8737.000000,45447.000000,315604.000000,17870.000000,34001117.000000,0.000000
103000170.000000,8715.000000,44997.000000,315521.000000,17725.000000,34334363.000000,0.000000
104000010.000000,8726.000000,46208.000000,315247.000000,18033.000000,34667643.000000,0.000000
105000330.000000,8718.000000,45584.000000,315611.000000,17829.000000,35001083.000000,0.000000
106000170.000000,8715.000000,46019.000000,315357.000000,17923.000000,35334363.000000,0.000000
107000010.000000,8721.000000,46062.000000,315291.000000,17990.000000,35667644.000000,0.000000
108000234.000000,8715.000000,45970.000000,315481.000000,17926.000000,36001051.000000,0.000000
109000074.000000,8712.000000,45735.000000,315412.000000,17868.000000,36334331.000000,0.000000
110000202.000000,8717.000000,45900.000000,315493.000000,17883.000000,36667707.000000,0.000000
111000234.000000,8717.000000,45807.000000,315424.000000,17920.000000,37001051.000000,0.000000
112000035.000000,8720.000000,46225.000000,315259.000000,18003.000000,37334313.000000,0.000000
113000394.000000,8708.000000,45797.000000,315572.000000,17886.000000,37667771.000000,0.000000
114000240.000000,8720.000000,45485.000000,315466.000000,17816.000000,38001053.000000,0.000000
115000554.000000,8722.000000,46256.000000,315458.000000,17980.000000,38334491.000000,0.000000
116000394.000000,8714.000000,45951.000000,315339.000000,17941.000000,38667771.000000,0.000000
117000330.000000,8717.000000,46139.000000,315326.000000,17986.000000,39001083.000000,0.000000
118000272.000000,8709.000000,45747.000000,315460.000000,17854.000000,39334397.000000,0.000000
119000298.000000,8722.000000,45726.000000,315467.000000,17875.000000,39667739.000000,0.000000
120000003.000000,8714.000000,45879.000000,315332.000000,17898.000000,40000969.000000,0.000000
121000362.000000,8719.000000,46039.000000,315475.000000,17983.000000,40334427.000000,0.000000
122000202.000000,8710.000000,45870.000000,315380.000000,17900.000000,40667707.000000,0.000000
123000234.000000,8720.000000,45733.000000,315465.000000,17879.000000,41001051.000000,0.000000
124000362.000000,8721.000000,46218.000000,315409.000000,17967.000000,41334427.000000,0.000000
125000010.000000,8710.000000,45824.000000,315319.000000,17898.000000,41667644.000000,0.000000
126000003.000000,8717.000000,46081.000000,315344.000000,17981.000000,42000969.000000,0.000000
127000074.000000,8720.000000,45829.000000,315461.000000,17902.000000,42334332.000000,0.000000
128000106.000000,8715.000000,45590.000000,315512.000000,17831.000000,42667675.000000,0.000000
129000330.000000,8717.000000,46052.000000,315471.000000,17937.000000,43001083.000000,0.000000
130000362.000000,8717.000000,46030.000000,315364.000000,17980.000000,43334427.000000,0.000000
131000106.000000,8714.000000,45944.000000,315341.000000,17907.000000,43667675.000000,0.000000
132000234.000000,8720.000000,45735.000000,315492.000000,17884.000000,44001051.000000,0.000000
133000074.000000,8709.000000,45870.000000,315416.000000,17864.000000,44334331.000000,0.000000
134000010.000000,8716.000000,45827.000000,315380.000000,17932.000000,44667643.000000,0.000000
135000528.000000,8723.000000,46215.000000,315510.000000,17996.000000,45001149.000000,0.000000
136000266.000000,8708.000000,45880.000000,315341.000000,17905.000000,45334395.000000,0.000000
137000202.000000,8722.000000,45463.000000,315494.000000,17818.000000,45667707.000000,0.000000
138000426.000000,8720.000000,46218.000000,315435.000000,17973.000000,46001115.000000,0.000000
139000272.000000,8709.000000,45957.000000,315350.000000,17932.000000,46334397.000000,0.000000
140000298.000000,8724.000000,46186.000000,315343.000000,17999.000000,46667739.000000,0.000000
141000138.000000,8710.000000,45752.000000,315418.000000,17862.000000,47001019.000000,0.000000
142000074.000000,8716.000000,45698.000000,315448.000000,17864.000000,47334331.000000,0.000000
143000394.000000,8714.000000,45864.000000,315549.000000,17891.000000,47667771.000000,0.000000
144000426.000000,8724.000000,46092.000000,315352.000000,17992.000000,48001115.000000,0.000000
145000362.000000,8715.000000,45844.000000,315402.000000,17910.000000,48334427.000000,0.000000
146000010.000000,8715.000000,45696.000000,315356.000000,17861.000000,48667644.000000,0.000000
147000138.000000,8711.000000,46205.000000,315417.000000,17958.000000,49001019.000000,0.000000
148000035.000000,8717.000000,45920.000000,315371.000000,17923.000000,49334313.000000,0.000000
149000010.000000,8721.000000,46021.000000,315361.000000,17969.000000,49667643.000000,0.000000
150000042.000000,8715.000000,45843.000000,315436.000000,17908.000000,50000987.000000,0.000000
151000074.000000,8715.000000,45650.000000,315501.000000,17844.000000,50334332.000000,0.000000
152000093.000000,8725.000000,45292.000000,315545.000000,17848.000000,50667725.000000,9.000000
153000317.000000,8721.000000,45743.000000,315445.000000,17963.000000,51001133.000000,0.000000
154000157.000000,8743.000000,46084.000000,315219.000000,18061.000000,51334413.000000,0.000000
155000381.000000,8728.000000,46143.000000,315401.000000,18007.000000,51667821.000000,0.000000
156000125.000000,8715.000000,45725.000000,315375.000000,17873.000000,52001069.000000,0.000000
157000061.000000,8718.000000,45834.000000,315434.000000,17878.000000,52334381.000000,0.000000
158000477.000000,8714.000000,45854.000000,315552.000000,17920.000000,52667853.000000,0.000000
159000605.000000,8723.000000,46173.000000,315377.000000,17999.000000,53001229.000000,0.000000
160000061.000000,8704.000000,45811.000000,315264.000000,17888.000000,53334381.000000,0.000000
161000381.000000,8724.000000,45544.000000,315611.000000,17829.000000,53667821.000000,0.000000
162000221.000000,8714.000000,46155.000000,315325.000000,17955.000000,54001101.000000,0.000000
163000355.000000,8714.000000,45997.000000,315436.000000,17942.000000,54334479.000000,0.000000
164000189.000000,8721.000000,46106.000000,315299.000000,17979.000000,54667757.000000,0.000000
165000125.000000,8713.000000,45717.000000,315443.000000,17869.000000,55001069.000000,0.000000
166000022.000000,8716.000000,45818.000000,315408.000000,17886.000000,55334363.000000,0.000000
167000195.000000,8713.000000,45880.000000,315507.000000,17889.000000,55667759.000000,0.000000
168000221.000000,8725.000000,46044.000000,315345.000000,17997.000000,56001101.000000,0.000000
169000349.000000,8711.000000,45849.000000,315488.000000,17888.000000,56334477.000000,0.000000
170000002.000000,8716.000000,45666.000000,315349.000000,17868.000000,56667694.000000,0.000000
171000035.000000,8715.000000,46253.000000,315381.000000,17964.000000,57001039.000000,0.000000
172000022.000000,8716.000000,45813.000000,315423.000000,17901.000000,57334363.000000,0.000000
173000093.000000,8721.000000,46002.000000,315400.000000,17962.000000,57667725.000000,0.000000
174000413.000000,8714.000000,45908.000000,315515.000000,17925.000000,58001165.000000,0.000000
175000349.000000,8716.000000,45629.000000,315466.000000,17845.000000,58334476.000000,0.000000
176000387.000000,8720.000000,45885.000000,315452.000000,17895.000000,58667823.000000,0.000000
177000317.000000,8718.000000,46095.000000,315321.000000,17989.000000,59001133.000000,0.000000
178000253.000000,8715.000000,46129.000000,315356.000000,17956.000000,59334445.000000,0.000000
179000093.000000,8708.000000,45677.000000,315425.000000,17855.000000,59667725.000000,0.000000
180000125.000000,8722.000000,45844.000000,315462.000000,17882.000000,60001069.000000,0.000000
181000022.000000,8717.000000,45884.000000,315368.000000,17926.000000,60334363.000000,0.000000
182000381.000000,8721.000000,46147.000000,315467.000000,17991.000000,60667821.000000,0.000000
183000413.000000,8705.000000,45795.000000,315453.000000,17891.000000,61001165.000000,0.000000
184000451.000000,8723.000000,45581.000000,315514.000000,17832.000000,61334511.000000,0.000000
185000381.000000,8717.000000,46169.000000,315350.000000,17960.000000,61667821.000000,0.000000
186000221.000000,8714.000000,45992.000000,315334.000000,17946.000000,62001101.000000,0.000000
187000157.000000,8717.000000,46063.000000,315345.000000,17967.000000,62334413.000000,0.000000
188000003.000000,8714.000000,45736.000000,315416.000000,17866.000000,62667695.000000,0.000000
189000221.000000,8720.000000,45824.000000,315517.000000,17889.000000,63001101.000000,0.000000
190000061.000000,8712.000000,45902.000000,315379.000000,17901.000000,63334381.000000,0.000000
191000477.000000,8724.000000,46032.000000,315485.000000,17987.000000,63667853.000000,0.000000
192000035.000000,8706.000000,45823.000000,315305.000000,17881.000000,64001039.000000,0.000000
193000061.000000,8719.000000,45707.000000,315465.000000,17877.000000,64334381.000000,0.000000
194000381.000000,8722.000000,46266.000000,315460.000000,17980.000000,64667821.000000,0.000000
195000221.000000,8709.000000,45762.000000,315399.000000,17881.000000,65001101.000000,0.000000
196000355.000000,8719.000000,46108.000000,315397.000000,17981.000000,65334479.000000,0.000000
197000381.000000,8718.000000,45841.000000,315431.000000,17911.000000,65667821.000000,0.000000
198000029.000000,8715.000000,45581.000000,315389.000000,17827.000000,66001037.000000,0.000000
199000157.000000,8716.000000,45977.000000,315451.000000,17925.000000,66334413.000000,0.000000
200000285.000000,8716.000000,46092.000000,315385.000000,17990.000000,66667788.000000,0.000000
201000317.000000,8720.000000,46025.000000,315413.000000,17932.000000,67001133.000000,0.000000
202000048.000000,8707.000000,45855.000000,315229.000000,17980.000000,67334342.000000,9.000000
203000080.000000,8728.000000,45983.000000,315404.000000,17940.000000,67667686.000000,0.000000
204000208.000000,8711.000000,46276.000000,315415.000000,17961.000000,68001062.000000,0.000000
205000009.000000,8711.000000,46359.000000,315220.000000,18042.000000,68334324.000000,0.000000
206000272.000000,8705.000000,45831.000000,315534.000000,17892.000000,68667750.000000,0.000000
207000304.000000,8726.000000,45471.000000,315528.000000,17816.000000,69001094.000000,0.000000
208000432.000000,8720.000000,46263.000000,315395.000000,17981.000000,69334470.000000,0.000000
209000464.000000,8714.000000,45949.000000,315403.000000,17941.000000,69667814.000000,0.000000
210000208.000000,8713.000000,46148.000000,315263.000000,17985.000000,70001062.000000,0.000000
211000048.000000,8715.000000,45736.000000,315426.000000,17854.000000,70334342.000000,0.000000
212000272.000000,8720.000000,45729.000000,315532.000000,17876.000000,70667750.000000,0.000000
213000016.000000,8715.000000,45863.000000,315355.000000,17892.000000,71000997.000000,0.000000
214000009.000000,8716.000000,46067.000000,315337.000000,17990.000000,71334324.000000,0.000000
215000278.000000,8716.000000,45857.000000,315528.000000,17900.000000,71667752.000000,0.000000
216000112.000000,8716.000000,45742.000000,315400.000000,17878.000000,72001030.000000,0.000000
217000432.000000,8720.000000,46190.000000,315480.000000,17960.000000,72334470.000000,0.000000
218000368.000000,8710.000000,45850.000000,315407.000000,17905.000000,72667782.000000,0.000000
219000214.000000,8718.000000,46079.000000,315307.000000,17975.000000,73001064.000000,0.000000
220000432.000000,8719.000000,45838.000000,315498.000000,17908.000000,73334470.000000,0.000000
221000041.000000,8718.000000,45596.000000,315361.000000,17837.000000,73667668.000000,0.000000
222000400.000000,8716.000000,46033.000000,315527.000000,17931.000000,74001126.000000,0.000000
223000240.000000,8714.000000,46029.000000,315301.000000,17978.000000,74334405.000000,0.000000
224000176.000000,8718.000000,45941.000000,315404.000000,17909.000000,74667718.000000,0.000000
225000016.000000,8718.000000,45736.000000,315397.000000,17884.000000,75000999.000000,0.000000
226000624.000000,8714.000000,45896.000000,315663.000000,17872.000000,75334534.000000,0.000000
227000041.000000,8711.000000,45806.000000,315210.000000,17924.000000,75667668.000000,0.000000
228000406.000000,8725.000000,46210.000000,315464.000000,17996.000000,76001128.000000,0.000000
229000144.000000,8705.000000,45891.000000,315341.000000,17905.000000,76334374.000000,0.000000
230000080.000000,8722.000000,45437.000000,315501.000000,17811.000000,76667686.000000,0.000000
231000304.000000,8719.000000,46231.000000,315432.000000,17976.000000,77001094.000000,0.000000
232000342.000000,8714.000000,45960.000000,315410.000000,17936.000000,77334440.000000,0.000000
233000272.000000,8722.000000,46184.000000,315311.000000,17999.000000,77667750.000000,0.000000
234000208.000000,8711.000000,45751.000000,315450.000000,17862.000000,78001062.000000,0.000000
235000009.000000,8713.000000,45725.000000,315392.000000,17870.000000,78334324.000000,0.000000
236000470.000000,8718.000000,45841.000000,315606.000000,17886.000000,78667816.000000,0.000000
237000304.000000,8721.000000,46093.000000,315288.000000,17990.000000,79001094.000000,0.000000
238000336.000000,8716.000000,45846.000000,315433.000000,17911.000000,79334438.000000,0.000000
239000368.000000,8714.000000,45694.000000,315483.000000,17861.000000,79667782.000000,0.000000
240000688.000000,8716.000000,46228.000000,315474.000000,17966.000000,80001222.000000,0.000000
241000048.000000,8710.000000,45879.000000,315212.000000,17908.000000,80334342.000000,0.000000
242000080.000000,8725.000000,46033.000000,315368.000000,17976.000000,80667686.000000,0.000000
243000016.000000,8713.000000,45826.000000,315410.000000,17902.000000,81000998.000000,0.000000
244000432.000000,8715.000000,45680.000000,315623.000000,17850.000000,81334471.000000,0.000000
245000176.000000,8718.000000,45914.000000,315342.000000,17905.000000,81667718.000000,0.000000
246000016.000000,8720.000000,46053.000000,315296.000000,17984.000000,82000998.000000,0.000000
247000336.000000,8715.000000,45939.000000,315523.000000,17917.000000,82334438.000000,0.000000
248000176.000000,8710.000000,45728.000000,315410.000000,17869.000000,82667717.000000,0.000000
249000214.000000,8720.000000,45904.000000,315467.000000,17880.000000,83001064.000000,0.000000
250000144.000000,8716.000000,45848.000000,315373.000000,17937.000000,83334374.000000,0.000000
251000272.000000,8720.000000,46183.000000,315393.000000,17983.000000,83667750.000000,0.000000
252000290.000000,8683.000000,45415.000000,315296.000000,17838.000000,84000884.000000,12.000000
253000130.000000,8712.000000,46037.000000,315301.000000,17979.000000,84334164.000000,0.000000
254000354.000000,8720.000000,46144.000000,315445.000000,17963.000000,84667572.000000,0.000000
255000098.000000,8715.000000,45725.000000,315375.000000,17873.000000,85000820.000000,0.000000
256000034.000000,8718.000000,45834.000000,315434.000000,17878.000000,85334132.000000,0.000000
257000450.000000,8714.000000,45854.000000,315552.000000,17920.000000,85667604.000000,0.000000
258000578.000000,8723.000000,46173.000000,315377.000000,17999.000000,86000980.000000,0.000000
259000034.000000,8704.000000,45811.000000,315264.000000,17888.000000,86334132.000000,0.000000
260000354.000000,8724.000000,45544.000000,315611.000000,17829.000000,86667572.000000,0.000000
261000194.000000,8714.000000,46155.000000,315325.000000,17955.000000,87000852.000000,0.000000
262000328.000000,8714.000000,45997.000000,315436.000000,17942.000000,87334230.000000,0.000000
263000162.000000,8721.000000,46106.000000,315299.000000,17979.000000,87667508.000000,0.000000
264000098.000000,8713.000000,45717.000000,315443.000000,17869.000000,88000820.000000,0.000000
265000130.000000,8718.000000,45819.000000,315458.000000,17887.000000,88334165.000000,0.000000
266000168.000000,8711.000000,45879.000000,315457.000000,17888.000000,88667510.000000,0.000000
267000194.000000,8725.000000,46044.000000,315345.000000,17997.000000,89000852.000000,0.000000
268000322.000000,8711.000000,45849.000000,315488.000000,17888.000000,89334228.000000,0.000000
269000287.000000,8718.000000,45680.000000,315447.000000,17873.000000,89667548.000000,0.000000
270000008.000000,8713.000000,46239.000000,315283.000000,17959.000000,90000790.000000,0.000000
271000610.000000,8718.000000,45814.000000,315632.000000,17902.000000,90334324.000000,0.000000
272000066.000000,8719.000000,46001.000000,315191.000000,17961.000000,90667476.000000,0.000000
273000386.000000,8714.000000,45908.000000,315515.000000,17925.000000,91000916.000000,0.000000
274000322.000000,8716.000000,45629.000000,315466.000000,17845.000000,91334227.000000,0.000000
275000360.000000,8720.000000,45885.000000,315452.000000,17895.000000,91667574.000000,0.000000
276000290.000000,8718.000000,46095.000000,315321.000000,17989.000000,92000884.000000,0.000000
277000226.000000,8715.000000,46129.000000,315356.000000,17956.000000,92334196.000000,0.000000
278000066.000000,8708.000000,45677.000000,315425.000000,17855.000000,92667476.000000,0.000000
279000098.000000,8722.000000,45844.000000,315462.000000,17882.000000,93000820.000000,0.000000
280000130.000000,8718.000000,45886.000000,315418.000000,17927.000000,93334165.000000,0.000000
281000354.000000,8720.000000,46145.000000,315417.000000,17990.000000,93667572.000000,0.000000
282000386.000000,8705.000000,45795.000000,315453.000000,17891.000000,94000916.000000,0.000000
283000424.000000,8723.000000,45581.000000,315514.000000,17832.000000,94334262.000000,0.000000
284000354.000000,8717.000000,46169.000000,315350.000000,17960.000000,94667572.000000,0.000000
285000194.000000,8714.000000,45992.000000,315334.000000,17946.000000,95000852.000000,0.000000
286000130.000000,8717.000000,46063.000000,315345.000000,17967.000000,95334164.000000,0.000000
287000648.000000,8717.000000,45761.000000,315632.000000,17874.000000,95667670.000000,0.000000
288000194.000000,8717.000000,45799.000000,315301.000000,17881.000000,96000852.000000,0.000000
289000034.000000,8712.000000,45902.000000,315379.000000,17901.000000,96334132.000000,0.000000
290000450.000000,8724.000000,46032.000000,315485.000000,17987.000000,96667604.000000,0.000000
291000008.000000,8706.000000,45823.000000,315305.000000,17881.000000,97000790.000000,0.000000
292000034.000000,8719.000000,45707.000000,315465.000000,17877.000000,97334132.000000,0.000000
293000354.000000,8722.000000,46266.000000,315460.000000,17980.000000,97667572.000000,0.000000
294000194.000000,8709.000000,45762.000000,315399.000000,17881.000000,98000852.000000,0.000000
295000328.000000,8719.000000,46108.000000,315397.000000,17981.000000,98334230.000000,0.000000
296000354.000000,8718.000000,45841.000000,315431.000000,17911.000000,98667572.000000,0.000000
297000002.000000,8715.000000,45581.000000,315389.000000,17827.000000,99000788.000000,0.000000
298000130.000000,8716.000000,45977.000000,315451.000000,17925.000000,99334164.000000,0.000000
299000258.000000,8716.000000,46092.000000,315385.000000,17990.000000,99667539.000000,0.000000
300000290.000000,8720.000000,46025.000000,315413.000000,17932.000000,100000884.000000,0.000000
301000130.000000,8714.000000,45747.000000,315406.000000,17874.000000,100334164.000000,0.000000
302000546.000000,8719.000000,45838.000000,315594.000000,17878.000000,100667636.000000,0.000000
303000118.000000,8673.000000,45520.000000,314860.000000,17909.000000,101000405.000000,9.000000
304000438.000000,8739.000000,45284.000000,315622.000000,17818.000000,101333845.000000,0.000000
305000047.000000,8733.000000,45259.000000,315354.000000,17844.000000,101667043.000000,0.000000
306000022.000000,8738.000000,45901.000000,315393.000000,17937.000000,102000373.000000,0.000000
307000246.000000,8714.000000,45937.000000,315466.000000,17942.000000,102333781.000000,0.000000
308000278.000000,8718.000000,46150.000000,315366.000000,17978.000000,102667125.000000,0.000000
309000118.000000,8710.000000,45840.000000,315389.000000,17891.000000,103000405.000000,0.000000
310000444.000000,8723.000000,45767.000000,315577.000000,17865.000000,103333847.000000,0.000000
311000182.000000,8715.000000,45763.000000,315353.000000,17893.000000,103667093.000000,0.000000
312000118.000000,8717.000000,46285.000000,315288.000000,18024.000000,104000405.000000,0.000000
313000015.000000,8713.000000,45827.000000,315388.000000,17906.000000,104333699.000000,0.000000
314000188.000000,8718.000000,45400.000000,315602.000000,17794.000000,104667095.000000,0.000000
315000020.000000,8724.000000,46272.000000,315291.000000,17985.000000,105000371.000000,0.000000
316000342.000000,8709.000000,45935.000000,315510.000000,17932.000000,105333813.000000,0.000000
317000182.000000,8722.000000,46052.000000,315307.000000,17973.000000,105667093.000000,0.000000
318000316.000000,8708.000000,45779.000000,315505.000000,17873.000000,106000471.000000,0.000000
319000438.000000,8722.000000,45778.000000,315503.000000,17871.000000,106333845.000000,0.000000
320000086.000000,8711.000000,45902.000000,315306.000000,17910.000000,106667061.000000,0.000000
321000022.000000,8724.000000,46024.000000,315325.000000,17987.000000,107000373.000000,0.000000
322000342.000000,8707.000000,45783.000000,315571.000000,17870.000000,107333814.000000,0.000000
323000001.000000,8721.000000,45813.000000,315326.000000,17891.000000,107667031.000000,0.000000
324000502.000000,8717.000000,46111.000000,315568.000000,17934.000000,108000533.000000,0.000000
325000246.000000,8712.000000,45806.000000,315338.000000,17910.000000,108333781.000000,0.000000
326000086.000000,8713.000000,46021.000000,315337.000000,17943.000000,108667061.000000,0.000000
327000406.000000,8719.000000,46054.000000,315478.000000,17962.000000,109000501.000000,0.000000
328000246.000000,8721.000000,45445.000000,315468.000000,17812.000000,109333781.000000,0.000000
329000470.000000,8718.000000,46078.000000,315475.000000,17933.000000,109667189.000000,0.000000
330000406.000000,8714.000000,45973.000000,315358.000000,17954.000000,110000501.000000,0.000000
331000342.000000,8714.000000,46178.000000,315334.000000,17978.000000,110333813.000000,0.000000
332000470.000000,8720.000000,45869.000000,315478.000000,17898.000000,110667189.000000,0.000000
333000214.000000,8713.000000,45675.000000,315408.000000,17840.000000,111000437.000000,0.000000
334000150.000000,8716.000000,45789.000000,315403.000000,17909.000000,111333749.000000,0.000000
335000086.000000,8716.000000,46299.000000,315297.000000,18015.000000,111667061.000000,0.000000
336000079.000000,8718.000000,45830.000000,315414.000000,17911.000000,112000386.000000,0.000000
337000054.000000,8716.000000,45397.000000,315532.000000,17799.000000,112333717.000000,0.000000
338000470.000000,8722.000000,46262.000000,315492.000000,17980.000000,112667189.000000,0.000000
339000124.000000,8706.000000,46015.000000,315276.000000,17942.000000,113000407.000000,0.000000
340000150.000000,8726.000000,45979.000000,315379.000000,17963.000000,113333749.000000,0.000000
341000182.000000,8710.000000,45839.000000,315458.000000,17886.000000,113667093.000000,0.000000
342000406.000000,8719.000000,45742.000000,315543.000000,17865.000000,114000501.000000,0.000000
343000534.000000,8712.000000,45957.000000,315453.000000,17924.000000,114333878.000000,0.000000
344000572.000000,8727.000000,45971.000000,315371.000000,17974.000000,114667223.000000,0.000000
345000214.000000,8708.000000,45784.000000,315348.000000,17866.000000,115000437.000000,0.000000
346000054.000000,8718.000000,45789.000000,315386.000000,17895.000000,115333718.000000,0.000000
347000092.000000,8708.000000,46188.000000,315410.000000,17935.000000,115667063.000000,0.000000
348000118.000000,8719.000000,45748.000000,315443.000000,17899.000000,116000405.000000,0.000000
349000438.000000,8723.000000,46049.000000,315475.000000,17965.000000,116333845.000000,0.000000
350000278.000000,8711.000000,46008.000000,315332.000000,17948.000000,116667125.000000,0.000000
351000022.000000,8715.000000,45448.000000,315441.000000,17807.000000,117000373.000000,0.000000
352000054.000000,8722.000000,46061.000000,315414.000000,17930.000000,117333717.000000,0.000000
353000438.000000,8596.000000,45196.000000,314433.000000,17936.000000,117666086.000000,8.000000
354000368.000000,8716.000000,45204.000000,315549.000000,17761.000000,117999396.000000,0.000000
355000208.000000,8741.000000,46277.000000,315251.000000,18029.000000,118332676.000000,0.000000
356000144.000000,8732.000000,45296.000000,315500.000000,17812.000000,118665988.000000,0.000000
357000374.000000,8739.000000,45268.000000,315570.000000,17840.000000,118999398.000000,0.000000
358000208.000000,8738.000000,45653.000000,315381.000000,17897.000000,119332676.000000,0.000000
359000432.000000,8719.000000,46127.000000,315416.000000,17992.000000,119666084.000000,0.000000
360000368.000000,8713.000000,46112.000000,315356.000000,17956.000000,119999396.000000,0.000000
361000214.000000,8715.000000,45711.000000,315420.000000,17862.000000,120332678.000000,0.000000
362000528.000000,8720.000000,45851.000000,315556.000000,17882.000000,120666116.000000,0.000000
363000272.000000,8713.000000,45833.000000,315332.000000,17916.000000,120999364.000000,0.000000
364000304.000000,8719.000000,46198.000000,315335.000000,18009.000000,121332708.000000,0.000000
365000054.000000,8705.000000,45810.000000,315368.000000,17882.000000,121665958.000000,0.000000
366000176.000000,8725.000000,45541.000000,315547.000000,17827.000000,121999332.000000,0.000000
367000016.000000,8715.000000,46136.000000,315327.000000,17953.000000,122332612.000000,0.000000
368000048.000000,8714.000000,45996.000000,315395.000000,17949.000000,122665956.000000,0.000000
369000272.000000,8718.000000,46112.000000,315432.000000,17976.000000,122999364.000000,0.000000
370000112.000000,8719.000000,45697.000000,315412.000000,17868.000000,123332644.000000,0.000000
371000144.000000,8717.000000,45811.000000,315463.000000,17881.000000,123665988.000000,0.000000
372000080.000000,8715.000000,45872.000000,315417.000000,17896.000000,123999301.000000,0.000000
373000016.000000,8714.000000,46064.000000,315316.000000,17996.000000,124332613.000000,0.000000
374000336.000000,8716.000000,45842.000000,315558.000000,17881.000000,124666052.000000,0.000000
375000560.000000,8722.000000,45696.000000,315526.000000,17882.000000,124999460.000000,0.000000
376000208.000000,8714.000000,46215.000000,315257.000000,17959.000000,125332676.000000,0.000000
377000432.000000,8710.000000,45826.000000,315507.000000,17901.000000,125666084.000000,0.000000
378000272.000000,8723.000000,45990.000000,315326.000000,17954.000000,125999364.000000,0.000000
379000400.000000,8716.000000,45949.000000,315441.000000,17935.000000,126332740.000000,0.000000
380000432.000000,8721.000000,45616.000000,315496.000000,17848.000000,126666084.000000,0.000000
381000080.000000,8708.000000,45885.000000,315330.000000,17886.000000,126999300.000000,0.000000
382000502.000000,8723.000000,46087.000000,315488.000000,17986.000000,127332774.000000,0.000000
383000048.000000,8712.000000,46127.000000,315228.000000,17954.000000,127665956.000000,0.000000
384000464.000000,8718.000000,45720.000000,315598.000000,17874.000000,127999428.000000,0.000000
385000400.000000,8717.000000,45856.000000,315428.000000,17884.000000,128332740.000000,0.000000
386000438.000000,8712.000000,45830.000000,315439.000000,17907.000000,128666086.000000,0.000000
387000080.000000,8721.000000,46149.000000,315220.000000,17994.000000,128999300.000000,0.000000
388000400.000000,8711.000000,45860.000000,315533.000000,17907.000000,129332740.000000,0.000000
389000240.000000,8719.000000,45521.000000,315459.000000,17821.000000,129666020.000000,0.000000
390000086.000000,8713.000000,46154.000000,315333.000000,17949.000000,129999302.000000,0.000000
391000208.000000,8718.000000,45991.000000,315427.000000,17947.000000,130332676.000000,0.000000
392000336.000000,8721.000000,46137.000000,315389.000000,17987.000000,130666052.000000,0.000000
393000368.000000,8713.000000,45704.000000,315481.000000,17863.000000,130999396.000000,0.000000
394000208.000000,8712.000000,45803.000000,315401.000000,17879.000000,131332676.000000,0.000000
395000048.000000,8717.000000,45878.000000,315386.000000,17894.000000,131665956.000000,0.000000
396000368.000000,8726.000000,46054.000000,315441.000000,17999.000000,131999396.000000,0.000000
397000208.000000,8709.000000,45840.000000,315393.000000,17887.000000,132332676.000000,0.000000
398000015.000000,8712.000000,45698.000000,315390.000000,17873.000000,132665939.000000,0.000000
399000368.000000,8723.000000,46242.000000,315491.000000,17966.000000,132999396.000000,0.000000
400000073.000000,8714.000000,45802.000000,315335.000000,17895.000000,133332626.000000,0.000000
401000240.000000,8720.000000,46025.000000,315426.000000,17968.000000,133666020.000000,0.000000
402000368.000000,8710.000000,45895.000000,315458.000000,17918.000000,133999396.000000,0.000000
403000345.000000,8504.000000,44270.000000,313074.000000,17908.000000,134330378.000000,11.000000
404000377.000000,8720.000000,44580.000000,315707.000000,17637.000000,134663722.000000,0.000000
405000409.000000,8722.000000,45927.000000,315404.000000,17940.000000,134997066.000000,0.000000
406000729.000000,8716.000000,46228.000000,315474.000000,17966.000000,135330506.000000,0.000000
407000089.000000,8710.000000,45879.000000,315212.000000,17908.000000,135663626.000000,0.000000
408000121.000000,8725.000000,46033.000000,315368.000000,17976.000000,135996970.000000,0.000000
409000057.000000,8713.000000,45826.000000,315410.000000,17902.000000,136330282.000000,0.000000
410000473.000000,8715.000000,45680.000000,315623.000000,17850.000000,136663755.000000,0.000000
411000217.000000,8718.000000,45914.000000,315342.000000,17905.000000,136997002.000000,0.000000
412000057.000000,8720.000000,46053.000000,315296.000000,17984.000000,137330282.000000,0.000000
413000377.000000,8715.000000,45939.000000,315523.000000,17917.000000,137663722.000000,0.000000
414000217.000000,8710.000000,45728.000000,315410.000000,17869.000000,137997001.000000,0.000000
415000255.000000,8720.000000,45904.000000,315467.000000,17880.000000,138330348.000000,0.000000
416000185.000000,8716.000000,45848.000000,315373.000000,17937.000000,138663658.000000,0.000000
417000313.000000,8720.000000,46183.000000,315393.000000,17983.000000,138997034.000000,0.000000
418000018.000000,8704.000000,45893.000000,315317.000000,17913.000000,139330264.000000,0.000000
419000281.000000,8726.000000,45487.000000,315610.000000,17816.000000,139663690.000000,0.000000
420000601.000000,8723.000000,46205.000000,315469.000000,17971.000000,139997130.000000,0.000000
421000441.000000,8711.000000,45931.000000,315343.000000,17937.000000,140330410.000000,0.000000
422000281.000000,8715.000000,46171.000000,315292.000000,17988.000000,140663690.000000,0.000000
423000415.000000,8715.000000,45776.000000,315511.000000,17867.000000,140997068.000000,0.000000
424000345.000000,8718.000000,45749.000000,315436.000000,17874.000000,141330378.000000,0.000000
425000473.000000,8715.000000,45838.000000,315483.000000,17893.000000,141663754.000000,0.000000
426000025.000000,8715.000000,46083.000000,315199.000000,17985.000000,141996938.000000,0.000000
427000153.000000,8716.000000,45885.000000,315464.000000,17912.000000,142330314.000000,0.000000
428000377.000000,8719.000000,45594.000000,315563.000000,17845.000000,142663722.000000,0.000000
429000409.000000,8716.000000,46257.000000,315372.000000,17972.000000,142997066.000000,0.000000
430000441.000000,8713.000000,45936.000000,315415.000000,17929.000000,143330410.000000,0.000000
431000191.000000,8720.000000,45972.000000,315294.000000,17956.000000,143663660.000000,0.000000
432000217.000000,8716.000000,45819.000000,315441.000000,17901.000000,143997002.000000,0.000000
433000153.000000,8715.000000,45690.000000,315470.000000,17842.000000,144330314.000000,0.000000
434000281.000000,8716.000000,45985.000000,315443.000000,17933.000000,144663690.000000,0.000000
435000409.000000,8719.000000,46033.000000,315395.000000,17980.000000,144997065.000000,0.000000
436000057.000000,8717.000000,45841.000000,315328.000000,17889.000000,145330282.000000,0.000000
437000377.000000,8719.000000,45783.000000,315553.000000,17887.000000,145663722.000000,0.000000
438000025.000000,8707.000000,45976.000000,315325.000000,17891.000000,145996938.000000,0.000000
439000153.000000,8714.000000,45845.000000,315437.000000,17938.000000,146330313.000000,0.000000
440000473.000000,8728.000000,46148.000000,315470.000000,17971.000000,146663754.000000,0.000000
441000025.000000,8705.000000,45867.000000,315276.000000,17908.000000,146996938.000000,0.000000
442000153.000000,8724.000000,45504.000000,315548.000000,17828.000000,147330314.000000,0.000000
443000377.000000,8714.000000,46227.000000,315443.000000,17965.000000,147663722.000000,0.000000
444000217.000000,8716.000000,45902.000000,315352.000000,17928.000000,147997002.000000,0.000000
445000057.000000,8717.000000,46169.000000,315284.000000,17996.000000,148330282.000000,0.000000
446000281.000000,8718.000000,45777.000000,315535.000000,17873.000000,148663690.000000,0.000000
447000217.000000,8714.000000,45747.000000,315441.000000,17871.000000,148997002.000000,0.000000
448000447.000000,8715.000000,45869.000000,315519.000000,17891.000000,149330412.000000,0.000000
449000003.000000,8722.000000,46056.000000,315199.000000,17985.000000,149663596.000000,0.000000
450000025.000000,8708.000000,45829.000000,315449.000000,17893.000000,149996938.000000,0.000000
451000345.000000,8719.000000,45591.000000,315588.000000,17852.000000,150330378.000000,0.000000
452000095.000000,8715.000000,46287.000000,315277.000000,17973.000000,150663628.000000,0.000000
453000409.000000,8717.000000,45963.000000,315503.000000,17935.000000,150997066.000000,0.000000
454000002.000000,8267.000000,42463.000000,310475.000000,17870.000000,151325411.000000,23.000000
455000361.000000,8741.000000,46203.000000,315446.000000,18012.000000,151658869.000000,0.000000
456000009.000000,8740.000000,45248.000000,315416.000000,17800.000000,151992085.000000,0.000000
457000425.000000,8739.000000,45365.000000,315594.000000,17878.000000,152325557.000000,0.000000
458000361.000000,8736.000000,45834.000000,315391.000000,17921.000000,152658869.000000,0.000000
459000105.000000,8708.000000,45930.000000,315316.000000,17932.000000,152992117.000000,0.000000
460000041.000000,8723.000000,46141.000000,315321.000000,17991.000000,153325429.000000,0.000000
461000073.000000,8713.000000,45795.000000,315466.000000,17878.000000,153658773.000000,0.000000
462000105.000000,8716.000000,45806.000000,315466.000000,17878.000000,153992117.000000,0.000000
463000002.000000,8716.000000,45852.000000,315395.000000,17899.000000,154325411.000000,0.000000
464000034.000000,8722.000000,46132.000000,315350.000000,17994.000000,154658755.000000,0.000000
465000009.000000,8709.000000,45764.000000,315447.000000,17883.000000,154992085.000000,0.000000
466000329.000000,8720.000000,45577.000000,315595.000000,17845.000000,155325525.000000,0.000000
467000265.000000,8714.000000,46237.000000,315346.000000,17966.000000,155658837.000000,0.000000
468000009.000000,8712.000000,45942.000000,315321.000000,17927.000000,155992085.000000,0.000000
469000329.000000,8726.000000,46123.000000,315441.000000,17999.000000,156325525.000000,0.000000
470000169.000000,8710.000000,45668.000000,315430.000000,17850.000000,156658805.000000,0.000000
471000105.000000,8720.000000,45791.000000,315434.000000,17879.000000,156992118.000000,0.000000
472000335.000000,8713.000000,45974.000000,315487.000000,17922.000000,157325527.000000,0.000000
473000034.000000,8725.000000,46025.000000,315248.000000,17980.000000,157658755.000000,0.000000
474000201.000000,8710.000000,45749.000000,315522.000000,17872.000000,157992149.000000,0.000000
475000233.000000,8717.000000,45708.000000,315476.000000,17868.000000,158325493.000000,0.000000
476000271.000000,8711.000000,46209.000000,315402.000000,17944.000000,158658839.000000,0.000000
477000489.000000,8719.000000,45814.000000,315481.000000,17925.000000,158992245.000000,0.000000
478000329.000000,8721.000000,46050.000000,315329.000000,17951.000000,159325525.000000,0.000000
479000073.000000,8707.000000,45954.000000,315310.000000,17938.000000,159658773.000000,0.000000
480000111.000000,8719.000000,45530.000000,315523.000000,17823.000000,159992119.000000,0.000000
481000137.000000,8721.000000,46091.000000,315407.000000,17935.000000,160325461.000000,0.000000
482000265.000000,8715.000000,45949.000000,315431.000000,17945.000000,160658837.000000,0.000000
483000105.000000,8718.000000,46138.000000,315292.000000,17988.000000,160992117.000000,0.000000
484000041.000000,8708.000000,45849.000000,315420.000000,17891.000000,161325428.000000,0.000000
485000028.000000,8726.000000,45722.000000,315473.000000,17853.000000,161658754.000000,0.000000
486000105.000000,8713.000000,45833.000000,315464.000000,17899.000000,161992117.000000,0.000000
487000233.000000,8719.000000,46179.000000,315369.000000,18007.000000,162325493.000000,0.000000
488000457.000000,8710.000000,45850.000000,315505.000000,17903.000000,162658901.000000,0.000000
489000009.000000,8717.000000,45463.000000,315371.000000,17813.000000,162992085.000000,0.000000
490000425.000000,8723.000000,46296.000000,315487.000000,17985.000000,163325557.000000,0.000000
491000073.000000,8710.000000,45891.000000,315292.000000,17924.000000,163658773.000000,0.000000
492000201.000000,8719.000000,46150.000000,315378.000000,17998.000000,163992149.000000,0.000000
493000335.000000,8714.000000,45684.000000,315529.000000,17849.000000,164325527.000000,0.000000
494000169.000000,8720.000000,45748.000000,315408.000000,17870.000000,164658805.000000,0.000000
495000201.000000,8715.000000,45998.000000,315409.000000,17935.000000,164992149.000000,0.000000
496000041.000000,8721.000000,45996.000000,315309.000000,17972.000000,165325430.000000,0.000000
497000271.000000,8709.000000,45729.000000,315553.000000,17856.000000,165658839.000000,0.000000
498000105.000000,8719.000000,45736.000000,315398.000000,17880.000000,165992117.000000,0.000000
499000233.000000,8714.000000,46187.000000,315432.000000,17944.000000,166325493.000000,0.000000
500000361.000000,8716.000000,45837.000000,315444.000000,17932.000000,166658869.000000,0.000000
501000111.000000,8714.000000,46066.000000,315307.000000,17943.000000,166992119.000000,0.000000
502000425.000000,8717.000000,45974.000000,315492.000000,17946.000000,167325557.000000,0.000000
503000169.000000,8724.000000,45450.000000,315433.000000,17815.000000,167658805.000000,0.000000
504000073.000000,7822.000000,41574.000000,304952.000000,18537.000000,167982294.000000,44.000000
505000105.000000,8752.000000,45368.000000,315405.000000,17938.000000,168315637.000000,0.000000
506000233.000000,8725.000000,46334.000000,315318.000000,18058.000000,168649013.000000,0.000000
507000169.000000,8711.000000,45802.000000,315419.000000,17893.000000,168982325.000000,0.000000
508000201.000000,8715.000000,45538.000000,315510.000000,17834.000000,169315669.000000,0.000000
509000431.000000,8721.000000,46266.000000,315439.000000,17971.000000,169649079.000000,0.000000
510000073.000000,8713.000000,45903.000000,315287.000000,17927.000000,169982293.000000,0.000000
511000201.000000,8723.000000,46128.000000,315378.000000,17998.000000,170315669.000000,0.000000
512000041.000000,8709.000000,45682.000000,315429.000000,17852.000000,170648950.000000,0.000000
513000463.000000,8718.000000,45794.000000,315601.000000,17872.000000,170982423.000000,0.000000
514000201.000000,8716.000000,45966.000000,315319.000000,17927.000000,171315669.000000,0.000000
515000329.000000,8723.000000,46007.000000,315401.000000,17975.000000,171649045.000000,0.000000
516000457.000000,8712.000000,45760.000000,315504.000000,17872.000000,171982421.000000,0.000000
517000111.000000,8712.000000,45693.000000,315357.000000,17861.000000,172315639.000000,0.000000
518000137.000000,8719.000000,46220.000000,315386.000000,17956.000000,172648981.000000,0.000000
519000169.000000,8712.000000,45806.000000,315425.000000,17919.000000,172982325.000000,0.000000
520000105.000000,8717.000000,46070.000000,315361.000000,17951.000000,173315637.000000,0.000000
521000329.000000,8712.000000,45967.000000,315466.000000,17942.000000,173649045.000000,0.000000
522000073.000000,8725.000000,45484.000000,315430.000000,17818.000000,173982293.000000,0.000000
523000009.000000,8717.000000,46155.000000,315364.000000,17949.000000,174315606.000000,0.000000
524000233.000000,8714.000000,45923.000000,315468.000000,17939.000000,174649013.000000,0.000000
525000073.000000,8712.000000,46159.000000,315294.000000,17987.000000,174982294.000000,0.000000
526000297.000000,8723.000000,45841.000000,315515.000000,17892.000000,175315701.000000,0.000000
527000233.000000,8715.000000,45698.000000,315468.000000,17844.000000,175649013.000000,0.000000
528000457.000000,8717.000000,45825.000000,315506.000000,17902.000000,175982421.000000,0.000000
529000009.000000,8713.000000,46231.000000,315167.000000,18018.000000,176315606.000000,0.000000
530000329.000000,8717.000000,45834.000000,315542.000000,17897.000000,176649045.000000,0.000000
531000169.000000,8717.000000,45475.000000,315459.000000,17821.000000,176982325.000000,0.000000
532000297.000000,8721.000000,46260.000000,315399.000000,17977.000000,177315701.000000,0.000000
533000137.000000,8708.000000,45860.000000,315366.000000,17914.000000,177648981.000000,0.000000
534000463.000000,8725.000000,46205.000000,315434.000000,18008.000000,177982423.000000,0.000000
535000201.000000,8711.000000,45661.000000,315397.000000,17849.000000,178315669.000000,0.000000
536000041.000000,8717.000000,45740.000000,315413.000000,17867.000000,178648949.000000,0.000000
537000073.000000,8713.000000,45992.000000,315412.000000,17932.000000,178982293.000000,0.000000
538000015.000000,8722.000000,45993.000000,315349.000000,17965.000000,179315607.000000,0.000000
539000041.000000,8711.000000,45725.000000,315480.000000,17862.000000,179648949.000000,0.000000
540000265.000000,8721.000000,45792.000000,315514.000000,17894.000000,179982357.000000,0.000000
541000201.000000,8713.000000,46157.000000,315374.000000,17938.000000,180315669.000000,0.000000
542000521.000000,8713.000000,45846.000000,315508.000000,17931.000000,180649108.000000,0.000000
543000169.000000,8725.000000,46041.000000,315273.000000,17944.000000,180982325.000000,0.000000
544000297.000000,8709.000000,45983.000000,315431.000000,17945.000000,181315701.000000,0.000000
545000002.000000,8720.000000,45452.000000,315418.000000,17812.000000,181648931.000000,0.000000
546000265.000000,8714.000000,46174.000000,315478.000000,17948.000000,181982357.000000,0.000000
547000105.000000,8719.000000,45902.000000,315345.000000,17935.000000,182315637.000000,0.000000
548000233.000000,8719.000000,46178.000000,315385.000000,17991.000000,182649013.000000,0.000000
549000169.000000,8712.000000,45829.000000,315428.000000,17884.000000,182982325.000000,0.000000
550000009.000000,8711.000000,45743.000000,315424.000000,17857.000000,183315606.000000,0.000000
551000047.000000,8722.000000,45780.000000,315450.000000,17895.000000,183648951.000000,0.000000
552000361.000000,8720.000000,46293.000000,315408.000000,18030.000000,183982389.000000,0.000000
553000009.000000,8710.000000,45812.000000,315319.000000,17897.000000,184315605.000000,0.000000
554002227.000000,8262.000000,42510.000000,310871.000000,20061.000000,184646537.000000,41.000000
555000393.000000,7419.000000,37795.000000,299167.000000,16951.000000,184962655.000000,21.000000
556000041.000000,8735.000000,45831.000000,315224.000000,17992.000000,185295871.000000,0.000000
557000265.000000,8734.000000,46024.000000,315383.000000,18025.000000,185629279.000000,0.000000
558000393.000000,8712.000000,45984.000000,315444.000000,17931.000000,185962654.000000,0.000000
559000521.000000,8728.000000,46022.000000,315403.000000,17974.000000,186296031.000000,0.000000
560000457.000000,8713.000000,45802.000000,315427.000000,17885.000000,186629343.000000,0.000000
561000297.000000,8713.000000,45782.000000,315395.000000,17885.000000,186962623.000000,0.000000
562000137.000000,8708.000000,46041.000000,315377.000000,17904.000000,187295904.000000,0.000000
563000361.000000,8725.000000,45817.000000,315475.000000,17932.000000,187629311.000000,0.000000
564000105.000000,8717.000000,46104.000000,315289.000000,17959.000000,187962559.000000,0.000000
565000041.000000,8708.000000,45890.000000,315393.000000,17919.000000,188295871.000000,0.000000
566000457.000000,8724.000000,45530.000000,315639.000000,17833.000000,188629343.000000,0.000000
567000201.000000,8717.000000,46200.000000,315295.000000,17953.000000,188962591.000000,0.000000
568000041.000000,8715.000000,45936.000000,315338.000000,17943.000000,189295872.000000,0.000000
569000073.000000,8716.000000,46136.000000,315354.000000,17989.000000,189629215.000000,0.000000
570000201.000000,8714.000000,45741.000000,315516.000000,17860.000000,189962591.000000,0.000000
571000239.000000,8719.000000,45785.000000,315468.000000,17878.000000,190295937.000000,0.000000
572000265.000000,8714.000000,45870.000000,315446.000000,17896.000000,190629279.000000,0.000000
573000585.000000,8724.000000,46079.000000,315447.000000,17993.000000,190962719.000000,0.000000
574000002.000000,8707.000000,45826.000000,315241.000000,17893.000000,191295853.000000,0.000000
575000175.000000,8717.000000,45582.000000,315558.000000,17838.000000,191629249.000000,0.000000
576000105.000000,8719.000000,46262.000000,315331.000000,17979.000000,191962559.000000,0.000000
577000233.000000,8712.000000,45982.000000,315441.000000,17935.000000,192295935.000000,0.000000
578000001.000000,8723.000000,46031.000000,315277.000000,17980.000000,192629192.000000,0.000000
579000015.000000,8709.000000,45711.000000,315476.000000,17861.000000,192962529.000000,0.000000
580000425.000000,8722.000000,45794.000000,315600.000000,17870.000000,193295999.000000,0.000000
581000073.000000,8712.000000,45982.000000,315286.000000,17930.000000,193629215.000000,0.000000
582000393.000000,8725.000000,46025.000000,315458.000000,17982.000000,193962655.000000,0.000000
583000329.000000,8708.000000,45741.000000,315447.000000,17865.000000,194295967.000000,0.000000
584000457.000000,8723.000000,45754.000000,315495.000000,17881.000000,194629343.000000,0.000000
585000009.000000,8710.000000,46156.000000,315250.000000,17935.000000,194962528.000000,0.000000
586000809.000000,8718.000000,45788.000000,315675.000000,17924.000000,195296127.000000,0.000000
587000073.000000,8712.000000,46064.000000,315148.000000,17940.000000,195629215.000000,0.000000
588000105.000000,8717.000000,45947.000000,315405.000000,17940.000000,195962560.000000,0.000000
589000425.000000,8725.000000,45487.000000,315614.000000,17825.000000,196295999.000000,0.000000
590000073.000000,8713.000000,46142.000000,315273.000000,17943.000000,196629215.000000,0.000000
591000393.000000,8716.000000,45958.000000,315493.000000,17947.000000,196962655.000000,0.000000
592000521.000000,8720.000000,46153.000000,315386.000000,17990.000000,197296031.000000,0.000000
593000457.000000,8715.000000,45779.000000,315439.000000,17873.000000,197629343.000000,0.000000
594000031.000000,8717.000000,45793.000000,315312.000000,17879.000000,197962534.000000,0.000000
595000137.000000,8709.000000,45842.000000,315479.000000,17890.000000,198295903.000000,0.000000
596000367.000000,8722.000000,46134.000000,315415.000000,17995.000000,198629313.000000,0.000000
597000393.000000,8714.000000,45779.000000,315452.000000,17890.000000,198962655.000000,0.000000
598000041.000000,8714.000000,45559.000000,315380.000000,17836.000000,199295871.000000,0.000000
599000034.000000,8717.000000,46244.000000,315353.000000,17973.000000,199629197.000000,0.000000
600000207.000000,8712.000000,45964.000000,315467.000000,17929.000000,199962593.000000,0.000000
601000041.000000,8723.000000,46094.000000,315288.000000,17990.000000,200295871.000000,0.000000
602000553.000000,8717.000000,45702.000000,315639.000000,17865.000000,200629375.000000,0.000000
603000297.000000,8715.000000,45773.000000,315379.000000,17869.000000,200962623.000000,0.000000
604000047.000000,8711.000000,45958.000000,315333.000000,17917.000000,201295873.000000,0.000000
605000325.000000,5504.000000,25118.000000,268397.000000,25479.000000,201589749.000000,41.000000
606000453.000000,8737.000000,46094.000000,315257.000000,18119.000000,201923125.000000,2.000000
607000389.000000,8722.000000,45444.000000,315500.000000,17812.000000,202256437.000000,0.000000
608000331.000000,8716.000000,46199.000000,315352.000000,17962.000000,202589751.000000,0.000000
609000357.000000,8717.000000,45950.000000,315401.000000,17941.000000,202923093.000000,0.000000
610000197.000000,8716.000000,46176.000000,315289.000000,17991.000000,203256373.000000,0.000000
611000229.000000,8714.000000,45770.000000,315473.000000,17871.000000,203589717.000000,0.000000
612000267.000000,8713.000000,45737.000000,315482.000000,17864.000000,203923063.000000,0.000000
613000293.000000,8720.000000,45827.000000,315451.000000,17891.000000,204256405.000000,0.000000
614000133.000000,8720.000000,46126.000000,315283.000000,17998.000000,204589686.000000,0.000000
615000069.000000,8711.000000,45829.000000,315408.000000,17903.000000,204922997.000000,0.000000
616000197.000000,8712.000000,45657.000000,315528.000000,17848.000000,205256373.000000,0.000000
617000229.000000,8721.000000,46229.000000,315376.000000,17968.000000,205589717.000000,0.000000
618000357.000000,8714.000000,45932.000000,315448.000000,17928.000000,205923093.000000,0.000000
619000101.000000,8725.000000,45993.000000,315279.000000,17969.000000,206256341.000000,0.000000
620000094.000000,8711.000000,45839.000000,315425.000000,17901.000000,206589667.000000,0.000000
621000069.000000,8717.000000,45668.000000,315488.000000,17842.000000,206922997.000000,0.000000
622000101.000000,8718.000000,45946.000000,315425.000000,17920.000000,207256342.000000,0.000000
623000037.000000,8718.000000,46022.000000,315334.000000,17977.000000,207589653.000000,0.000000
624000261.000000,8713.000000,45907.000000,315502.000000,17906.000000,207923061.000000,0.000000
625000101.000000,8715.000000,45760.000000,315408.000000,17872.000000,208256341.000000,0.000000
626000517.000000,8719.000000,45939.000000,315577.000000,17895.000000,208589813.000000,0.000000
627000069.000000,8717.000000,45844.000000,315248.000000,17937.000000,208922998.000000,0.000000
628000101.000000,8710.000000,46156.000000,315374.000000,17969.000000,209256341.000000,0.000000
629000139.000000,8713.000000,45899.000000,315432.000000,17914.000000,209589687.000000,0.000000
630000069.000000,8723.000000,45489.000000,315488.000000,17822.000000,209922997.000000,0.000000
631000197.000000,8718.000000,46203.000000,315412.000000,17964.000000,210256373.000000,0.000000
632000037.000000,8715.000000,45916.000000,315344.000000,17937.000000,210589654.000000,0.000000
633000171.000000,8715.000000,46177.000000,315388.000000,17989.000000,210923031.000000,0.000000
634000389.000000,8719.000000,45772.000000,315534.000000,17872.000000,211256437.000000,0.000000
635000133.000000,8714.000000,45761.000000,315374.000000,17874.000000,211589685.000000,0.000000
636000069.000000,8713.000000,45826.000000,315425.000000,17887.000000,211922997.000000,0.000000
637000107.000000,8718.000000,46091.000000,315360.000000,17986.000000,212256343.000000,0.000000
638000421.000000,8719.000000,45894.000000,315519.000000,17919.000000,212589781.000000,0.000000
639000261.000000,8714.000000,45537.000000,315450.000000,17830.000000,212923061.000000,0.000000
640000389.000000,8720.000000,46302.000000,315390.000000,17986.000000,213256437.000000,0.000000
641000133.000000,8705.000000,45922.000000,315331.000000,17917.000000,213589685.000000,0.000000
642000069.000000,8730.000000,46007.000000,315339.000000,17974.000000,213922998.000000,0.000000
643000197.000000,8715.000000,45794.000000,315479.000000,17896.000000,214256373.000000,0.000000
644000421.000000,8715.000000,45730.000000,315559.000000,17849.000000,214589781.000000,0.000000
645000069.000000,8710.000000,45982.000000,315287.000000,17930.000000,214922998.000000,0.000000
646000005.000000,8724.000000,46001.000000,315345.000000,17966.000000,215256309.000000,0.000000
647000037.000000,8718.000000,45819.000000,315450.000000,17893.000000,215589652.000000,0.000000
648000357.000000,8714.000000,45807.000000,315549.000000,17892.000000,215923093.000000,0.000000
649000293.000000,8709.000000,46015.000000,315414.000000,17898.000000,216256405.000000,0.000000
650000427.000000,8721.000000,45830.000000,315446.000000,17932.000000,216589783.000000,0.000000
651000165.000000,8718.000000,46095.000000,315288.000000,17958.000000,216923029.000000,0.000000
652000005.000000,8708.000000,45892.000000,315361.000000,17919.000000,217256309.000000,0.000000
653000133.000000,8725.000000,45523.000000,315544.000000,17833.000000,217589686.000000,0.000000
654000171.000000,8715.000000,46216.000000,315391.000000,17954.000000,217923031.000000,0.000000
655000005.000000,8714.000000,45905.000000,315343.000000,17935.000000,218256309.000000,0.000000
656000594.000000,4961.000000,17851.000000,268074.000000,24137.000000,218548520.000000,12.000000
657000129.000000,6509.000000,32218.000000,267677.000000,26688.000000,218842885.000000,15.000000
658000026.000000,8737.000000,45326.000000,315458.000000,17835.000000,219176178.000000,0.000000
659000097.000000,8714.000000,46776.000000,315271.000000,18091.000000,219509540.000000,0.000000
660000225.000000,8729.000000,45802.000000,315414.000000,17962.000000,219842916.000000,0.000000
661000026.000000,8746.000000,46027.000000,315180.000000,18082.000000,220176178.000000,0.000000
662000001.000000,8723.000000,45992.000000,315349.000000,17981.000000,220509508.000000,0.000000
663000321.000000,8716.000000,45757.000000,315575.000000,17865.000000,220842948.000000,0.000000
664000353.000000,8719.000000,45791.000000,315450.000000,17894.000000,221176292.000000,0.000000
665000193.000000,8718.000000,46268.000000,315257.000000,18023.000000,221509572.000000,0.000000
666000321.000000,8714.000000,45835.000000,315471.000000,17905.000000,221842948.000000,0.000000
667000065.000000,8712.000000,45380.000000,315453.000000,17795.000000,222176196.000000,0.000000
668000199.000000,8723.000000,46313.000000,315392.000000,17986.000000,222509574.000000,0.000000
669000417.000000,8715.000000,45886.000000,315480.000000,17926.000000,222842980.000000,0.000000
670000026.000000,8722.000000,46130.000000,315206.000000,17992.000000,223176178.000000,0.000000
671000097.000000,8710.000000,45728.000000,315497.000000,17866.000000,223509541.000000,0.000000
672000135.000000,8716.000000,45759.000000,315487.000000,17858.000000,223842886.000000,0.000000
673000161.000000,8716.000000,45935.000000,315419.000000,17923.000000,224176228.000000,0.000000
674000193.000000,8722.000000,46028.000000,315363.000000,17981.000000,224509572.000000,0.000000
675000225.000000,8710.000000,45749.000000,315475.000000,17869.000000,224842916.000000,0.000000
676000545.000000,8716.000000,45843.000000,315542.000000,17899.000000,225176357.000000,0.000000
677000583.000000,8720.000000,46070.000000,315424.000000,17921.000000,225509702.000000,0.000000
678000321.000000,8712.000000,45826.000000,315331.000000,17915.000000,225842948.000000,0.000000
679000026.000000,8719.000000,46055.000000,315273.000000,17957.000000,226176178.000000,0.000000
680000103.000000,8706.000000,46012.000000,315422.000000,17942.000000,226509542.000000,0.000000
681000129.000000,8727.000000,45436.000000,315530.000000,17812.000000,226842884.000000,0.000000
682000353.000000,8719.000000,46123.000000,315462.000000,17946.000000,227176292.000000,0.000000
683000193.000000,8714.000000,45953.000000,315333.000000,17947.000000,227509572.000000,0.000000
684000033.000000,8710.000000,46159.000000,315309.000000,17971.000000,227842852.000000,0.000000
685000353.000000,8721.000000,45865.000000,315542.000000,17898.000000,228176292.000000,0.000000
686000001.000000,8717.000000,45711.000000,315363.000000,17853.000000,228509508.000000,0.000000
687000417.000000,8720.000000,45794.000000,315563.000000,17909.000000,228842980.000000,0.000000
688000257.000000,8712.000000,46299.000000,315259.000000,18021.000000,229176260.000000,0.000000
689000001.000000,8712.000000,45798.000000,315356.000000,17892.000000,229509508.000000,0.000000
690000417.000000,8723.000000,45443.000000,315658.000000,17814.000000,229842980.000000,0.000000
691000161.000000,8715.000000,46190.000000,315290.000000,17958.000000,230176228.000000,0.000000
692000193.000000,8709.000000,46038.000000,315387.000000,17957.000000,230509572.000000,0.000000
693000033.000000,8724.000000,45974.000000,315325.000000,17955.000000,230842852.000000,0.000000
694000026.000000,8714.000000,45848.000000,315433.000000,17893.000000,231176178.000000,0.000000
695000001.000000,8720.000000,45719.000000,315472.000000,17859.000000,231509509.000000,0.000000
696000417.000000,8713.000000,45958.000000,315547.000000,17924.000000,231842980.000000,0.000000
697000263.000000,8722.000000,45991.000000,315308.000000,17974.000000,232176262.000000,0.000000
698000289.000000,8712.000000,45797.000000,315468.000000,17874.000000,232509604.000000,0.000000
699000225.000000,8716.000000,45789.000000,315421.000000,17891.000000,232842916.000000,0.000000
700000353.000000,8714.000000,46157.000000,315437.000000,17939.000000,233176292.000000,0.000000
701000295.000000,8711.000000,45784.000000,315415.000000,17899.000000,233509606.000000,0.000000
702000519.000000,8726.000000,46018.000000,315450.000000,17958.000000,233843014.000000,0.000000
703000026.000000,8709.000000,46043.000000,315211.000000,17953.000000,234176178.000000,0.000000
704000001.000000,8720.000000,45438.000000,315519.000000,17811.000000,234509508.000000,0.000000
705000225.000000,8714.000000,46081.000000,315481.000000,17927.000000,234842916.000000,0.000000
706000263.000000,8721.000000,45960.000000,315391.000000,17955.000000,235176262.000000,0.000000
707000100.000000,6010.000000,28635.000000,287459.000000,29867.000000,235493588.000000,5.000000
708001457.000000,3874.000000,5897.000000,248371.000000,18057.000000,235760016.000000,4.000000
709000064.000000,4286.000000,18771.000000,220219.000000,35263.000000,236015498.000000,21.000000
710000102.000000,8752.000000,45630.000000,315461.000000,17885.000000,236348844.000000,0.000000
711000128.000000,8739.000000,45344.000000,315481.000000,17861.000000,236682186.000000,0.000000
712000064.000000,8736.000000,45567.000000,315437.000000,17875.000000,237015498.000000,0.000000
713000005.000000,8726.000000,45843.000000,315383.000000,17930.000000,237348811.000000,0.000000
714000512.000000,8718.000000,45966.000000,315579.000000,17924.000000,237682314.000000,0.000000
715000160.000000,8721.000000,46030.000000,315236.000000,17980.000000,238015530.000000,0.000000
716000192.000000,8712.000000,45756.000000,315472.000000,17872.000000,238348874.000000,0.000000
717000128.000000,8714.000000,45784.000000,315424.000000,17888.000000,238682186.000000,0.000000
718000064.000000,8715.000000,46091.000000,315397.000000,17915.000000,239015498.000000,0.000000
719000096.000000,8720.000000,45809.000000,315411.000000,17933.000000,239348842.000000,0.000000
720000032.000000,8719.000000,46095.000000,315359.000000,17952.000000,239682153.000000,0.000000
721000019.000000,8708.000000,45916.000000,315394.000000,17932.000000,240015479.000000,0.000000
722000006.000000,8721.000000,45481.000000,315521.000000,17812.000000,240348812.000000,0.000000
723000032.000000,8721.000000,46200.000000,315380.000000,17961.000000,240682153.000000,0.000000
724000256.000000,8714.000000,45957.000000,315460.000000,17949.000000,241015562.000000,0.000000
725000288.000000,8716.000000,46148.000000,315354.000000,17990.000000,241348906.000000,0.000000
726000038.000000,8712.000000,45728.000000,315397.000000,17853.000000,241682156.000000,0.000000
727000025.000000,8722.000000,45787.000000,315439.000000,17885.000000,242015480.000000,0.000000
728000004.000000,8711.000000,45876.000000,315436.000000,17894.000000,242348810.000000,0.000000
729000128.000000,8720.000000,46088.000000,315384.000000,17992.000000,242682186.000000,0.000000
730000256.000000,8709.000000,45819.000000,315487.000000,17889.000000,243015562.000000,0.000000
731000096.000000,8720.000000,45581.000000,315437.000000,17843.000000,243348842.000000,0.000000
732000032.000000,8720.000000,46253.000000,315332.000000,17980.000000,243682154.000000,0.000000
733000160.000000,8713.000000,45980.000000,315441.000000,17935.000000,244015530.000000,0.000000
734000003.000000,8715.000000,46046.000000,315301.000000,17978.000000,244348809.000000,0.000000
735000224.000000,8720.000000,45722.000000,315539.000000,17870.000000,244682218.000000,0.000000
736000019.000000,8717.000000,45773.000000,315398.000000,17863.000000,245015479.000000,0.000000
737000004.000000,8714.000000,45980.000000,315401.000000,17930.000000,245348810.000000,0.000000
738000224.000000,8721.000000,46019.000000,315432.000000,17976.000000,245682218.000000,0.000000
739000256.000000,8710.000000,45753.000000,315473.000000,17871.000000,246015562.000000,0.000000
740000288.000000,8723.000000,45723.000000,315469.000000,17875.000000,246348906.000000,0.000000
741000224.000000,8711.000000,46182.000000,315371.000000,17941.000000,246682218.000000,0.000000
742000160.000000,8710.000000,45782.000000,315396.000000,17916.000000,247015530.000000,0.000000
743000006.000000,8724.000000,46069.000000,315333.000000,17949.000000,247348812.000000,0.000000
744000320.000000,8712.000000,45955.000000,315499.000000,17939.000000,247682250.000000,0.000000
745000448.000000,8725.000000,45485.000000,315551.000000,17825.000000,248015626.000000,0.000000
746000384.000000,8713.000000,46158.000000,315368.000000,17944.000000,248348938.000000,0.000000
747000128.000000,8712.000000,45940.000000,315309.000000,17939.000000,248682186.000000,0.000000
748000064.000000,8720.000000,46132.000000,315325.000000,17987.000000,249015498.000000,0.000000
749000096.000000,8716.000000,45802.000000,315462.000000,17882.000000,249348842.000000,0.000000
750000032.000000,8711.000000,45806.000000,315441.000000,17871.000000,249682154.000000,0.000000
751000070.000000,8716.000000,45827.000000,315453.000000,17893.000000,250015500.000000,0.000000
752000004.000000,8724.000000,46137.000000,315310.000000,18000.000000,250348810.000000,0.000000
753000608.000000,8716.000000,45805.000000,315638.000000,17898.000000,250682346.000000,0.000000
754000025.000000,8714.000000,45552.000000,315298.000000,17836.000000,251015480.000000,0.000000
755000006.000000,8712.000000,46240.000000,315373.000000,17959.000000,251348812.000000,0.000000
756000128.000000,8717.000000,45937.000000,315439.000000,17935.000000,251682186.000000,0.000000
757000256.000000,8723.000000,46128.000000,315378.000000,17998.000000,252015562.000000,0.000000
758000096.000000,8711.000000,45668.000000,315429.000000,17851.000000,252348842.000000,0.000000
759017027.000000,8058.000000,42180.000000,313457.000000,24059.000000,252686358.000000,7.000000
760001155.000000,1821.000000,1302.000000,236478.000000,37727.000000,252960563.000000,0.000000
761001281.000000,10279.000000,16647.000000,290969.000000,39688.000000,253291220.000000,34.000000
762000705.000000,2008.000000,65.000000,239995.000000,9866.000000,253541081.000000,5.000000
763000009.000000,1588.000000,3893.000000,144668.000000,54883.000000,253740632.000000,9.000000
764000041.000000,8738.000000,45412.000000,315453.000000,17891.000000,254073976.000000,0.000000
765000304.000000,8730.000000,45859.000000,315410.000000,18016.000000,254407402.000000,0.000000
766000048.000000,8725.000000,45484.000000,315430.000000,17818.000000,254740650.000000,0.000000
767000464.000000,8719.000000,46155.000000,315522.000000,17950.000000,255074122.000000,0.000000
768000208.000000,8712.000000,45923.000000,315310.000000,17938.000000,255407370.000000,0.000000
769000048.000000,8712.000000,46159.000000,315294.000000,17987.000000,255740651.000000,0.000000
770000272.000000,8723.000000,45841.000000,315515.000000,17892.000000,256074058.000000,0.000000
771000208.000000,8715.000000,45698.000000,315468.000000,17844.000000,256407370.000000,0.000000
772000432.000000,8717.000000,45825.000000,315506.000000,17902.000000,256740778.000000,0.000000
773000464.000000,8716.000000,46234.000000,315324.000000,18020.000000,257074122.000000,0.000000
774000304.000000,8714.000000,45831.000000,315385.000000,17895.000000,257407402.000000,0.000000
775000144.000000,8717.000000,45475.000000,315459.000000,17821.000000,257740682.000000,0.000000
776000272.000000,8721.000000,46260.000000,315399.000000,17977.000000,258074058.000000,0.000000
777000112.000000,8708.000000,45860.000000,315366.000000,17914.000000,258407338.000000,0.000000
778000438.000000,8725.000000,46205.000000,315434.000000,18008.000000,258740780.000000,0.000000
779000176.000000,8711.000000,45661.000000,315397.000000,17849.000000,259074026.000000,0.000000
780000016.000000,8717.000000,45740.000000,315413.000000,17867.000000,259407306.000000,0.000000
781000048.000000,8713.000000,45992.000000,315412.000000,17932.000000,259740650.000000,0.000000
782000470.000000,8725.000000,46018.000000,315501.000000,17973.000000,260074124.000000,0.000000
783000016.000000,8708.000000,45700.000000,315328.000000,17854.000000,260407306.000000,0.000000
784000240.000000,8721.000000,45792.000000,315514.000000,17894.000000,260740714.000000,0.000000
785000176.000000,8713.000000,46157.000000,315374.000000,17938.000000,261074026.000000,0.000000
786000496.000000,8713.000000,45846.000000,315508.000000,17931.000000,261407465.000000,0.000000
787000144.000000,8725.000000,46041.000000,315273.000000,17944.000000,261740682.000000,0.000000
788000272.000000,8709.000000,45983.000000,315431.000000,17945.000000,262074058.000000,0.000000
789000073.000000,8723.000000,45473.000000,315442.000000,17819.000000,262407319.000000,0.000000
790000240.000000,8711.000000,46153.000000,315454.000000,17941.000000,262740714.000000,0.000000
791000080.000000,8719.000000,45902.000000,315345.000000,17935.000000,263073994.000000,0.000000
792000208.000000,8719.000000,46178.000000,315385.000000,17991.000000,263407370.000000,0.000000
793000144.000000,8712.000000,45829.000000,315428.000000,17884.000000,263740682.000000,0.000000
794000041.000000,8714.000000,45757.000000,315430.000000,17864.000000,264073976.000000,0.000000
795000022.000000,8719.000000,45766.000000,315444.000000,17888.000000,264407308.000000,0.000000
796000336.000000,8720.000000,46293.000000,315408.000000,18030.000000,264740746.000000,0.000000
797000041.000000,8713.000000,45832.000000,315326.000000,17904.000000,265073976.000000,0.000000
798000208.000000,8713.000000,45383.000000,315598.000000,17796.000000,265407370.000000,0.000000
799000342.000000,8723.000000,46313.000000,315392.000000,17986.000000,265740748.000000,0.000000
800000560.000000,8715.000000,45886.000000,315480.000000,17926.000000,266074154.000000,0.000000
801000016.000000,8718.000000,46094.000000,315174.000000,17978.000000,266407306.000000,0.000000
802000048.000000,8709.000000,45749.000000,315472.000000,17872.000000,266740650.000000,0.000000
803000278.000000,8721.000000,45774.000000,315544.000000,17866.000000,267074060.000000,0.000000
804000304.000000,8716.000000,45935.000000,315419.000000,17923.000000,267407402.000000,0.000000
805000336.000000,8722.000000,46028.000000,315363.000000,17981.000000,267740746.000000,0.000000
806000368.000000,8710.000000,45749.000000,315475.000000,17869.000000,268074090.000000,0.000000
807000016.000000,8713.000000,45810.000000,315333.000000,17883.000000,268407306.000000,0.000000
808000048.000000,8717.000000,46085.000000,315416.000000,17928.000000,268740650.000000,0.000000
809000464.000000,8718.000000,45844.000000,315548.000000,17924.000000,269074122.000000,0.000000
810000112.000000,8716.000000,46034.000000,315266.000000,17950.000000,269407338.000000,0.000000
811000246.000000,8709.000000,46033.000000,315429.000000,17949.000000,269740716.000000,0.000000
812000272.000000,8727.000000,45436.000000,315530.000000,17812.000000,270074058.000000,0.000000
813000016.000000,8718.000000,46098.000000,315308.000000,17939.000000,270407305.000000,0.000000
814001198.000000,2672.000000,11505.000000,260070.000000,60595.000000,270727970.000000,7.000000
815000142.000000,2356.000000,1767.000000,240312.000000,23560.000000,270991842.000000,0.000000
816001767.000000,9453.000000,25689.000000,274359.000000,47002.000000,271313203.000000,11.000000
817001191.000000,2014.000000,51.000000,239998.000000,9858.000000,271563059.000000,16.000000
818000615.000000,2005.000000,0.000000,240012.000000,9848.000000,271812919.000000,0.000000
819000039.000000,2030.000000,83.000000,240021.000000,9835.000000,272062775.000000,8.000000
820003559.000000,2007.000000,0.000000,240998.000000,9882.000000,272313655.000000,0.000000
821100143.000000,233.000000,15.000000,60049.000000,99447.000000,272473151.000000,7.000000
822000278.000000,7865.000000,40605.000000,284164.000000,15996.000000,272773311.000000,2.000000
823000214.000000,8743.000000,44971.000000,315558.000000,17754.000000,273106623.000000,0.000000
824000534.000000,8733.000000,45287.000000,315598.000000,17843.000000,273440064.000000,0.000000
825000374.000000,8738.000000,46041.000000,315295.000000,17984.000000,273773343.000000,0.000000
826000022.000000,8719.000000,45929.000000,315255.000000,17961.000000,274106559.000000,0.000000
827000438.000000,8720.000000,45580.000000,315622.000000,17850.000000,274440031.000000,0.000000
828000278.000000,8712.000000,46292.000000,315305.000000,17975.000000,274773311.000000,0.000000
829000502.000000,8718.000000,45941.000000,315480.000000,17928.000000,275106719.000000,0.000000
830000246.000000,8722.000000,46004.000000,315275.000000,17973.000000,275439967.000000,0.000000
831000182.000000,8711.000000,45760.000000,315430.000000,17882.000000,275773279.000000,0.000000
832000022.000000,8712.000000,45765.000000,315426.000000,17855.000000,276106560.000000,0.000000
833000054.000000,8719.000000,45969.000000,315419.000000,17924.000000,276439903.000000,0.000000
834000374.000000,8726.000000,46043.000000,315452.000000,17988.000000,276773343.000000,0.000000
835000406.000000,8712.000000,45756.000000,315472.000000,17872.000000,277106687.000000,0.000000
836000342.000000,8714.000000,45784.000000,315424.000000,17888.000000,277439999.000000,0.000000
837000278.000000,8715.000000,46091.000000,315397.000000,17915.000000,277773311.000000,0.000000
838000310.000000,8720.000000,45809.000000,315411.000000,17933.000000,278106655.000000,0.000000
839000150.000000,8714.000000,46078.000000,315336.000000,17944.000000,278439935.000000,0.000000
840000001.000000,8708.000000,45902.000000,315355.000000,17927.000000,278773217.000000,0.000000
841000214.000000,8725.000000,45509.000000,315582.000000,17824.000000,279106623.000000,0.000000
842000150.000000,8719.000000,46173.000000,315358.000000,17954.000000,279439935.000000,0.000000
843000001.000000,8716.000000,45961.000000,315332.000000,17950.000000,279773217.000000,0.000000
844000022.000000,8712.000000,46151.000000,315353.000000,17989.000000,280106559.000000,0.000000
845000252.000000,8717.000000,45751.000000,315549.000000,17861.000000,280439969.000000,0.000000
846000182.000000,8719.000000,45773.000000,315432.000000,17878.000000,280773279.000000,0.000000
847000214.000000,8713.000000,45890.000000,315443.000000,17901.000000,281106623.000000,0.000000
848000342.000000,8721.000000,46088.000000,315384.000000,17992.000000,281439999.000000,0.000000
849000470.000000,8709.000000,45819.000000,315487.000000,17889.000000,281773375.000000,0.000000
850000310.000000,8720.000000,45581.000000,315437.000000,17843.000000,282106655.000000,0.000000
851000246.000000,8720.000000,46253.000000,315332.000000,17980.000000,282439967.000000,0.000000
852000374.000000,8713.000000,45980.000000,315441.000000,17935.000000,282773343.000000,0.000000
853000214.000000,8714.000000,46046.000000,315301.000000,17978.000000,283106622.000000,0.000000
854000438.000000,8721.000000,45722.000000,315539.000000,17870.000000,283440031.000000,0.000000
855000182.000000,8715.000000,45755.000000,315391.000000,17857.000000,283773279.000000,0.000000
856000214.000000,8715.000000,45998.000000,315408.000000,17936.000000,284106623.000000,0.000000
857000015.000000,8717.000000,45998.000000,315294.000000,17968.000000,284439885.000000,0.000000
858000001.000000,8714.000000,45750.000000,315460.000000,17872.000000,284773217.000000,0.000000
859000022.000000,8718.000000,45705.000000,315475.000000,17867.000000,285106559.000000,0.000000
860000015.000000,8716.000000,46221.000000,315371.000000,17955.000000,285439885.000000,0.000000
861000374.000000,8711.000000,45785.000000,315541.000000,17917.000000,285773343.000000,0.000000
862000220.000000,8724.000000,46069.000000,315333.000000,17949.000000,286106625.000000,0.000000
863000534.000000,8712.000000,45955.000000,315499.000000,17939.000000,286440063.000000,0.000000
864000001.000000,8721.000000,45469.000000,315337.000000,17817.000000,286773217.000000,0.000000
865000598.000000,8717.000000,46174.000000,315582.000000,17952.000000,287106751.000000,0.000000
866000342.000000,8712.000000,45940.000000,315309.000000,17939.000000,287439999.000000,0.000000
867000278.000000,8720.000000,46132.000000,315325.000000,17987.000000,287773311.000000,0.000000
868000310.000000,8716.000000,45802.000000,315462.000000,17882.000000,288106655.000000,0.000000
869000246.000000,8711.000000,45806.000000,315441.000000,17871.000000,288439967.000000,0.000000
870000284.000000,8716.000000,45827.000000,315453.000000,17893.000000,288773313.000000,0.000000
871000214.000000,8723.000000,46137.000000,315310.000000,18000.000000,289106623.000000,0.000000
872002419.000000,4097.000000,19696.000000,273899.000000,51537.000000,289432059.000000,7.000000
873000148.000000,859.000000,147.000000,240754.000000,69904.000000,289742717.000000,0.000000
874000788.000000,2360.000000,0.000000,240720.000000,23600.000000,290007037.000000,0.000000
875001428.000000,2360.000000,0.000000,240720.000000,23600.000000,290271357.000000,0.000000
876000372.000000,2356.000000,0.000000,240312.000000,23560.000000,290535229.000000,0.000000
877000845.000000,16505.000000,48071.000000,307684.000000,69222.000000,290912135.000000,15.000000
878000269.000000,2040.000000,90.000000,240024.000000,9835.000000,291161994.000000,26.000000
879001333.000000,2023.000000,51.000000,240409.000000,9853.000000,291412256.000000,5.000000
880002805.000000,2006.000000,0.000000,240495.000000,9873.000000,291662624.000000,0.000000
881002637.000000,2027.000000,55.000000,240139.000000,9823.000000,291912586.000000,8.000000
882000629.000000,2012.000000,23.000000,239647.000000,9847.000000,292162080.000000,21.000000
883000053.000000,2001.000000,0.000000,240019.000000,9840.000000,292411939.000000,0.000000
884000909.000000,2014.000000,38.000000,240358.000000,9860.000000,292662157.000000,3.000000
885000333.000000,2018.000000,37.000000,240018.000000,9838.000000,292912013.000000,6.000000
887133205.000000,342.000000,15.000000,105613.000000,198267.000000,293215893.000000,7.000000
888000220.000000,7593.000000,40349.000000,273301.000000,15820.000000,293505014.000000,2.000000
889000156.000000,8722.000000,45801.000000,315433.000000,17878.000000,293838325.000000,0.000000
890000092.000000,8744.000000,45560.000000,315433.000000,17880.000000,294171638.000000,0.000000
891000412.000000,8743.000000,44822.000000,315711.000000,17728.000000,294505077.000000,0.000000
892000156.000000,8728.000000,45860.000000,315287.000000,17961.000000,294838325.000000,0.000000
893000188.000000,8729.000000,46103.000000,315352.000000,17992.000000,295171669.000000,0.000000
894000508.000000,8719.000000,45927.000000,315549.000000,17891.000000,295505109.000000,0.000000
895000060.000000,8713.000000,45795.000000,315266.000000,17918.000000,295838293.000000,0.000000
896000007.000000,8718.000000,46153.000000,315332.000000,17982.000000,296171607.000000,0.000000
897000706.000000,8710.000000,45900.000000,315660.000000,17908.000000,296505175.000000,0.000000
898000156.000000,8723.000000,45449.000000,315335.000000,17815.000000,296838325.000000,0.000000
899000380.000000,8718.000000,46237.000000,315434.000000,17974.000000,297171733.000000,0.000000
900000412.000000,8714.000000,45958.000000,315402.000000,17942.000000,297505077.000000,0.000000
901000636.000000,8717.000000,46183.000000,315410.000000,17997.000000,297838484.000000,0.000000
902000007.000000,8714.000000,45719.000000,315275.000000,17848.000000,298171607.000000,0.000000
903000316.000000,8721.000000,45723.000000,315561.000000,17877.000000,298505045.000000,0.000000
904000060.000000,8710.000000,45869.000000,315358.000000,17890.000000,298838293.000000,0.000000
905000380.000000,8718.000000,46070.000000,315449.000000,17990.000000,299171732.000000,0.000000
906000124.000000,8717.000000,45842.000000,315350.000000,17899.000000,299504981.000000,0.000000
907000348.000000,8718.000000,45735.000000,315533.000000,17875.000000,299838389.000000,0.000000
908000188.000000,8715.000000,46213.000000,315316.000000,17964.000000,300171669.000000,0.000000
909000124.000000,8706.000000,45862.000000,315409.000000,17904.000000,300504982.000000,0.000000
910000348.000000,8729.000000,46050.000000,315431.000000,17976.000000,300838389.000000,0.000000
911000188.000000,8713.000000,45854.000000,315372.000000,17908.000000,301171669.000000,0.000000
912000412.000000,8720.000000,45602.000000,315570.000000,17838.000000,301505077.000000,0.000000
913000021.000000,8712.000000,45977.000000,315281.000000,17917.000000,301838275.000000,0.000000
914000290.000000,8721.000000,46067.000000,315443.000000,17985.000000,302171703.000000,0.000000
915000316.000000,8717.000000,45940.000000,315426.000000,17916.000000,302505045.000000,0.000000
916000348.000000,8715.000000,45722.000000,315467.000000,17877.000000,302838389.000000,0.000000
917000188.000000,8710.000000,45896.000000,315409.000000,17871.000000,303171669.000000,0.000000
918000028.000000,8718.000000,45810.000000,315355.000000,17925.000000,303504949.000000,0.000000
919000252.000000,8721.000000,46213.000000,315413.000000,17995.000000,303838357.000000,0.000000
920000092.000000,8707.000000,45899.000000,315368.000000,17912.000000,304171637.000000,0.000000
921000028.000000,8722.000000,45472.000000,315494.000000,17819.000000,304504950.000000,0.000000
922000450.000000,8719.000000,46199.000000,315510.000000,17963.000000,304838423.000000,0.000000
923000007.000000,8715.000000,45929.000000,315250.000000,17934.000000,305171607.000000,0.000000
924000316.000000,8718.000000,46197.000000,315440.000000,17998.000000,305505045.000000,0.000000
925000348.000000,8714.000000,45770.000000,315473.000000,17871.000000,305838389.000000,0.000000
926000386.000000,8713.000000,45737.000000,315482.000000,17864.000000,306171735.000000,0.000000
927000412.000000,8720.000000,45827.000000,315451.000000,17891.000000,306505077.000000,0.000000
928000060.000000,8716.000000,46104.000000,315226.000000,17990.000000,306838293.000000,0.000000
929000188.000000,8715.000000,45851.000000,315465.000000,17911.000000,307171669.000000,0.000000
930000316.000000,8712.000000,45657.000000,315528.000000,17848.000000,307505045.000000,0.000000
931000348.000000,8721.000000,46229.000000,315376.000000,17968.000000,307838389.000000,0.000000
932000001.000000,8713.000000,45932.000000,315290.000000,17927.000000,308171606.000000,0.000000
933000220.000000,8726.000000,45993.000000,315437.000000,17970.000000,308505013.000000,0.000000
934000060.000000,8704.000000,45811.000000,315393.000000,17887.000000,308838293.000000,0.000000
935000188.000000,8724.000000,45696.000000,315520.000000,17856.000000,309171669.000000,0.000000
936000028.000000,8713.000000,45923.000000,315368.000000,17912.000000,309504949.000000,0.000000
937000156.000000,8723.000000,46045.000000,315391.000000,17985.000000,309838325.000000,0.000000
938015329.000000,4375.000000,21369.000000,279433.000000,50632.000000,310168390.000000,7.000000
939005593.000000,530.000000,144.000000,238689.000000,76395.000000,310483474.000000,0.000000
940017945.000000,250.000000,58.000000,242049.000000,80062.000000,310805585.000000,0.000000
941000762.000000,1619.000000,1170.000000,235955.000000,41543.000000,311083083.000000,0.000000
942001402.000000,2360.000000,1770.000000,240720.000000,23600.000000,311347403.000000,0.000000
943000346.000000,2356.000000,1767.000000,240312.000000,23560.000000,311611275.000000,0.000000
944000986.000000,2360.000000,1770.000000,240720.000000,23600.000000,311875595.000000,0.000000
945001626.000000,2360.000000,1770.000000,240720.000000,23600.000000,312139915.000000,0.000000
946000570.000000,2356.000000,1767.000000,240312.000000,23560.000000,312403787.000000,0.000000
947001210.000000,2360.000000,1770.000000,240720.000000,23600.000000,312668107.000000,0.000000
948000050.000000,27754.000000,86386.000000,348438.000000,81490.000000,313098035.000000,2.000000
949001814.000000,4978.000000,10073.000000,253241.000000,17805.000000,313369081.000000,6.000000
950001238.000000,2016.000000,38.000000,240021.000000,9835.000000,313618937.000000,3.000000
951000662.000000,2002.000000,0.000000,240006.000000,9850.000000,313868793.000000,1.000000
952000086.000000,2020.000000,50.000000,240028.000000,9831.000000,314118652.000000,3.000000
953003606.000000,2019.000000,28.000000,240980.000000,9900.000000,314369532.000000,17.000000
954003030.000000,2012.000000,13.000000,240012.000000,9844.000000,314619388.000000,15.000000
955002454.000000,2017.000000,55.000000,240006.000000,9850.000000,314869244.000000,22.000000
956001878.000000,1998.000000,7.000000,240001.000000,9858.000000,315119103.000000,2.000000
957001302.000000,1997.000000,16.000000,239992.000000,9864.000000,315368959.000000,1.000000
958000726.000000,2002.000000,0.000000,240009.000000,9847.000000,315618815.000000,0.000000
959000150.000000,1994.000000,30.000000,239968.000000,9888.000000,315868671.000000,7.000000
960003670.000000,2018.000000,11.000000,241010.000000,9870.000000,316119551.000000,2.000000
961003094.000000,2004.000000,21.000000,239985.000000,9874.000000,316369410.000000,11.000000
962002518.000000,2017.000000,31.000000,240002.000000,9854.000000,316619266.000000,19.000000
963001942.000000,2085.000000,184.000000,240036.000000,9820.000000,316869122.000000,44.000000
964001366.000000,2011.000000,80.000000,239999.000000,9857.000000,317118978.000000,9.000000
968792375.000000,1726.000000,32.000000,337326.000000,401696.000000,317858000.000000,2.000000
970000382.000000,10564.000000,54334.000000,381236.000000,21548.000000,318260784.000000,2.000000
971000222.000000,8733.000000,45748.000000,315272.000000,18008.000000,318594064.000000,0.000000
972000023.000000,8719.000000,45522.000000,315441.000000,17821.000000,318927326.000000,0.000000
973000580.000000,8723.000000,46183.000000,315562.000000,17962.000000,319260850.000000,0.000000
974000030.000000,8712.000000,46001.000000,315205.000000,17946.000000,319594001.000000,0.000000
975000350.000000,8722.000000,46101.000000,315459.000000,17980.000000,319927440.000000,0.000000
976000286.000000,8710.000000,45697.000000,315453.000000,17859.000000,320260752.000000,0.000000
977000318.000000,8716.000000,45803.000000,315468.000000,17876.000000,320594096.000000,0.000000
978000542.000000,8719.000000,45916.000000,315499.000000,17909.000000,320927504.000000,0.000000
979000094.000000,8716.000000,45991.000000,315213.000000,17971.000000,321260688.000000,0.000000
980000030.000000,8710.000000,45871.000000,315410.000000,17902.000000,321594000.000000,0.000000
981000356.000000,8720.000000,45706.000000,315570.000000,17872.000000,321927442.000000,0.000000
982000190.000000,8719.000000,46245.000000,315306.000000,17972.000000,322260720.000000,0.000000
983000414.000000,8713.000000,45778.000000,315520.000000,17888.000000,322594128.000000,0.000000
984000062.000000,8721.000000,46073.000000,315236.000000,17981.000000,322927345.000000,0.000000
985000004.000000,8709.000000,45866.000000,315409.000000,17904.000000,323260658.000000,0.000000
986000030.000000,8722.000000,45626.000000,315496.000000,17846.000000,323594000.000000,0.000000
987000158.000000,8716.000000,45911.000000,315469.000000,17907.000000,323927376.000000,0.000000
988000286.000000,8719.000000,46096.000000,315385.000000,17991.000000,324260752.000000,0.000000
989000414.000000,8712.000000,46066.000000,315439.000000,17937.000000,324594128.000000,0.000000
990000158.000000,8718.000000,45704.000000,315381.000000,17867.000000,324927376.000000,0.000000
991000145.000000,8720.000000,45876.000000,315435.000000,17890.000000,325260701.000000,0.000000
992000030.000000,8715.000000,45836.000000,315381.000000,17919.000000,325594001.000000,0.000000
993000158.000000,8711.000000,46189.000000,315386.000000,17990.000000,325927377.000000,0.000000
994000002.000000,8714.000000,45764.000000,315395.000000,17884.000000,326260656.000000,0.000000
995000222.000000,8723.000000,45551.000000,315577.000000,17831.000000,326594064.000000,0.000000
996000062.000000,8714.000000,46197.000000,315313.000000,17967.000000,326927344.000000,0.000000
997000055.000000,8715.000000,45977.000000,315385.000000,17941.000000,327260670.000000,0.000000
998000318.000000,8722.000000,46092.000000,315452.000000,17974.000000,327594096.000000,0.000000
999000542.000000,8716.000000,45760.000000,315535.000000,17873.000000,327927504.000000,0.000000
