Instruction,pfIssued,pfInCache,overallMisses,overallHits,overallAccesses,unusedPrefetches
1004698.000000,950.000000,467.000000,366777.000000,4615.000000,371392.000000,15.000000
2002954.000000,933.000000,446.000000,363839.000000,4222.000000,739453.000000,0.000000
3004565.000000,925.000000,417.000000,364957.000000,4291.000000,1108701.000000,0.000000
4001182.000000,917.000000,430.000000,363182.000000,4230.000000,1476113.000000,0.000000
5007927.000000,908.000000,391.000000,366780.000000,4355.000000,1847248.000000,0.000000
6001026.000000,887.000000,320.000000,361715.000000,4432.000000,2213395.000000,0.000000
7006126.000000,894.000000,367.000000,366598.000000,4438.000000,2584431.000000,0.000000
8007460.000000,822.000000,313.000000,360671.000000,4374.000000,2949476.000000,0.000000
9001242.000000,828.000000,327.000000,356792.000000,4366.000000,3310634.000000,1.000000
10000382.000000,830.000000,329.000000,358747.000000,4325.000000,3673706.000000,1.000000
11011095.000000,472.000000,174.000000,359665.000000,2456.000000,4035827.000000,0.000000
12002046.000000,129.000000,4.000000,350651.000000,559.000000,4387037.000000,2.000000
13028957.000000,129.000000,7.000000,363851.000000,383.000000,4751271.000000,0.000000
14018980.000000,108.000000,0.000000,350735.000000,350.000000,5102356.000000,0.000000
15007393.000000,108.000000,0.000000,350544.000000,326.000000,5453226.000000,0.000000
16036016.000000,123.000000,1.000000,368793.000000,409.000000,5822428.000000,0.000000
17026140.000000,110.000000,2.000000,350760.000000,324.000000,6173512.000000,2.000000
18016119.000000,108.000000,0.000000,350796.000000,326.000000,6524634.000000,1.000000
19006877.000000,111.000000,1.000000,351021.000000,353.000000,6876008.000000,0.000000
20033635.000000,116.000000,0.000000,368413.000000,365.000000,7244786.000000,0.000000
21031139.000000,111.000000,5.000000,351897.000000,458.000000,7597141.000000,0.000000
22022519.000000,111.000000,1.000000,350552.000000,399.000000,7948092.000000,0.000000
23021826.000000,112.000000,0.000000,352210.000000,402.000000,8300704.000000,0.000000
24021574.000000,112.000000,0.000000,352373.000000,440.000000,8653517.000000,0.000000
25023317.000000,108.000000,0.000000,352819.000000,426.000000,9006762.000000,0.000000
26023697.000000,114.000000,2.000000,352475.000000,479.000000,9359716.000000,0.000000
27021635.000000,112.000000,0.000000,351768.000000,398.000000,9711882.000000,0.000000
28019428.000000,116.000000,4.000000,352108.000000,358.000000,10064348.000000,0.000000
29016214.000000,115.000000,1.000000,351687.000000,391.000000,10416426.000000,0.000000
30009921.000000,112.000000,0.000000,351316.000000,400.000000,10768142.000000,0.000000
31014233.000000,111.000000,1.000000,352828.000000,516.000000,11121486.000000,0.000000
32005580.000000,126.000000,5.000000,350250.000000,520.000000,11472256.000000,0.000000
33000879.000000,116.000000,0.000000,350746.000000,565.000000,11823567.000000,0.000000
34030659.000000,117.000000,0.000000,364037.000000,540.000000,12188144.000000,0.000000
35020781.000000,108.000000,0.000000,350845.000000,351.000000,12539340.000000,0.000000
36013360.000000,108.000000,0.000000,351256.000000,314.000000,12890910.000000,0.000000
37034512.000000,113.000000,0.000000,362744.000000,344.000000,13253998.000000,0.000000
38029780.000000,116.000000,0.000000,350704.000000,357.000000,13605059.000000,0.000000
39020471.000000,108.000000,0.000000,350833.000000,324.000000,13956216.000000,2.000000
40012962.000000,111.000000,1.000000,351617.000000,305.000000,14308138.000000,1.000000
41004322.000000,108.000000,0.000000,351439.000000,336.000000,14659913.000000,0.000000
42021379.000000,108.000000,0.000000,354290.000000,353.000000,15014556.000000,0.000000
43014802.000000,108.000000,0.000000,351507.000000,363.000000,15366426.000000,0.000000
44007248.000000,112.000000,0.000000,351217.000000,436.000000,15718079.000000,0.000000
45031535.000000,112.000000,0.000000,362751.000000,483.000000,16081313.000000,0.000000
46023830.000000,112.000000,0.000000,350078.000000,416.000000,16431807.000000,0.000000
47015536.000000,112.000000,0.000000,349862.000000,418.000000,16782087.000000,0.000000
48002840.000000,108.000000,0.000000,350128.000000,499.000000,17132714.000000,0.000000
49013249.000000,119.000000,1.000000,360162.000000,398.000000,17493274.000000,0.000000
50034809.000000,120.000000,0.000000,362689.000000,387.000000,17856350.000000,0.000000
51017194.000000,108.000000,0.000000,348953.000000,457.000000,18205760.000000,0.000000
52034520.000000,126.000000,2.000000,361647.000000,388.000000,18567795.000000,0.000000
53020346.000000,111.000000,2.000000,349796.000000,477.000000,18918068.000000,0.000000
54004506.000000,115.000000,1.000000,349543.000000,433.000000,19268044.000000,0.000000
55023439.000000,114.000000,2.000000,362011.000000,374.000000,19630429.000000,0.000000
56001828.000000,108.000000,0.000000,348081.000000,451.000000,19978961.000000,0.000000
57021066.000000,118.000000,2.000000,361862.000000,444.000000,20341267.000000,0.000000
58035890.000000,112.000000,0.000000,354653.000000,567.000000,20696487.000000,0.000000
59004086.000000,108.000000,0.000000,339571.000000,480.000000,21036538.000000,0.000000
60032419.000000,127.000000,1.000000,363143.000000,541.000000,21400222.000000,0.000000
61033345.000000,115.000000,1.000000,351580.000000,528.000000,21752330.000000,0.000000
62029013.000000,110.000000,2.000000,350791.000000,545.000000,22103666.000000,0.000000
63009270.000000,111.000000,1.000000,341483.000000,537.000000,22445686.000000,0.000000
64007389.000000,115.000000,1.000000,351523.000000,467.000000,22797676.000000,0.000000
65000007.000000,121.000000,5.000000,351290.000000,436.000000,23149402.000000,0.000000
66026209.000000,116.000000,5.000000,361853.000000,502.000000,23511757.000000,0.000000
67004644.000000,123.000000,5.000000,347741.000000,403.000000,23859901.000000,0.000000
68017688.000000,115.000000,1.000000,359027.000000,482.000000,24219410.000000,0.000000
69017239.000000,123.000000,1.000000,354097.000000,369.000000,24573876.000000,0.000000
70007451.000000,110.000000,2.000000,350814.000000,307.000000,24924997.000000,0.000000
71034668.000000,116.000000,0.000000,363888.000000,331.000000,25289216.000000,0.000000
72026061.000000,112.000000,0.000000,354941.000000,298.000000,25644455.000000,0.000000
73014597.000000,120.000000,0.000000,351181.000000,414.000000,25996050.000000,1.000000
74004507.000000,110.000000,2.000000,350620.000000,335.000000,26347005.000000,2.000000
75031798.000000,114.000000,2.000000,363954.000000,325.000000,26711284.000000,0.000000
76004033.000000,108.000000,0.000000,346839.000000,307.000000,27058430.000000,0.000000
77011810.000000,112.000000,0.000000,359273.000000,439.000000,27418142.000000,0.000000
78030705.000000,119.000000,1.000000,362176.000000,420.000000,27780738.000000,0.000000
79008158.000000,118.000000,5.000000,347996.000000,359.000000,28129093.000000,0.000000
80029691.000000,112.000000,0.000000,362499.000000,470.000000,28492062.000000,0.000000
81010374.000000,108.000000,0.000000,348703.000000,430.000000,28841195.000000,0.000000
82032900.000000,116.000000,0.000000,362658.000000,506.000000,29204359.000000,0.000000
83015242.000000,120.000000,0.000000,349089.000000,396.000000,29553844.000000,0.000000
84033948.000000,115.000000,1.000000,361987.000000,367.000000,29916198.000000,0.000000
85019578.000000,113.000000,3.000000,349843.000000,392.000000,30266433.000000,0.000000
86032072.000000,118.000000,2.000000,360603.000000,407.000000,30627443.000000,0.000000
87020129.000000,115.000000,1.000000,349661.000000,554.000000,30977658.000000,0.000000
88017947.000000,127.000000,7.000000,350805.000000,537.000000,31329000.000000,0.000000
89016705.000000,111.000000,1.000000,352242.000000,374.000000,31681616.000000,0.000000
90027361.000000,108.000000,0.000000,353339.000000,338.000000,32035293.000000,0.000000
91027237.000000,116.000000,4.000000,352471.000000,445.000000,32388209.000000,0.000000
92003587.000000,104.000000,0.000000,341418.000000,405.000000,32730032.000000,0.000000
93003665.000000,110.000000,2.000000,352127.000000,463.000000,33082622.000000,0.000000
94036694.000000,116.000000,0.000000,364842.000000,398.000000,33447862.000000,0.000000
95005025.000000,114.000000,2.000000,340283.000000,323.000000,33788468.000000,0.000000
96010199.000000,108.000000,0.000000,353098.000000,445.000000,34142011.000000,0.000000
97014225.000000,108.000000,0.000000,352049.000000,509.000000,34494569.000000,0.000000
98012800.000000,115.000000,0.000000,351227.000000,506.000000,34846302.000000,0.000000
99014641.000000,112.000000,0.000000,351949.000000,515.000000,35198766.000000,0.000000
100005168.000000,112.000000,0.000000,350495.000000,559.000000,35549820.000000,0.000000
101031475.000000,120.000000,0.000000,363373.000000,509.000000,35913702.000000,0.000000
102029117.000000,114.000000,2.000000,351037.000000,489.000000,36265228.000000,0.000000
103021980.000000,104.000000,0.000000,343615.000000,461.000000,36609304.000000,0.000000
104018452.000000,116.000000,6.000000,350667.000000,453.000000,36960424.000000,0.000000
105009750.000000,116.000000,3.000000,349992.000000,609.000000,37311025.000000,0.000000
106009490.000000,118.000000,9.000000,351835.000000,551.000000,37663411.000000,0.000000
107012531.000000,108.000000,0.000000,352016.000000,522.000000,38015949.000000,0.000000
108017726.000000,108.000000,0.000000,353090.000000,452.000000,38369491.000000,0.000000
109020345.000000,112.000000,0.000000,352683.000000,556.000000,38722730.000000,0.000000
110026141.000000,118.000000,2.000000,352661.000000,457.000000,39075848.000000,0.000000
111035404.000000,120.000000,0.000000,353260.000000,513.000000,39429621.000000,0.000000
112036886.000000,112.000000,0.000000,352375.000000,392.000000,39782388.000000,0.000000
113005038.000000,104.000000,0.000000,339499.000000,355.000000,40122242.000000,0.000000
114003424.000000,108.000000,0.000000,351827.000000,438.000000,40474507.000000,0.000000
115032587.000000,127.000000,21.000000,364123.000000,409.000000,40839039.000000,1.000000
116012781.000000,104.000000,0.000000,341775.000000,550.000000,41181364.000000,0.000000
117014922.000000,108.000000,0.000000,352687.000000,550.000000,41534601.000000,0.000000
118011129.000000,112.000000,0.000000,351436.000000,578.000000,41886615.000000,0.000000
119029452.000000,123.000000,1.000000,359309.000000,598.000000,42246522.000000,0.000000
120019832.000000,112.000000,3.000000,349042.000000,599.000000,42596163.000000,0.000000
121027704.000000,112.000000,0.000000,353278.000000,667.000000,42950108.000000,0.000000
122034900.000000,123.000000,3.000000,352262.000000,455.000000,43302825.000000,0.000000
123032980.000000,108.000000,0.000000,351676.000000,369.000000,43654870.000000,0.000000
124005860.000000,108.000000,4.000000,340393.000000,413.000000,43995676.000000,0.000000
125015032.000000,112.000000,0.000000,353652.000000,418.000000,44349746.000000,0.000000
126016169.000000,108.000000,0.000000,352343.000000,415.000000,44702504.000000,0.000000
127017004.000000,112.000000,0.000000,351296.000000,564.000000,45054364.000000,0.000000
128022677.000000,112.000000,3.000000,352899.000000,470.000000,45407733.000000,0.000000
129004250.000000,104.000000,0.000000,342242.000000,368.000000,45750343.000000,0.000000
130006515.000000,108.000000,0.000000,350852.000000,429.000000,46101624.000000,0.000000
131035526.000000,112.000000,0.000000,363684.000000,543.000000,46465851.000000,0.000000
132015202.000000,111.000000,1.000000,341282.000000,510.000000,46807643.000000,0.000000
133009056.000000,111.000000,1.000000,350141.000000,466.000000,47158250.000000,0.000000
134034283.000000,116.000000,3.000000,362665.000000,446.000000,47521361.000000,0.000000
135027613.000000,116.000000,0.000000,351261.000000,501.000000,47873123.000000,0.000000
136012357.000000,111.000000,1.000000,342589.000000,485.000000,48216197.000000,0.000000
137017591.000000,112.000000,0.000000,351971.000000,381.000000,48568549.000000,0.000000
138008723.000000,108.000000,0.000000,348901.000000,387.000000,48917837.000000,0.000000
139019405.000000,111.000000,1.000000,353870.000000,372.000000,49272079.000000,0.000000
140014297.000000,114.000000,10.000000,351599.000000,348.000000,49624026.000000,0.000000
141006740.000000,104.000000,0.000000,344004.000000,369.000000,49968399.000000,0.000000
142009624.000000,108.000000,0.000000,352744.000000,402.000000,50321545.000000,0.000000
143012313.000000,112.000000,0.000000,351987.000000,573.000000,50674105.000000,0.000000
144007060.000000,115.000000,1.000000,350723.000000,483.000000,51025311.000000,0.000000
145004889.000000,108.000000,0.000000,351610.000000,548.000000,51377469.000000,0.000000
146005918.000000,111.000000,1.000000,351729.000000,445.000000,51729643.000000,0.000000
147019765.000000,112.000000,0.000000,354473.000000,475.000000,52084591.000000,0.000000
148035825.000000,112.000000,0.000000,354699.000000,395.000000,52439685.000000,0.000000
149011754.000000,104.000000,0.000000,341173.000000,428.000000,52781286.000000,0.000000
150020817.000000,108.000000,0.000000,353777.000000,373.000000,53135436.000000,0.000000
151019447.000000,108.000000,0.000000,351273.000000,364.000000,53487073.000000,0.000000
152013114.000000,121.000000,3.000000,351613.000000,455.000000,53839141.000000,0.000000
153009670.000000,118.000000,5.000000,351764.000000,487.000000,54191392.000000,0.000000
154031310.000000,124.000000,4.000000,360744.000000,442.000000,54552578.000000,0.000000
155033702.000000,110.000000,2.000000,351739.000000,526.000000,54904843.000000,0.000000
156023844.000000,115.000000,1.000000,350083.000000,443.000000,55255369.000000,0.000000
157026409.000000,116.000000,8.000000,351051.000000,452.000000,55606872.000000,0.000000
158028807.000000,111.000000,1.000000,351775.000000,725.000000,55959372.000000,0.000000
159034398.000000,116.000000,0.000000,353045.000000,638.000000,56313055.000000,0.000000
160002176.000000,106.000000,2.000000,340129.000000,441.000000,56653625.000000,0.000000
161039634.000000,112.000000,0.000000,365124.000000,463.000000,57019212.000000,0.000000
162000740.000000,117.000000,6.000000,338305.000000,355.000000,57357872.000000,0.000000
163025963.000000,109.000000,3.000000,356033.000000,358.000000,57714263.000000,0.000000
164001315.000000,100.000000,0.000000,334148.000000,354.000000,58048765.000000,0.000000
165035336.000000,108.000000,0.000000,357577.000000,419.000000,58406761.000000,0.000000
166002844.000000,104.000000,0.000000,339397.000000,399.000000,58746557.000000,0.000000
167025498.000000,112.000000,0.000000,355654.000000,485.000000,59102696.000000,0.000000
168004442.000000,104.000000,0.000000,340869.000000,362.000000,59443927.000000,0.000000
169018968.000000,108.000000,0.000000,354770.000000,377.000000,59799074.000000,0.000000
170034304.000000,104.000000,0.000000,347306.000000,322.000000,60146702.000000,0.000000
171012801.000000,104.000000,0.000000,341767.000000,396.000000,60488865.000000,0.000000
172018237.000000,110.000000,2.000000,353092.000000,435.000000,60842392.000000,0.000000
173016101.000000,112.000000,0.000000,352098.000000,353.000000,61194843.000000,0.000000
174000661.000000,104.000000,0.000000,342744.000000,371.000000,61537958.000000,0.000000
175000493.000000,108.000000,0.000000,352014.000000,444.000000,61890416.000000,0.000000
176034515.000000,117.000000,0.000000,364782.000000,536.000000,62255734.000000,0.000000
177004055.000000,108.000000,0.000000,339776.000000,504.000000,62596014.000000,0.000000
178018174.000000,110.000000,2.000000,354122.000000,453.000000,62950589.000000,0.000000
179030807.000000,112.000000,0.000000,354038.000000,453.000000,63305080.000000,0.000000
180006686.000000,104.000000,0.000000,341213.000000,364.000000,63646657.000000,0.000000
181003547.000000,111.000000,1.000000,349567.000000,342.000000,63996566.000000,0.000000
182026331.000000,123.000000,5.000000,362206.000000,356.000000,64359128.000000,0.000000
183016614.000000,116.000000,0.000000,350853.000000,329.000000,64710310.000000,0.000000
184029181.000000,108.000000,0.000000,354018.000000,468.000000,65064796.000000,0.000000
185013171.000000,104.000000,0.000000,342446.000000,386.000000,65407628.000000,0.000000
186032493.000000,108.000000,0.000000,354826.000000,462.000000,65762916.000000,0.000000
187032080.000000,115.000000,1.000000,351236.000000,417.000000,66114569.000000,0.000000
188030945.000000,108.000000,0.000000,352297.000000,395.000000,66467261.000000,0.000000
189027631.000000,112.000000,0.000000,350752.000000,502.000000,66818515.000000,0.000000
190021477.000000,118.000000,2.000000,351558.000000,424.000000,67170497.000000,0.000000
191027287.000000,108.000000,0.000000,352938.000000,456.000000,67523891.000000,0.000000
192025222.000000,112.000000,0.000000,351258.000000,395.000000,67875544.000000,0.000000
193024169.000000,112.000000,0.000000,351880.000000,425.000000,68227849.000000,0.000000
194031129.000000,108.000000,0.000000,353357.000000,492.000000,68581698.000000,0.000000
195010021.000000,108.000000,0.000000,341564.000000,398.000000,68923660.000000,0.000000
196012866.000000,110.000000,1.000000,352834.000000,374.000000,69276868.000000,0.000000
197017890.000000,110.000000,2.000000,353430.000000,361.000000,69630659.000000,0.000000
198029997.000000,108.000000,0.000000,354657.000000,342.000000,69985658.000000,0.000000
199035617.000000,108.000000,0.000000,352648.000000,501.000000,70338807.000000,0.000000
200001353.000000,108.000000,0.000000,339699.000000,372.000000,70678878.000000,0.000000
201032756.000000,119.000000,1.000000,364731.000000,330.000000,71043939.000000,0.000000
202027501.000000,113.000000,3.000000,351741.000000,366.000000,71396046.000000,0.000000
203034883.000000,112.000000,0.000000,353439.000000,476.000000,71749961.000000,0.000000
204008259.000000,114.000000,5.000000,340764.000000,476.000000,72091201.000000,0.000000
205036234.000000,115.000000,1.000000,363720.000000,511.000000,72455432.000000,0.000000
206000013.000000,17550.000000,50350.000000,279519.000000,40763.000000,72775714.000000,13.000000
207004869.000000,47025.000000,109339.000000,266090.000000,137867.000000,73179671.000000,166.000000
208000002.000000,1784.000000,3063.000000,181112.000000,182740.000000,73543523.000000,1549.000000
209000585.000000,2117.000000,3414.000000,186871.000000,182734.000000,73913128.000000,1888.000000
210000493.000000,9344.000000,4825.000000,206033.000000,165607.000000,74284768.000000,1348.000000
211001100.000000,2615.000000,3815.000000,192255.000000,182728.000000,74659751.000000,2361.000000
212003126.000000,9546.000000,4982.000000,214168.000000,165793.000000,75039712.000000,1987.000000
213000747.000000,3120.000000,4019.000000,207499.000000,179712.000000,75426923.000000,2747.000000
214000842.000000,3137.000000,3818.000000,211792.000000,169447.000000,75808162.000000,2832.000000
215000256.000000,10056.000000,5167.000000,235460.000000,155221.000000,76198843.000000,2433.000000
216003693.000000,3694.000000,4170.000000,236225.000000,167989.000000,76603057.000000,3265.000000
217000465.000000,3965.000000,4441.000000,229777.000000,171599.000000,77004433.000000,3522.000000
218001363.000000,10129.000000,5203.000000,239099.000000,159944.000000,77403476.000000,2953.000000
219000196.000000,4520.000000,4637.000000,229250.000000,174702.000000,77807428.000000,4066.000000
220001689.000000,8711.000000,5454.000000,243113.000000,166727.000000,78217268.000000,4267.000000
221000645.000000,7668.000000,5734.000000,245697.000000,167702.000000,78630667.000000,4805.000000
222000024.000000,5358.000000,5032.000000,244711.000000,169699.000000,79045077.000000,4900.000000
223000006.000000,11275.000000,6140.000000,246536.000000,164269.000000,79455882.000000,4609.000000
224000157.000000,6494.000000,5665.000000,246511.000000,175034.000000,79877427.000000,6012.000000
225002537.000000,7442.000000,6452.000000,251327.000000,177305.000000,80306059.000000,6926.000000
226006098.000000,11123.000000,5976.000000,247245.000000,169055.000000,80722359.000000,4930.000000
227000532.000000,7012.000000,5631.000000,250658.000000,174249.000000,81147266.000000,6472.000000
228000394.000000,7921.000000,6425.000000,259524.000000,175832.000000,81582622.000000,7434.000000
229000115.000000,11208.000000,6206.000000,253160.000000,166306.000000,82002088.000000,5149.000000
230001566.000000,7422.000000,5851.000000,267785.000000,169157.000000,82439030.000000,6985.000000
231000675.000000,6699.000000,5154.000000,261906.000000,169516.000000,82870452.000000,6215.000000
232001520.000000,11055.000000,6095.000000,252830.000000,165597.000000,83288879.000000,4984.000000
233000187.000000,6836.000000,5720.000000,260955.000000,171344.000000,83721178.000000,6369.000000
234004586.000000,7269.000000,5768.000000,264431.000000,169907.000000,84155516.000000,6751.000000
235000065.000000,11114.000000,5934.000000,256334.000000,165419.000000,84577269.000000,5163.000000
236000290.000000,6649.000000,5377.000000,263558.000000,170532.000000,85011359.000000,6184.000000
237000002.000000,7014.000000,5929.000000,261939.000000,170389.000000,85443687.000000,6506.000000
238000372.000000,11191.000000,6157.000000,252852.000000,168473.000000,85865012.000000,5501.000000
239000026.000000,8430.000000,6500.000000,259237.000000,173862.000000,86298111.000000,7926.000000
240000183.000000,8866.000000,6048.000000,258043.000000,171125.000000,86727279.000000,6616.000000
241000977.000000,10047.000000,6069.000000,258966.000000,165298.000000,87151543.000000,6193.000000
242000013.000000,8270.000000,6714.000000,266193.000000,169847.000000,87587583.000000,7736.000000
243000046.000000,10918.000000,6436.000000,255477.000000,169274.000000,88012334.000000,6274.000000
244002649.000000,9043.000000,6456.000000,261729.000000,175251.000000,88449314.000000,7959.000000
245000405.000000,8505.000000,6412.000000,260627.000000,174923.000000,88884864.000000,7997.000000
246004130.000000,11477.000000,6399.000000,251010.000000,174723.000000,89310597.000000,6416.000000
247000548.000000,9586.000000,7311.000000,267634.000000,173439.000000,89751670.000000,9060.000000
248001701.000000,9744.000000,7168.000000,267971.000000,176460.000000,90196101.000000,9229.000000
249000083.000000,11836.000000,6560.000000,262987.000000,172817.000000,90631905.000000,7141.000000
250000032.000000,9184.000000,6817.000000,269835.000000,174588.000000,91076328.000000,8671.000000
251000967.000000,8787.000000,6026.000000,280674.000000,170309.000000,91527311.000000,8334.000000
252000119.000000,11503.000000,5970.000000,263907.000000,172650.000000,91963868.000000,6859.000000
253000070.000000,9466.000000,6342.000000,275844.000000,172830.000000,92412542.000000,8970.000000
254002951.000000,9840.000000,6705.000000,273697.000000,175865.000000,92862104.000000,9346.000000
255001822.000000,11633.000000,6662.000000,257940.000000,176807.000000,93296851.000000,7303.000000
256002064.000000,9336.000000,6697.000000,270913.000000,174862.000000,93742626.000000,8848.000000
257000039.000000,10367.000000,6714.000000,277217.000000,174505.000000,94194348.000000,9850.000000
258000595.000000,11959.000000,6186.000000,259751.000000,179560.000000,94633659.000000,8064.000000
259002674.000000,11077.000000,7143.000000,278722.000000,176467.000000,95088848.000000,10544.000000
260005890.000000,11371.000000,7670.000000,282233.000000,177428.000000,95548509.000000,10909.000000
261028562.000000,11290.000000,6391.000000,260924.000000,187672.000000,95997105.000000,7978.000000
262004035.000000,10779.000000,6915.000000,273277.000000,169844.000000,96440226.000000,9864.000000
263000184.000000,11865.000000,7228.000000,286760.000000,172500.000000,96899486.000000,11333.000000
264001406.000000,12120.000000,6864.000000,273889.000000,173373.000000,97346748.000000,9860.000000
265000094.000000,12338.000000,7092.000000,276299.000000,179448.000000,97802495.000000,10380.000000
266000022.000000,10937.000000,7239.000000,279627.000000,176430.000000,98258552.000000,10512.000000
267000346.000000,11725.000000,7233.000000,280487.000000,176351.000000,98715390.000000,11038.000000
268000017.000000,12174.000000,6185.000000,270647.000000,176445.000000,99162482.000000,8948.000000
269002009.000000,11828.000000,7280.000000,286141.000000,174686.000000,99623309.000000,11367.000000
270000076.000000,12933.000000,7431.000000,292620.000000,171577.000000,100087506.000000,12404.000000
271001323.000000,11609.000000,5986.000000,262787.000000,181628.000000,100531921.000000,8444.000000
272000005.000000,11884.000000,6785.000000,285281.000000,173502.000000,100990704.000000,11358.000000
273000529.000000,12073.000000,7326.000000,294768.000000,169629.000000,101455101.000000,11560.000000
274000015.000000,12050.000000,6026.000000,262363.000000,183916.000000,101901380.000000,8916.000000
275001202.000000,12319.000000,7060.000000,289575.000000,173913.000000,102364868.000000,11862.000000
276000032.000000,12488.000000,7266.000000,291314.000000,172651.000000,102828833.000000,11974.000000
277000742.000000,11417.000000,6110.000000,262310.000000,183851.000000,103274994.000000,8411.000000
278005847.000000,12454.000000,7180.000000,295052.000000,171089.000000,103741135.000000,11938.000000
279000665.000000,12727.000000,7165.000000,293673.000000,170000.000000,104204808.000000,12194.000000
280000476.000000,11993.000000,6063.000000,265252.000000,182444.000000,104652504.000000,8993.000000
281000030.000000,12762.000000,7725.000000,294737.000000,172206.000000,105119447.000000,12239.000000
282003107.000000,12223.000000,7033.000000,292736.000000,172171.000000,105584354.000000,11764.000000
283000004.000000,12022.000000,6032.000000,267876.000000,181756.000000,106033986.000000,9340.000000
284000335.000000,12584.000000,7387.000000,294912.000000,169987.000000,106498885.000000,11830.000000
285003906.000000,13321.000000,7203.000000,289601.000000,179677.000000,106968163.000000,12821.000000
286002482.000000,13344.000000,7157.000000,283368.000000,173368.000000,107424899.000000,11663.000000
287000356.000000,11888.000000,6532.000000,277418.000000,181512.000000,107883829.000000,10254.000000
288005505.000000,12555.000000,7019.000000,292249.000000,175353.000000,108351431.000000,12074.000000
289003385.000000,12847.000000,6990.000000,296219.000000,168129.000000,108815779.000000,12333.000000
290001761.000000,12013.000000,5831.000000,266963.000000,182717.000000,109265459.000000,9292.000000
291000403.000000,13076.000000,6975.000000,292423.000000,171746.000000,109729628.000000,12597.000000
292003623.000000,13691.000000,7174.000000,294464.000000,174890.000000,110198982.000000,13203.000000
293000769.000000,11806.000000,6403.000000,257971.000000,190525.000000,110647478.000000,8977.000000
294004753.000000,12879.000000,7303.000000,293533.000000,175121.000000,111116132.000000,12398.000000
295000099.000000,13053.000000,7320.000000,291629.000000,173801.000000,111581562.000000,12531.000000
296001857.000000,12362.000000,6001.000000,268085.000000,185446.000000,112035093.000000,9593.000000
297001635.000000,13421.000000,7497.000000,294414.000000,175075.000000,112504582.000000,12861.000000
298000040.000000,9761.000000,6182.000000,282766.000000,174648.000000,112961996.000000,9341.000000
299000045.000000,10319.000000,5823.000000,263060.000000,182327.000000,113407383.000000,7657.000000
300000117.000000,11291.000000,6955.000000,292165.000000,172277.000000,113871825.000000,10743.000000
301000933.000000,11871.000000,6881.000000,292340.000000,172807.000000,114336972.000000,11408.000000
302000331.000000,11295.000000,5781.000000,266072.000000,186343.000000,114789387.000000,8561.000000
303002476.000000,12218.000000,7080.000000,292113.000000,174548.000000,115256048.000000,11700.000000
304007337.000000,11775.000000,7265.000000,287666.000000,175307.000000,115719021.000000,11302.000000
305006024.000000,11770.000000,6229.000000,268190.000000,186037.000000,116173248.000000,9082.000000
306000074.000000,12133.000000,6596.000000,292719.000000,172590.000000,116638557.000000,11637.000000
307002350.000000,12426.000000,7301.000000,291462.000000,177077.000000,117107096.000000,11945.000000
308030531.000000,13032.000000,6768.000000,281240.000000,192808.000000,117581144.000000,10770.000000
309000154.000000,11925.000000,6958.000000,279165.000000,172825.000000,118033134.000000,11020.000000
310000753.000000,12184.000000,6781.000000,299873.000000,171505.000000,118504512.000000,11716.000000
311000160.000000,12574.000000,7127.000000,302291.000000,170762.000000,118977565.000000,12078.000000
312000178.000000,11667.000000,6086.000000,274239.000000,183553.000000,119435357.000000,9065.000000
313000806.000000,13251.000000,7224.000000,302334.000000,172131.000000,119909822.000000,12753.000000
314000022.000000,10589.000000,5973.000000,295169.000000,170717.000000,120375708.000000,10154.000000
315006595.000000,10740.000000,5723.000000,269859.000000,187896.000000,120833463.000000,8210.000000
316000200.000000,12383.000000,7395.000000,294402.000000,173715.000000,121301580.000000,11854.000000
317005168.000000,12514.000000,7120.000000,297427.000000,173907.000000,121772914.000000,12070.000000
318000016.000000,11894.000000,6081.000000,265553.000000,188137.000000,122226604.000000,9172.000000
319001395.000000,12945.000000,7526.000000,298104.000000,175588.000000,122700296.000000,12482.000000
320000066.000000,12876.000000,7355.000000,294432.000000,175946.000000,123170674.000000,12342.000000
321004979.000000,12664.000000,6360.000000,275030.000000,188936.000000,123634640.000000,10228.000000
322003639.000000,12555.000000,7458.000000,294903.000000,171472.000000,124101015.000000,12111.000000
323000173.000000,12815.000000,7623.000000,296899.000000,173021.000000,124570935.000000,12266.000000
324059810.000000,12659.000000,7024.000000,289452.000000,198750.000000,125059137.000000,10891.000000
325000003.000000,12197.000000,7161.000000,278917.000000,160341.000000,125498395.000000,11317.000000
326000505.000000,12580.000000,7211.000000,296206.000000,171759.000000,125966360.000000,12065.000000
327000202.000000,13100.000000,7354.000000,296214.000000,174317.000000,126436891.000000,12378.000000
328000448.000000,12252.000000,6801.000000,279990.000000,185018.000000,126901899.000000,10459.000000
329000063.000000,13924.000000,7598.000000,301869.000000,172112.000000,127375880.000000,13444.000000
330000234.000000,14481.000000,8255.000000,304689.000000,173319.000000,127853888.000000,13938.000000
331003221.000000,11820.000000,6182.000000,271457.000000,191989.000000,128317334.000000,10129.000000
332003548.000000,14306.000000,8232.000000,299464.000000,177989.000000,128794787.000000,13786.000000
333000087.000000,15230.000000,8129.000000,303721.000000,176460.000000,129274968.000000,14718.000000
334001175.000000,12508.000000,6391.000000,277538.000000,191817.000000,129744323.000000,10913.000000
335000237.000000,14829.000000,7935.000000,309601.000000,171904.000000,130225828.000000,14358.000000
336000019.000000,14342.000000,7891.000000,307220.000000,172700.000000,130705748.000000,13845.000000
337000012.000000,12412.000000,6108.000000,276476.000000,189295.000000,131171519.000000,10982.000000
338000006.000000,15750.000000,7839.000000,313577.000000,170354.000000,131655450.000000,15228.000000
339000254.000000,15078.000000,7582.000000,316979.000000,166704.000000,132139133.000000,14576.000000
340000946.000000,11396.000000,5819.000000,278173.000000,181907.000000,132599213.000000,9930.000000
341000030.000000,15121.000000,7621.000000,317027.000000,165709.000000,133081949.000000,14618.000000
342000002.000000,13942.000000,7443.000000,311913.000000,169049.000000,133562911.000000,13400.000000
343000005.000000,14183.000000,7234.000000,300899.000000,174449.000000,134038259.000000,13281.000000
344004685.000000,12398.000000,6539.000000,299605.000000,176659.000000,134514523.000000,11526.000000
345005189.000000,15270.000000,7930.000000,317952.000000,165237.000000,134997712.000000,14712.000000
346000155.000000,15392.000000,7774.000000,313910.000000,169082.000000,135480704.000000,14836.000000
347000004.000000,12015.000000,6032.000000,283792.000000,185461.000000,135949957.000000,10671.000000
348002628.000000,14816.000000,8024.000000,313347.000000,169263.000000,136432567.000000,14353.000000
349006662.000000,14869.000000,7496.000000,320842.000000,164290.000000,136917699.000000,14340.000000
350000224.000000,11053.000000,5663.000000,276744.000000,182835.000000,137377278.000000,9808.000000
351000123.000000,14119.000000,7494.000000,315259.000000,161861.000000,137854398.000000,13584.000000
352002584.000000,14735.000000,7810.000000,315938.000000,167004.000000,138337340.000000,14231.000000
353022944.000000,11609.000000,6156.000000,290145.000000,190714.000000,138818199.000000,10730.000000
354000004.000000,14533.000000,7456.000000,303035.000000,165292.000000,139286526.000000,13701.000000
355001163.000000,14329.000000,7883.000000,312345.000000,161740.000000,139760611.000000,13816.000000
356000010.000000,14583.000000,8120.000000,317035.000000,165992.000000,140243638.000000,14035.000000
357000034.000000,11248.000000,5636.000000,285387.000000,184720.000000,140713745.000000,9963.000000
358006700.000000,14293.000000,7401.000000,316980.000000,170677.000000,141201402.000000,13865.000000
359000062.000000,13977.000000,7506.000000,309965.000000,171584.000000,141682951.000000,13427.000000
360000182.000000,11734.000000,5548.000000,284715.000000,189613.000000,142157279.000000,10604.000000
361002294.000000,14345.000000,7130.000000,322043.000000,161705.000000,142641027.000000,13837.000000
362005367.000000,15090.000000,7657.000000,321055.000000,166312.000000,143128394.000000,14516.000000
363052865.000000,12789.000000,6198.000000,307558.000000,192999.000000,143628951.000000,11951.000000
364000005.000000,14576.000000,6777.000000,295513.000000,163745.000000,144088209.000000,13703.000000
365000156.000000,14775.000000,7615.000000,315236.000000,167992.000000,144571437.000000,14297.000000
366003903.000000,15366.000000,7930.000000,321403.000000,164173.000000,145057013.000000,14839.000000
367005897.000000,11771.000000,6053.000000,288605.000000,186481.000000,145532099.000000,10653.000000
368002129.000000,14818.000000,7631.000000,319121.000000,165538.000000,146016758.000000,14268.000000
369000033.000000,16647.000000,7757.000000,318181.000000,170421.000000,146505360.000000,16069.000000
370000007.000000,12217.000000,6119.000000,283400.000000,192668.000000,146981428.000000,11094.000000
371000783.000000,13582.000000,6413.000000,317168.000000,167668.000000,147466264.000000,13169.000000
372007439.000000,13970.000000,6630.000000,325257.000000,165469.000000,147956990.000000,13486.000000
373083298.000000,12925.000000,6714.000000,310624.000000,197172.000000,148464786.000000,12085.000000
374002173.000000,14197.000000,7023.000000,280179.000000,148653.000000,148893618.000000,13360.000000
375000601.000000,15884.000000,7661.000000,303323.000000,162783.000000,149359724.000000,15354.000000
376000182.000000,14982.000000,7536.000000,307205.000000,166443.000000,149833372.000000,14492.000000
377005217.000000,12150.000000,5878.000000,280118.000000,185155.000000,150298645.000000,11145.000000
378003629.000000,13878.000000,6681.000000,311668.000000,165266.000000,150775579.000000,13401.000000
379000011.000000,15714.000000,7177.000000,328872.000000,159103.000000,151263554.000000,15114.000000
380000670.000000,11790.000000,5166.000000,295642.000000,181628.000000,151740824.000000,10743.000000
381005499.000000,14367.000000,6840.000000,315496.000000,169945.000000,152226265.000000,13929.000000
382000077.000000,15704.000000,7965.000000,309024.000000,168412.000000,152703701.000000,15169.000000
383048790.000000,13408.000000,6719.000000,306027.000000,191002.000000,153200730.000000,12953.000000
384008439.000000,11905.000000,5789.000000,296196.000000,163742.000000,153660668.000000,10933.000000
385000082.000000,13979.000000,7117.000000,310617.000000,167610.000000,154138895.000000,13428.000000
386006124.000000,15851.000000,7533.000000,316587.000000,170354.000000,154625836.000000,15356.000000
387000183.000000,13103.000000,5835.000000,280572.000000,195196.000000,155101604.000000,12039.000000
388000118.000000,12027.000000,5836.000000,302612.000000,174410.000000,155578626.000000,11628.000000
389074157.000000,12276.000000,6256.000000,334943.000000,178964.000000,156092533.000000,11882.000000
390005453.000000,13974.000000,6967.000000,295811.000000,151870.000000,156540214.000000,13450.000000
391000012.000000,12408.000000,5967.000000,290823.000000,184439.000000,157015476.000000,11348.000000
392000436.000000,16093.000000,7734.000000,322557.000000,168340.000000,157506373.000000,15627.000000
393000012.000000,15715.000000,7585.000000,325716.000000,167449.000000,157999538.000000,15133.000000
394005527.000000,12452.000000,5263.000000,289697.000000,193107.000000,158482342.000000,11515.000000
395003268.000000,16878.000000,7993.000000,319295.000000,170210.000000,158971847.000000,16330.000000
396036933.000000,11838.000000,5714.000000,315863.000000,175267.000000,159462977.000000,11455.000000
397000186.000000,15189.000000,6991.000000,310402.000000,155907.000000,159929286.000000,14592.000000
398000032.000000,12595.000000,5622.000000,287505.000000,191511.000000,160408302.000000,11614.000000
399005961.000000,16565.000000,7583.000000,322876.000000,169169.000000,160900347.000000,16119.000000
400000097.000000,16366.000000,7572.000000,316383.000000,172507.000000,161389237.000000,15784.000000
401000290.000000,10635.000000,4924.000000,282199.000000,195028.000000,161866464.000000,9740.000000
402003684.000000,13236.000000,6805.000000,321699.000000,163102.000000,162351265.000000,12781.000000
403001628.000000,16039.000000,7546.000000,324110.000000,164343.000000,162839718.000000,15496.000000
404043290.000000,13441.000000,6158.000000,304842.000000,201166.000000,163345726.000000,12843.000000
405000216.000000,15582.000000,7437.000000,304226.000000,164847.000000,163814799.000000,14772.000000
406003261.000000,16283.000000,7473.000000,325502.000000,168747.000000,164309048.000000,15808.000000
407000213.000000,16025.000000,7602.000000,321936.000000,168842.000000,164799826.000000,15443.000000
408000027.000000,11673.000000,5536.000000,292164.000000,186757.000000,165278747.000000,10835.000000
409000996.000000,13442.000000,6216.000000,318792.000000,165382.000000,165762921.000000,13001.000000
410005586.000000,14725.000000,6697.000000,316399.000000,168055.000000,166247375.000000,14238.000000
411000295.000000,12961.000000,5780.000000,293504.000000,187665.000000,166728544.000000,12176.000000
412000008.000000,13722.000000,6548.000000,320281.000000,167638.000000,167216463.000000,13235.000000
413000374.000000,14134.000000,6853.000000,320185.000000,169732.000000,167706380.000000,13654.000000
414002421.000000,16405.000000,7938.000000,328868.000000,165446.000000,168200694.000000,15848.000000
415000592.000000,12614.000000,5696.000000,299767.000000,185719.000000,168686180.000000,11817.000000
416012347.000000,14531.000000,6778.000000,318432.000000,175609.000000,169180221.000000,14090.000000
417000056.000000,15678.000000,7090.000000,330847.000000,161820.000000,169672888.000000,15122.000000
418051573.000000,10379.000000,4839.000000,304812.000000,198368.000000,170176068.000000,9879.000000
419000178.000000,12962.000000,5773.000000,300532.000000,162452.000000,170639052.000000,12224.000000
420006197.000000,14577.000000,7363.000000,339666.000000,157038.000000,171135756.000000,14112.000000
421000047.000000,11959.000000,6000.000000,310879.000000,169306.000000,171615941.000000,11506.000000
422005093.000000,11753.000000,5669.000000,305751.000000,184345.000000,172106037.000000,11019.000000
423001066.000000,13368.000000,6013.000000,314272.000000,166826.000000,172587135.000000,12848.000000
424000373.000000,15648.000000,6854.000000,324971.000000,167418.000000,173079524.000000,15216.000000
425000026.000000,16084.000000,7134.000000,331080.000000,164936.000000,173575540.000000,15495.000000
426000676.000000,9776.000000,4554.000000,286192.000000,190533.000000,174052265.000000,9144.000000
427002080.000000,14467.000000,6931.000000,320129.000000,164034.000000,174536428.000000,13919.000000
428002716.000000,16439.000000,7689.000000,327144.000000,165803.000000,175029375.000000,15897.000000
429031542.000000,12831.000000,6052.000000,308403.000000,195233.000000,175533011.000000,12465.000000
430000805.000000,15674.000000,6578.000000,309823.000000,166637.000000,176009471.000000,14804.000000
431007262.000000,16029.000000,7089.000000,332446.000000,164668.000000,176506585.000000,15556.000000
432000847.000000,12968.000000,6413.000000,318217.000000,164371.000000,176989173.000000,12462.000000
433004472.000000,10730.000000,4716.000000,290958.000000,191284.000000,177471415.000000,10115.000000
434000105.000000,13650.000000,6515.000000,321662.000000,164750.000000,177957827.000000,13176.000000
435000017.000000,11606.000000,5649.000000,311270.000000,167981.000000,178437078.000000,11170.000000
436000090.000000,15785.000000,6782.000000,335175.000000,161969.000000,178934222.000000,15243.000000
437004375.000000,12010.000000,5430.000000,307342.000000,185744.000000,179427308.000000,11365.000000
438000008.000000,14019.000000,6081.000000,320775.000000,165111.000000,179913194.000000,13457.000000
439000015.000000,12344.000000,6653.000000,321790.000000,165211.000000,180400195.000000,11976.000000
440000004.000000,13429.000000,6764.000000,325990.000000,165928.000000,180892113.000000,12923.000000
441000014.000000,10138.000000,4683.000000,287319.000000,188129.000000,181367561.000000,9537.000000
442000210.000000,16017.000000,7238.000000,336067.000000,164063.000000,181867691.000000,15498.000000
443000275.000000,13147.000000,6115.000000,321778.000000,163710.000000,182353179.000000,12735.000000
444000035.000000,14297.000000,6489.000000,308863.000000,167853.000000,182829895.000000,13672.000000
445006393.000000,12588.000000,5327.000000,298026.000000,187443.000000,183315364.000000,12139.000000
446000353.000000,15021.000000,6922.000000,322163.000000,158606.000000,183796133.000000,14482.000000
447001045.000000,15315.000000,6861.000000,322374.000000,162703.000000,184281210.000000,14802.000000
448000007.000000,12022.000000,5059.000000,291719.000000,188766.000000,184761695.000000,11374.000000
449000032.000000,15717.000000,7121.000000,319007.000000,167885.000000,185248587.000000,15256.000000
450000312.000000,15792.000000,6753.000000,324322.000000,167024.000000,185739933.000000,15287.000000
451003847.000000,15478.000000,6780.000000,324432.000000,165893.000000,186230258.000000,15020.000000
452000001.000000,12197.000000,5683.000000,295719.000000,187687.000000,186713664.000000,11631.000000
453000201.000000,15265.000000,7111.000000,328369.000000,163340.000000,187205373.000000,14710.000000
454000066.000000,16112.000000,6977.000000,327978.000000,166494.000000,187699845.000000,15602.000000
455000413.000000,12226.000000,5376.000000,296507.000000,194503.000000,188190855.000000,11844.000000
456000152.000000,15973.000000,6881.000000,327281.000000,167668.000000,188685804.000000,15424.000000
457002657.000000,15308.000000,7251.000000,326118.000000,163354.000000,189175276.000000,14871.000000
458000037.000000,14742.000000,6946.000000,327152.000000,157786.000000,189660214.000000,14239.000000
459000097.000000,11689.000000,5307.000000,298309.000000,190190.000000,190148713.000000,11235.000000
460000742.000000,16263.000000,7098.000000,325394.000000,165798.000000,190639905.000000,15761.000000
461002567.000000,15741.000000,6849.000000,321360.000000,166688.000000,191127953.000000,15326.000000
462001834.000000,9814.000000,4487.000000,286007.000000,192717.000000,191606677.000000,9401.000000
463000124.000000,14107.000000,6368.000000,319217.000000,161441.000000,192087335.000000,13630.000000
464000039.000000,16031.000000,7593.000000,329591.000000,155701.000000,192572627.000000,15495.000000
465002864.000000,11130.000000,5623.000000,308897.000000,167248.000000,193048772.000000,10779.000000
466000028.000000,12406.000000,5288.000000,299953.000000,187435.000000,193536160.000000,11916.000000
467004988.000000,13647.000000,6040.000000,310781.000000,168886.000000,194015827.000000,13287.000000
468001032.000000,11671.000000,5326.000000,299972.000000,174507.000000,194490306.000000,11287.000000
469002757.000000,16633.000000,7695.000000,342204.000000,159228.000000,194991738.000000,16082.000000
470000194.000000,10958.000000,5405.000000,305278.000000,182646.000000,195479662.000000,10511.000000
471003452.000000,14218.000000,6977.000000,343471.000000,153673.000000,195976806.000000,13732.000000
472000030.000000,14263.000000,7245.000000,336819.000000,160574.000000,196474199.000000,13669.000000
473009011.000000,14452.000000,6721.000000,333941.000000,164225.000000,196972365.000000,14052.000000
474000086.000000,11087.000000,5300.000000,302955.000000,185700.000000,197461020.000000,10585.000000
475000014.000000,14339.000000,6752.000000,337784.000000,161744.000000,197960548.000000,13846.000000
476000047.000000,14599.000000,6936.000000,336297.000000,156986.000000,198453831.000000,14127.000000
477000010.000000,10214.000000,5196.000000,308144.000000,169306.000000,198931281.000000,9791.000000
478002110.000000,10578.000000,5582.000000,311396.000000,180177.000000,199422854.000000,10181.000000
479000221.000000,12709.000000,5935.000000,316904.000000,167070.000000,199906828.000000,12222.000000
480004869.000000,15388.000000,6722.000000,334004.000000,165228.000000,200406060.000000,14932.000000
481000079.000000,12631.000000,5458.000000,306583.000000,190534.000000,200903177.000000,12182.000000
482000019.000000,14298.000000,6201.000000,334927.000000,159098.000000,201397202.000000,13835.000000
483000094.000000,14120.000000,6990.000000,337055.000000,161541.000000,201895798.000000,13610.000000
484000022.000000,11916.000000,5909.000000,321426.000000,167278.000000,202384502.000000,11438.000000
485001159.000000,8866.000000,4467.000000,293614.000000,192303.000000,202870419.000000,8565.000000
486000013.000000,11942.000000,4972.000000,311084.000000,172155.000000,203353658.000000,11513.000000
487000002.000000,13181.000000,5589.000000,320229.000000,168975.000000,203842862.000000,12699.000000
488000006.000000,14307.000000,6568.000000,333167.000000,164156.000000,204340185.000000,13806.000000
489037139.000000,9679.000000,4750.000000,312842.000000,195743.000000,204848770.000000,9397.000000
490008593.000000,13180.000000,6405.000000,325269.000000,156392.000000,205330431.000000,12658.000000
491002501.000000,14605.000000,7104.000000,336246.000000,159493.000000,205826170.000000,14073.000000
492024441.000000,12722.000000,5868.000000,329778.000000,173472.000000,206329420.000000,12326.000000
493000044.000000,11755.000000,4727.000000,296818.000000,188992.000000,206815230.000000,11273.000000
494000014.000000,13076.000000,6197.000000,319362.000000,172010.000000,207306602.000000,12701.000000
495005743.000000,13458.000000,6306.000000,329288.000000,164534.000000,207800424.000000,13010.000000
496000167.000000,14884.000000,6687.000000,334597.000000,160425.000000,208295446.000000,14294.000000
497000199.000000,9296.000000,4554.000000,293558.000000,192435.000000,208781439.000000,8990.000000
498000186.000000,14338.000000,6922.000000,339906.000000,156244.000000,209277589.000000,13802.000000
499013561.000000,10322.000000,5131.000000,309883.000000,178926.000000,209766398.000000,9957.000000
500000511.000000,13480.000000,5640.000000,315108.000000,172035.000000,210253541.000000,12963.000000
501000023.000000,8960.000000,4184.000000,289816.000000,198595.000000,210741952.000000,8657.000000
502000261.000000,15134.000000,7023.000000,337606.000000,169422.000000,211248980.000000,14565.000000
503000077.000000,13020.000000,5707.000000,320701.000000,170550.000000,211740231.000000,12559.000000
504000123.000000,15826.000000,7120.000000,339576.000000,162444.000000,212242251.000000,15293.000000
505003126.000000,12169.000000,5862.000000,310145.000000,190488.000000,212742884.000000,11828.000000
506006456.000000,15611.000000,6891.000000,334917.000000,168269.000000,213246070.000000,15101.000000
507000406.000000,15227.000000,7025.000000,326740.000000,169085.000000,213741895.000000,14702.000000
508099832.000000,14159.000000,6372.000000,346122.000000,208030.000000,214296047.000000,13790.000000
509005336.000000,13335.000000,5707.000000,302345.000000,146702.000000,214745094.000000,12850.000000
510000322.000000,15113.000000,7325.000000,336374.000000,162628.000000,215244096.000000,14583.000000
511000045.000000,13956.000000,6348.000000,333554.000000,164367.000000,215742017.000000,13421.000000
512098231.000000,11022.000000,4751.000000,326291.000000,207985.000000,216276293.000000,10714.000000
513000033.000000,13102.000000,5837.000000,299410.000000,151422.000000,216727125.000000,12591.000000
514000031.000000,15483.000000,6911.000000,334893.000000,168424.000000,217230442.000000,14939.000000
515000016.000000,13678.000000,6448.000000,324768.000000,165924.000000,217721134.000000,13204.000000
516002804.000000,9411.000000,4642.000000,296163.000000,192412.000000,218209709.000000,9147.000000
517000026.000000,15105.000000,7443.000000,338903.000000,160403.000000,218709015.000000,14511.000000
518001019.000000,14963.000000,6941.000000,337274.000000,161514.000000,219207803.000000,14469.000000
519094127.000000,13273.000000,6119.000000,342316.000000,205365.000000,219755484.000000,12848.000000
520000108.000000,14655.000000,6768.000000,307406.000000,153465.000000,220216355.000000,14089.000000
521000078.000000,15340.000000,7107.000000,338865.000000,162504.000000,220717724.000000,14819.000000
522000586.000000,14012.000000,6436.000000,335230.000000,164799.000000,221217753.000000,13571.000000
523000022.000000,10824.000000,4960.000000,308413.000000,190033.000000,221716199.000000,10402.000000
524000281.000000,13627.000000,5514.000000,324103.000000,165881.000000,222206183.000000,13158.000000
525000037.000000,11177.000000,4972.000000,305811.000000,173472.000000,222685466.000000,10867.000000
526005647.000000,17393.000000,7805.000000,339725.000000,168030.000000,223193221.000000,16834.000000
527003026.000000,9293.000000,3986.000000,294512.000000,192318.000000,223680051.000000,8973.000000
528001368.000000,12788.000000,6028.000000,325530.000000,166649.000000,224172230.000000,12267.000000
529000009.000000,12992.000000,5888.000000,315230.000000,171795.000000,224659255.000000,12574.000000
530000733.000000,15386.000000,6993.000000,342056.000000,160855.000000,225162166.000000,14879.000000
531000404.000000,11907.000000,5333.000000,313706.000000,188285.000000,225664157.000000,11492.000000
532002216.000000,15655.000000,6861.000000,337883.000000,166864.000000,226168904.000000,15161.000000
533007555.000000,16434.000000,7706.000000,345646.000000,162133.000000,226676683.000000,15886.000000
534005302.000000,12357.000000,5264.000000,309625.000000,189864.000000,227176172.000000,11951.000000
535000235.000000,15993.000000,7963.000000,338749.000000,160417.000000,227675338.000000,15392.000000
536005303.000000,13779.000000,6529.000000,329943.000000,164365.000000,228169646.000000,13326.000000
537225945.000000,16555.000000,7584.000000,383193.000000,227946.000000,228780785.000000,16052.000000
538003122.000000,13044.000000,5907.000000,254751.000000,133459.000000,229168995.000000,12589.000000
539001145.000000,14648.000000,6471.000000,319429.000000,173099.000000,229661523.000000,14150.000000
540000050.000000,15848.000000,6905.000000,338356.000000,164050.000000,230163929.000000,15337.000000
541002398.000000,10248.000000,4688.000000,307666.000000,189424.000000,230661019.000000,9938.000000
542000051.000000,15564.000000,6752.000000,336860.000000,165376.000000,231163255.000000,14966.000000
543000090.000000,16322.000000,6978.000000,343060.000000,163048.000000,231669363.000000,15783.000000
544233994.000000,16388.000000,7226.000000,390330.000000,228513.000000,232288206.000000,15965.000000
545003458.000000,12309.000000,5438.000000,262649.000000,122706.000000,232673561.000000,11850.000000
546000557.000000,15574.000000,6777.000000,341228.000000,160467.000000,233175256.000000,15012.000000
547000026.000000,15808.000000,7171.000000,344784.000000,162282.000000,233682322.000000,15246.000000
548007372.000000,11664.000000,5581.000000,312945.000000,192450.000000,234187717.000000,11348.000000
549000063.000000,15334.000000,6649.000000,332114.000000,166917.000000,234686748.000000,14797.000000
550008192.000000,15153.000000,6668.000000,337045.000000,167639.000000,235191432.000000,14687.000000
551223435.000000,15929.000000,6285.000000,387297.000000,224010.000000,235802739.000000,15433.000000
552000131.000000,13150.000000,5391.000000,264196.000000,128800.000000,236195735.000000,12629.000000
553000584.000000,15798.000000,7142.000000,338628.000000,165944.000000,236700307.000000,15291.000000
554001344.000000,15087.000000,6162.000000,333632.000000,172395.000000,237206334.000000,14691.000000
555003064.000000,11866.000000,4883.000000,309649.000000,191758.000000,237707741.000000,11460.000000
556000134.000000,15506.000000,6996.000000,334432.000000,170657.000000,238212830.000000,14970.000000
557000768.000000,14857.000000,6349.000000,334676.000000,172931.000000,238720437.000000,14362.000000
558000163.000000,14931.000000,6318.000000,337229.000000,171320.000000,239228986.000000,14398.000000
559004923.000000,11552.000000,5409.000000,315159.000000,192924.000000,239737069.000000,11225.000000
560037894.000000,14421.000000,6514.000000,338088.000000,173898.000000,240249055.000000,13992.000000
561136411.000000,15875.000000,7115.000000,353602.000000,185368.000000,240788025.000000,15324.000000
562000519.000000,10426.000000,4895.000000,266479.000000,169824.000000,241224328.000000,10051.000000
563000001.000000,16244.000000,7286.000000,341508.000000,159410.000000,241725246.000000,15695.000000
564005668.000000,16923.000000,7417.000000,342991.000000,163439.000000,242231676.000000,16468.000000
565161389.000000,15238.000000,6993.000000,366950.000000,215420.000000,242814046.000000,14781.000000
566006921.000000,14428.000000,6274.000000,291652.000000,136227.000000,243241925.000000,13902.000000
567000040.000000,16107.000000,6929.000000,333528.000000,169205.000000,243744658.000000,15539.000000
568000222.000000,15860.000000,6831.000000,340760.000000,165469.000000,244250887.000000,15366.000000
569004284.000000,11955.000000,5394.000000,318631.000000,189742.000000,244759260.000000,11622.000000
570007316.000000,16007.000000,6875.000000,345297.000000,165147.000000,245269704.000000,15487.000000
571001087.000000,14570.000000,6605.000000,333616.000000,165366.000000,245768686.000000,14065.000000
572000556.000000,12544.000000,5634.000000,316395.000000,188965.000000,246274046.000000,12120.000000
573000429.000000,15523.000000,6984.000000,340268.000000,166003.000000,246780317.000000,15042.000000
574000075.000000,16167.000000,6887.000000,339295.000000,169420.000000,247289032.000000,15653.000000
575000044.000000,15339.000000,6758.000000,340562.000000,162852.000000,247792446.000000,14843.000000
576000252.000000,11208.000000,4978.000000,314386.000000,186121.000000,248292953.000000,10783.000000
577004745.000000,16148.000000,7185.000000,345468.000000,164334.000000,248802755.000000,15646.000000
578001257.000000,15792.000000,7046.000000,340103.000000,164028.000000,249306886.000000,15287.000000
579000093.000000,12624.000000,4993.000000,316350.000000,191257.000000,249814493.000000,12143.000000
580000042.000000,15662.000000,6733.000000,340504.000000,167687.000000,250322684.000000,15234.000000
581000005.000000,16394.000000,7070.000000,342975.000000,164421.000000,250830080.000000,15864.000000
582006240.000000,15747.000000,7014.000000,340624.000000,170071.000000,251340775.000000,15287.000000
583000163.000000,11936.000000,5464.000000,311272.000000,194024.000000,251846071.000000,11464.000000
584000313.000000,17027.000000,7619.000000,343112.000000,170357.000000,252359540.000000,16533.000000
585000135.000000,16893.000000,7632.000000,341709.000000,169543.000000,252870792.000000,16364.000000
586000007.000000,12967.000000,5334.000000,313782.000000,196070.000000,253380644.000000,12547.000000
587000006.000000,15788.000000,6698.000000,340791.000000,168049.000000,253889484.000000,15321.000000
588000109.000000,16259.000000,7632.000000,338672.000000,168138.000000,254396294.000000,15753.000000
589000092.000000,12200.000000,5414.000000,314476.000000,192499.000000,254903269.000000,11775.000000
590000005.000000,15925.000000,7060.000000,339654.000000,162970.000000,255405893.000000,15367.000000
591000237.000000,13868.000000,6105.000000,330429.000000,167291.000000,255903613.000000,13430.000000
592000073.000000,16476.000000,7332.000000,341026.000000,165820.000000,256410459.000000,15906.000000
593000006.000000,12073.000000,5525.000000,317365.000000,185513.000000,256913337.000000,11655.000000
594004196.000000,15479.000000,6701.000000,340998.000000,167235.000000,257421570.000000,15032.000000
595006759.000000,17098.000000,7522.000000,341368.000000,168264.000000,257931202.000000,16561.000000
596000412.000000,12063.000000,5173.000000,310472.000000,189052.000000,258430726.000000,11600.000000
597005449.000000,13799.000000,6236.000000,329847.000000,170073.000000,258930646.000000,13406.000000
598001273.000000,15733.000000,6933.000000,338657.000000,171621.000000,259440924.000000,15141.000000
599000502.000000,15951.000000,6970.000000,340496.000000,164903.000000,259946323.000000,15442.000000
600001980.000000,11645.000000,5079.000000,316548.000000,188268.000000,260451139.000000,11286.000000
601005631.000000,16369.000000,6978.000000,342978.000000,170007.000000,260964124.000000,15885.000000
602001346.000000,16585.000000,6999.000000,337575.000000,169329.000000,261471028.000000,16075.000000
603000104.000000,12191.000000,5572.000000,314873.000000,192800.000000,261978701.000000,11765.000000
604000003.000000,16945.000000,6801.000000,338447.000000,171017.000000,262488165.000000,16450.000000
605004782.000000,17105.000000,7194.000000,343808.000000,167010.000000,262998983.000000,16642.000000
606000020.000000,12285.000000,5270.000000,316493.000000,188707.000000,263504183.000000,11847.000000
607000047.000000,17544.000000,7945.000000,338584.000000,170447.000000,264013214.000000,16980.000000
608006657.000000,16677.000000,7111.000000,343269.000000,168708.000000,264525191.000000,16193.000000
609007540.000000,16449.000000,6527.000000,339433.000000,170409.000000,265035033.000000,15994.000000
610000182.000000,10064.000000,4514.000000,296853.000000,194701.000000,265526587.000000,9736.000000
611000592.000000,15945.000000,6949.000000,337426.000000,162477.000000,266026490.000000,15411.000000
612000057.000000,17765.000000,7817.000000,336295.000000,172517.000000,266535302.000000,17167.000000
613000004.000000,12288.000000,5059.000000,311969.000000,190171.000000,267037442.000000,11906.000000
614028884.000000,15839.000000,6215.000000,332678.000000,179762.000000,267549882.000000,15473.000000
615000054.000000,15865.000000,6442.000000,331874.000000,160692.000000,268042448.000000,15322.000000
616148447.000000,13501.000000,5448.000000,349750.000000,218386.000000,268610584.000000,13096.000000
617148427.000000,14388.000000,6462.000000,323034.000000,168721.000000,269102339.000000,13926.000000
618003717.000000,14612.000000,5954.000000,295608.000000,139761.000000,269537708.000000,14097.000000
619005327.000000,14545.000000,5945.000000,324455.000000,170494.000000,270032657.000000,14094.000000
620000484.000000,10792.000000,4050.000000,298286.000000,195019.000000,270525962.000000,10412.000000
621000578.000000,16725.000000,6731.000000,342739.000000,165527.000000,271034228.000000,16213.000000
622000001.000000,17748.000000,7078.000000,339214.000000,169890.000000,271543332.000000,17192.000000
623099058.000000,14067.000000,5787.000000,351494.000000,205336.000000,272100162.000000,13707.000000
624000003.000000,15632.000000,6435.000000,307187.000000,150344.000000,272557693.000000,15063.000000
625000064.000000,17629.000000,7424.000000,337692.000000,173584.000000,273068969.000000,17101.000000
626000215.000000,16250.000000,6564.000000,337779.000000,169263.000000,273576011.000000,15786.000000
627000151.000000,12154.000000,4976.000000,315958.000000,189239.000000,274081208.000000,11767.000000
628000491.000000,17346.000000,7194.000000,344014.000000,168783.000000,274594005.000000,16817.000000
629004262.000000,16981.000000,7517.000000,344102.000000,166404.000000,275104511.000000,16431.000000
630000027.000000,13161.000000,5201.000000,310257.000000,196130.000000,275610898.000000,12697.000000
631001749.000000,16605.000000,6730.000000,335239.000000,170610.000000,276116747.000000,16189.000000
632000002.000000,16393.000000,7033.000000,339242.000000,168444.000000,276624433.000000,15814.000000
633058409.000000,13199.000000,5556.000000,334084.000000,201808.000000,277160325.000000,12881.000000
634002443.000000,16143.000000,6671.000000,319360.000000,158415.000000,277638100.000000,15660.000000
635002477.000000,16572.000000,7132.000000,337364.000000,163879.000000,278139343.000000,15974.000000
636000009.000000,17500.000000,7168.000000,337885.000000,167739.000000,278644967.000000,16904.000000
637000712.000000,13063.000000,5713.000000,317957.000000,189032.000000,279151956.000000,12723.000000
638000309.000000,17433.000000,7215.000000,341801.000000,167635.000000,279661392.000000,16877.000000
639000856.000000,16159.000000,6823.000000,340236.000000,168782.000000,280170410.000000,15626.000000
640000007.000000,12907.000000,4973.000000,317800.000000,193181.000000,280681391.000000,12473.000000
641000387.000000,17228.000000,7304.000000,341490.000000,165694.000000,281188575.000000,16736.000000
642005631.000000,17002.000000,7456.000000,339659.000000,169746.000000,281697980.000000,16516.000000
643003434.000000,12578.000000,5439.000000,315160.000000,191071.000000,282204211.000000,12187.000000
644000111.000000,17264.000000,7170.000000,337505.000000,171592.000000,282713308.000000,16734.000000
645003846.000000,17229.000000,6885.000000,339709.000000,173301.000000,283226318.000000,16729.000000
646029658.000000,13921.000000,5660.000000,328671.000000,196429.000000,283751418.000000,13553.000000
647000112.000000,17395.000000,7017.000000,332764.000000,165341.000000,284249523.000000,16748.000000
648000453.000000,16647.000000,6744.000000,339168.000000,169694.000000,284758385.000000,16168.000000
649000588.000000,17037.000000,7332.000000,348558.000000,162322.000000,285269265.000000,16489.000000
650000054.000000,13037.000000,5631.000000,317704.000000,193414.000000,285780383.000000,12637.000000
651002302.000000,16321.000000,6771.000000,339216.000000,168198.000000,286287797.000000,15859.000000
652000223.000000,17398.000000,6711.000000,340665.000000,168471.000000,286796933.000000,16847.000000
653000028.000000,12689.000000,4960.000000,315002.000000,193219.000000,287305154.000000,12269.000000
654000014.000000,15915.000000,6618.000000,337470.000000,165614.000000,287808238.000000,15415.000000
655000004.000000,16773.000000,7649.000000,339154.000000,169594.000000,288316986.000000,16253.000000
656000190.000000,13635.000000,5248.000000,316732.000000,192188.000000,288825906.000000,13202.000000
657005228.000000,18294.000000,7388.000000,346063.000000,164974.000000,289336943.000000,17778.000000
658005193.000000,18032.000000,6606.000000,343102.000000,166484.000000,289846529.000000,17489.000000
659108275.000000,14951.000000,5948.000000,355163.000000,204940.000000,290406632.000000,14543.000000
660003243.000000,15134.000000,6580.000000,304681.000000,149157.000000,290860470.000000,14635.000000
661003572.000000,17309.000000,7330.000000,340850.000000,166729.000000,291368049.000000,16750.000000
662001548.000000,17295.000000,6668.000000,340120.000000,167718.000000,291875887.000000,16793.000000
663006410.000000,13460.000000,5302.000000,321227.000000,192689.000000,292389803.000000,13050.000000
664004175.000000,17066.000000,7008.000000,339567.000000,169634.000000,292899004.000000,16526.000000
665000013.000000,16190.000000,7044.000000,336873.000000,168925.000000,293404802.000000,15649.000000
666004103.000000,12242.000000,5537.000000,320851.000000,189237.000000,293914890.000000,11878.000000
667000338.000000,16769.000000,7007.000000,337831.000000,170446.000000,294423167.000000,16176.000000
668007222.000000,18781.000000,7216.000000,341874.000000,172536.000000,294937577.000000,18305.000000
669000107.000000,13193.000000,5426.000000,316644.000000,192126.000000,295446347.000000,12756.000000
670000068.000000,18446.000000,7128.000000,341125.000000,168284.000000,295955756.000000,17897.000000
671006021.000000,17634.000000,7253.000000,341355.000000,172348.000000,296469459.000000,17200.000000
672053582.000000,13883.000000,5935.000000,334070.000000,197848.000000,297001377.000000,13488.000000
673006989.000000,16484.000000,6405.000000,323917.000000,161876.000000,297487170.000000,15929.000000
674002220.000000,17885.000000,6796.000000,334826.000000,174550.000000,297996546.000000,17365.000000
675000001.000000,17327.000000,7125.000000,336602.000000,172761.000000,298505909.000000,16762.000000
676001266.000000,12024.000000,5101.000000,312311.000000,191948.000000,299010168.000000,11709.000000
677000052.000000,16089.000000,6623.000000,336314.000000,170018.000000,299516500.000000,15556.000000
678004605.000000,18164.000000,6974.000000,341120.000000,174261.000000,300031881.000000,17647.000000
679000445.000000,14095.000000,5684.000000,317318.000000,193697.000000,300542896.000000,13646.000000
680000075.000000,18322.000000,7261.000000,340817.000000,169322.000000,301053035.000000,17746.000000
681012344.000000,18866.000000,7562.000000,346220.000000,170470.000000,301569725.000000,18441.000000
682000002.000000,13281.000000,5743.000000,315334.000000,189676.000000,302074735.000000,12773.000000
683000263.000000,18364.000000,7465.000000,338020.000000,169245.000000,302582000.000000,17844.000000
684000960.000000,17588.000000,7359.000000,335355.000000,168099.000000,303085454.000000,17026.000000
685006595.000000,14169.000000,5580.000000,316422.000000,194044.000000,303595920.000000,13860.000000
686000023.000000,17988.000000,7402.000000,340281.000000,169168.000000,304105369.000000,17369.000000
687000678.000000,17310.000000,7027.000000,335937.000000,170063.000000,304611369.000000,16802.000000
688112488.000000,15252.000000,5823.000000,358122.000000,210148.000000,305179639.000000,14885.000000
689002908.000000,15197.000000,5765.000000,299044.000000,152812.000000,305631495.000000,14680.000000
690001717.000000,18496.000000,7293.000000,334046.000000,174479.000000,306140020.000000,17960.000000
691231093.000000,18643.000000,8063.000000,394560.000000,234523.000000,306769103.000000,18150.000000
692000298.000000,14513.000000,5421.000000,258455.000000,135446.000000,307163004.000000,14031.000000
693000271.000000,17668.000000,7139.000000,334847.000000,171529.000000,307669380.000000,17160.000000
694000271.000000,17788.000000,7152.000000,338925.000000,168658.000000,308176963.000000,17260.000000
695000089.000000,12943.000000,5179.000000,312634.000000,193517.000000,308683114.000000,12511.000000
696000207.000000,17323.000000,6444.000000,335956.000000,172085.000000,309191155.000000,16790.000000
697005076.000000,18394.000000,7678.000000,336439.000000,176464.000000,309704058.000000,17930.000000
698000165.000000,13568.000000,5582.000000,307573.000000,192415.000000,310204046.000000,13162.000000
699003310.000000,17752.000000,7028.000000,338309.000000,170803.000000,310713158.000000,17212.000000
700000984.000000,18732.000000,7506.000000,337181.000000,173008.000000,311223347.000000,18144.000000
701000091.000000,14169.000000,5712.000000,316673.000000,193839.000000,311733859.000000,13744.000000
702001872.000000,19122.000000,7463.000000,336693.000000,173999.000000,312244551.000000,18635.000000
703000167.000000,18926.000000,8022.000000,336836.000000,176255.000000,312757642.000000,18346.000000
704000333.000000,13847.000000,5676.000000,314447.000000,196139.000000,313268228.000000,13475.000000
705005823.000000,16857.000000,6478.000000,332561.000000,174313.000000,313775102.000000,16419.000000
706005225.000000,17771.000000,7153.000000,337352.000000,174282.000000,314286736.000000,17259.000000
707140833.000000,13448.000000,5195.000000,348398.000000,223957.000000,314859091.000000,13082.000000
708000008.000000,15879.000000,6223.000000,284816.000000,151010.000000,315294917.000000,15320.000000
709004578.000000,17412.000000,7055.000000,332019.000000,172563.000000,315799499.000000,16940.000000
710006156.000000,17631.000000,7223.000000,328251.000000,172650.000000,316300400.000000,17162.000000
711000005.000000,13859.000000,5382.000000,311697.000000,192225.000000,316804322.000000,13432.000000
712000227.000000,19500.000000,7552.000000,337283.000000,175979.000000,317317584.000000,18961.000000
713000113.000000,16093.000000,6663.000000,323026.000000,178251.000000,317818861.000000,15604.000000
714000112.000000,14149.000000,5852.000000,317574.000000,193743.000000,318330178.000000,13748.000000
715001292.000000,18101.000000,7454.000000,337904.000000,172768.000000,318840850.000000,17603.000000
716000011.000000,16764.000000,6702.000000,331090.000000,174882.000000,319346822.000000,16293.000000
717000308.000000,13103.000000,4859.000000,312480.000000,196821.000000,319856123.000000,12729.000000
718000627.000000,19306.000000,7680.000000,335877.000000,178483.000000,320370483.000000,18721.000000
719107774.000000,15159.000000,6176.000000,345869.000000,197675.000000,320914027.000000,14837.000000
720138019.000000,14579.000000,6136.000000,325569.000000,202756.000000,321442352.000000,14151.000000
721000314.000000,15473.000000,6209.000000,290348.000000,147035.000000,321879735.000000,14955.000000
722003447.000000,18517.000000,7270.000000,335049.000000,178095.000000,322392879.000000,18046.000000
723222170.000000,18805.000000,7527.000000,389842.000000,234952.000000,323017673.000000,18322.000000
724000010.000000,11467.000000,4924.000000,246619.000000,139109.000000,323403401.000000,11018.000000
725000067.000000,18971.000000,7828.000000,337074.000000,174435.000000,323914910.000000,18465.000000
726003669.000000,19318.000000,7526.000000,342328.000000,171693.000000,324428931.000000,18782.000000
727000419.000000,14096.000000,5717.000000,311722.000000,196163.000000,324936816.000000,13702.000000
728000008.000000,17718.000000,7030.000000,336000.000000,175729.000000,325448545.000000,17190.000000
729000001.000000,20814.000000,8042.000000,338307.000000,178056.000000,325964908.000000,20217.000000
730004194.000000,14248.000000,6115.000000,316281.000000,196415.000000,326477604.000000,13936.000000
731000026.000000,19174.000000,7555.000000,336858.000000,176952.000000,326991414.000000,18631.000000
732003013.000000,17855.000000,7147.000000,336913.000000,172411.000000,327500738.000000,17308.000000
733000414.000000,14321.000000,5343.000000,314499.000000,195218.000000,328010455.000000,13880.000000
734000030.000000,19709.000000,7824.000000,334096.000000,181123.000000,328525674.000000,19163.000000
735002331.000000,17404.000000,7365.000000,322653.000000,180640.000000,329028967.000000,16971.000000
736000020.000000,11861.000000,4818.000000,299020.000000,198101.000000,329526088.000000,11509.000000
737000005.000000,16736.000000,6551.000000,325475.000000,174644.000000,330026207.000000,16258.000000
738000140.000000,19043.000000,7452.000000,339809.000000,169693.000000,330535709.000000,18546.000000
739000012.000000,14928.000000,5922.000000,319012.000000,190815.000000,331045536.000000,14477.000000
740002086.000000,18875.000000,6976.000000,339838.000000,175683.000000,331561057.000000,18388.000000
741000004.000000,18346.000000,7473.000000,337678.000000,172594.000000,332071329.000000,17804.000000
742122403.000000,15558.000000,5973.000000,353304.000000,216864.000000,332641497.000000,15177.000000
743003163.000000,16435.000000,6426.000000,293256.000000,156235.000000,333090988.000000,15926.000000
744000083.000000,17440.000000,6767.000000,325408.000000,176722.000000,333593118.000000,16877.000000
745007248.000000,17571.000000,6935.000000,333991.000000,177140.000000,334104249.000000,17186.000000
746000292.000000,14429.000000,5681.000000,309812.000000,196693.000000,334610754.000000,13990.000000
747000064.000000,18471.000000,7328.000000,333015.000000,173804.000000,335117573.000000,17882.000000
748000324.000000,19576.000000,7545.000000,335450.000000,177922.000000,335630945.000000,19067.000000
749000065.000000,14762.000000,5991.000000,310360.000000,199282.000000,336140587.000000,14384.000000
750000009.000000,18602.000000,7202.000000,333991.000000,175105.000000,336649683.000000,18108.000000
751000083.000000,16863.000000,6565.000000,330481.000000,173555.000000,337153719.000000,16325.000000
752000035.000000,12601.000000,5300.000000,303168.000000,196810.000000,337653697.000000,12223.000000
753001586.000000,18715.000000,7492.000000,334138.000000,176937.000000,338164772.000000,18225.000000
754005019.000000,19857.000000,7553.000000,336856.000000,176336.000000,338677964.000000,19358.000000
755000317.000000,14806.000000,5813.000000,312747.000000,197291.000000,339188002.000000,14360.000000
756000331.000000,18481.000000,7213.000000,334267.000000,173799.000000,339696068.000000,18019.000000
757000041.000000,17865.000000,6829.000000,332767.000000,169537.000000,340198372.000000,17316.000000
758000183.000000,13676.000000,5359.000000,311872.000000,194616.000000,340704860.000000,13258.000000
759008149.000000,18667.000000,7489.000000,334362.000000,176816.000000,341216038.000000,18229.000000
760000120.000000,18577.000000,7014.000000,327885.000000,173130.000000,341717053.000000,17954.000000
761016650.000000,14681.000000,5512.000000,319706.000000,194008.000000,342230767.000000,14368.000000
762000513.000000,19109.000000,7515.000000,330087.000000,173300.000000,342734154.000000,18528.000000
763003127.000000,18779.000000,7520.000000,337129.000000,172418.000000,343243701.000000,18302.000000
764060741.000000,14991.000000,5950.000000,331506.000000,203720.000000,343778927.000000,14612.000000
765000132.000000,17026.000000,6297.000000,313518.000000,162766.000000,344255211.000000,16464.000000
766006611.000000,18361.000000,6697.000000,339526.000000,172470.000000,344767207.000000,17897.000000
767000007.000000,18629.000000,7219.000000,333349.000000,174785.000000,345275341.000000,18065.000000
768001200.000000,13957.000000,5170.000000,313031.000000,195185.000000,345783557.000000,13595.000000
769005546.000000,18533.000000,7613.000000,334278.000000,178916.000000,346296751.000000,18019.000000
770000376.000000,19527.000000,7508.000000,335424.000000,174478.000000,346806653.000000,18989.000000
771000051.000000,15413.000000,5624.000000,311041.000000,198892.000000,347316586.000000,14990.000000
772006543.000000,19889.000000,7475.000000,337252.000000,178421.000000,347832259.000000,19391.000000
773000108.000000,19415.000000,7752.000000,330695.000000,176961.000000,348339915.000000,18860.000000
774002930.000000,13984.000000,5551.000000,310149.000000,196525.000000,348846589.000000,13598.000000
775000070.000000,18112.000000,7261.000000,333316.000000,172334.000000,349352239.000000,17592.000000
776229355.000000,20367.000000,7834.000000,389798.000000,238573.000000,349980610.000000,19909.000000
777000182.000000,16375.000000,5943.000000,257857.000000,139771.000000,350378238.000000,15873.000000
778000115.000000,19024.000000,7321.000000,336568.000000,175255.000000,350890061.000000,18495.000000
779196505.000000,18228.000000,6948.000000,378149.000000,228452.000000,351496662.000000,17814.000000
780001271.000000,15820.000000,5942.000000,269486.000000,140707.000000,351906855.000000,15317.000000
781000010.000000,20017.000000,7589.000000,336882.000000,175735.000000,352419472.000000,19403.000000
782150775.000000,18004.000000,6605.000000,360837.000000,226303.000000,353006612.000000,17646.000000
783000071.000000,16428.000000,6543.000000,284349.000000,149529.000000,353440490.000000,15910.000000
784000150.000000,18854.000000,7251.000000,332856.000000,173935.000000,353947281.000000,18291.000000
785196857.000000,17919.000000,6685.000000,371146.000000,231444.000000,354549871.000000,17556.000000
786000092.000000,14854.000000,5722.000000,262883.000000,144643.000000,354957397.000000,14373.000000
787000110.000000,19080.000000,7388.000000,335962.000000,174708.000000,355468067.000000,18581.000000
788000052.000000,18346.000000,6958.000000,331183.000000,175202.000000,355974452.000000,17807.000000
789000029.000000,13158.000000,5411.000000,303470.000000,197179.000000,356475101.000000,12812.000000
790000135.000000,17483.000000,6581.000000,325830.000000,177348.000000,356978279.000000,17013.000000
791000095.000000,18151.000000,6621.000000,325797.000000,178661.000000,357482737.000000,17562.000000
792000011.000000,13929.000000,5333.000000,307563.000000,199947.000000,357990247.000000,13572.000000
793000163.000000,18515.000000,7039.000000,326900.000000,180553.000000,358497700.000000,18050.000000
794000002.000000,17434.000000,7007.000000,324558.000000,181497.000000,359003755.000000,16887.000000
795000047.000000,13024.000000,5330.000000,300458.000000,199975.000000,359504188.000000,12665.000000
796000026.000000,18984.000000,7325.000000,325636.000000,184142.000000,360013966.000000,18472.000000
797000177.000000,19632.000000,7469.000000,329151.000000,181359.000000,360524476.000000,19161.000000
798000058.000000,13716.000000,5095.000000,299866.000000,203171.000000,361027513.000000,13321.000000
799000283.000000,17960.000000,7174.000000,322664.000000,181058.000000,361531235.000000,17430.000000
800000002.000000,17685.000000,6584.000000,323542.000000,179755.000000,362034532.000000,17202.000000
801004612.000000,14893.000000,5804.000000,304777.000000,201479.000000,362540788.000000,14530.000000
802005183.000000,19344.000000,7265.000000,329467.000000,180552.000000,363050807.000000,18822.000000
803000013.000000,17449.000000,6749.000000,311841.000000,186893.000000,363549541.000000,16952.000000
804142463.000000,14429.000000,5443.000000,336386.000000,232073.000000,364118000.000000,14155.000000
805000507.000000,16464.000000,6588.000000,283510.000000,153353.000000,364554863.000000,15904.000000
806000008.000000,19348.000000,7448.000000,326970.000000,180353.000000,365062186.000000,18800.000000
807000095.000000,14305.000000,5354.000000,304100.000000,195645.000000,365561931.000000,14008.000000
808000699.000000,16821.000000,6410.000000,313101.000000,183140.000000,366058172.000000,16372.000000
809002691.000000,16733.000000,6690.000000,317120.000000,184300.000000,366559592.000000,16327.000000
810000191.000000,12288.000000,4934.000000,301185.000000,179154.000000,367039931.000000,11821.000000
811000035.000000,13356.000000,5366.000000,303511.000000,197913.000000,367541355.000000,12976.000000
812000068.000000,17242.000000,6849.000000,324298.000000,179929.000000,368045582.000000,16768.000000
813000071.000000,17805.000000,6901.000000,324351.000000,180239.000000,368550172.000000,17279.000000
814000005.000000,14682.000000,5559.000000,302272.000000,204527.000000,369056971.000000,14330.000000
815000094.000000,18932.000000,7681.000000,323954.000000,184245.000000,369565170.000000,18433.000000
816000081.000000,17349.000000,6700.000000,320873.000000,180355.000000,370066398.000000,16845.000000
817004626.000000,13622.000000,5266.000000,307370.000000,196341.000000,370570109.000000,13306.000000
818000028.000000,18894.000000,7314.000000,324235.000000,183182.000000,371077526.000000,18343.000000
819000069.000000,18652.000000,7281.000000,322710.000000,182847.000000,371583083.000000,18165.000000
820000730.000000,13559.000000,5145.000000,298418.000000,202796.000000,372084297.000000,13179.000000
821003203.000000,16916.000000,6741.000000,314191.000000,184476.000000,372582964.000000,16498.000000
822003214.000000,17295.000000,7084.000000,319117.000000,178601.000000,373080682.000000,16786.000000
823003805.000000,13410.000000,5320.000000,298915.000000,202309.000000,373581906.000000,13063.000000
824000099.000000,18035.000000,6788.000000,323546.000000,179492.000000,374084944.000000,17460.000000
825001336.000000,19958.000000,7963.000000,326238.000000,187703.000000,374598885.000000,19493.000000
826003151.000000,15165.000000,5936.000000,303059.000000,202537.000000,375104481.000000,14747.000000
827000781.000000,18603.000000,7667.000000,326870.000000,178370.000000,375609721.000000,18085.000000
828001146.000000,20185.000000,7614.000000,323480.000000,184846.000000,376118047.000000,19686.000000
829002381.000000,15199.000000,5559.000000,301697.000000,203618.000000,376623362.000000,14814.000000
830004448.000000,19744.000000,7815.000000,326153.000000,185486.000000,377135001.000000,19273.000000
831000151.000000,19743.000000,7902.000000,327558.000000,183166.000000,377645725.000000,19190.000000
832004909.000000,15358.000000,6177.000000,304340.000000,203709.000000,378153774.000000,14962.000000
833008610.000000,16337.000000,6403.000000,317082.000000,185160.000000,378656016.000000,15957.000000
834005071.000000,20284.000000,7906.000000,330173.000000,182284.000000,379168473.000000,19693.000000
835000258.000000,15363.000000,6081.000000,302156.000000,207070.000000,379677699.000000,14988.000000
836000003.000000,19920.000000,7263.000000,331817.000000,182868.000000,380192384.000000,19332.000000
837002136.000000,16813.000000,6718.000000,315295.000000,186225.000000,380693904.000000,16411.000000
838000520.000000,15550.000000,5862.000000,299987.000000,204091.000000,381197982.000000,15136.000000
839002561.000000,20068.000000,7586.000000,331283.000000,183337.000000,381712602.000000,19567.000000
840000035.000000,19594.000000,7797.000000,325984.000000,187803.000000,382226389.000000,19028.000000
841005513.000000,15002.000000,5847.000000,305294.000000,201990.000000,382733673.000000,14658.000000
842000231.000000,19348.000000,7564.000000,325635.000000,179490.000000,383238798.000000,18777.000000
843088990.000000,17504.000000,6980.000000,336536.000000,209039.000000,383784373.000000,17117.000000
844000028.000000,16317.000000,6006.000000,291784.000000,174008.000000,384250165.000000,15794.000000
845000106.000000,18068.000000,6947.000000,320534.000000,182960.000000,384753659.000000,17625.000000
846081649.000000,16638.000000,6602.000000,335806.000000,205848.000000,385295313.000000,16244.000000
847002794.000000,14224.000000,5707.000000,282349.000000,176779.000000,385754441.000000,13791.000000
848000761.000000,18241.000000,7071.000000,322857.000000,180234.000000,386257532.000000,17720.000000
849004914.000000,18336.000000,7224.000000,325259.000000,185395.000000,386768186.000000,17920.000000
850003071.000000,13245.000000,5369.000000,295147.000000,203310.000000,387266643.000000,12859.000000
851002588.000000,18177.000000,7314.000000,321342.000000,183206.000000,387771191.000000,17697.000000
852004875.000000,16957.000000,7137.000000,315113.000000,185535.000000,388271839.000000,16482.000000
853000002.000000,12544.000000,5270.000000,293156.000000,201113.000000,388766108.000000,12140.000000
854000077.000000,18158.000000,7328.000000,316713.000000,186044.000000,389268865.000000,17734.000000
855000227.000000,18151.000000,7434.000000,318513.000000,184086.000000,389771464.000000,17669.000000
856000017.000000,13550.000000,5965.000000,293859.000000,202531.000000,390267854.000000,13169.000000
857000128.000000,16237.000000,6940.000000,315332.000000,183459.000000,390766645.000000,15812.000000
858000015.000000,16943.000000,6893.000000,316634.000000,181696.000000,391264975.000000,16535.000000
859000013.000000,11706.000000,4432.000000,286594.000000,204123.000000,391755692.000000,11339.000000
860000057.000000,17428.000000,7067.000000,318043.000000,183568.000000,392257303.000000,16981.000000
861000025.000000,17701.000000,7139.000000,319843.000000,183643.000000,392760789.000000,17259.000000
862000101.000000,12979.000000,5399.000000,290356.000000,202339.000000,393253484.000000,12603.000000
863004413.000000,17163.000000,7077.000000,314932.000000,182551.000000,393750967.000000,16751.000000
864000133.000000,16957.000000,6991.000000,312133.000000,183128.000000,394246228.000000,16468.000000
865003261.000000,13975.000000,5407.000000,297751.000000,204619.000000,394748598.000000,13683.000000
866000712.000000,18062.000000,7316.000000,317665.000000,184479.000000,395250742.000000,17548.000000
867000022.000000,18383.000000,7635.000000,313217.000000,189952.000000,395753911.000000,17896.000000
868000040.000000,13079.000000,5204.000000,295195.000000,201242.000000,396250348.000000,12691.000000
869000222.000000,17690.000000,7298.000000,314895.000000,185573.000000,396750816.000000,17266.000000
870003310.000000,18052.000000,7292.000000,320343.000000,184672.000000,397255831.000000,17659.000000
871000039.000000,12586.000000,4886.000000,288115.000000,203984.000000,397747930.000000,12174.000000
872004177.000000,17297.000000,6703.000000,319967.000000,182547.000000,398250444.000000,16888.000000
873001925.000000,16410.000000,6944.000000,315044.000000,181319.000000,398746807.000000,15972.000000
874000018.000000,13017.000000,5067.000000,289542.000000,205009.000000,399241358.000000,12590.000000
875003558.000000,17557.000000,7343.000000,316611.000000,183612.000000,399741581.000000,17160.000000
876000218.000000,18334.000000,7643.000000,314168.000000,190747.000000,400246496.000000,17813.000000
877001222.000000,13912.000000,5587.000000,292431.000000,207691.000000,400746618.000000,13622.000000
878002974.000000,17972.000000,7548.000000,312156.000000,192077.000000,401250851.000000,17543.000000
879000004.000000,18180.000000,7275.000000,313306.000000,183459.000000,401747616.000000,17649.000000
880000015.000000,12598.000000,5126.000000,287817.000000,202554.000000,402237987.000000,12247.000000
881000108.000000,17577.000000,7093.000000,312591.000000,188958.000000,402739536.000000,17178.000000
882000116.000000,16721.000000,6738.000000,307960.000000,186767.000000,403234263.000000,16298.000000
883006271.000000,12367.000000,5056.000000,291645.000000,204129.000000,403730037.000000,12095.000000
884000178.000000,15650.000000,6246.000000,300125.000000,187250.000000,404217412.000000,15193.000000
885004716.000000,16763.000000,6599.000000,311246.000000,185006.000000,404713664.000000,16365.000000
886096499.000000,15666.000000,5991.000000,325997.000000,219350.000000,405259011.000000,15332.000000
887005415.000000,15423.000000,6401.000000,288270.000000,169678.000000,405716959.000000,14975.000000
888000695.000000,16799.000000,7186.000000,311050.000000,185981.000000,406213990.000000,16293.000000
889133228.000000,14713.000000,6121.000000,325203.000000,231161.000000,406770354.000000,14404.000000
890006315.000000,14412.000000,5958.000000,275029.000000,159649.000000,407205032.000000,13984.000000
891000031.000000,18036.000000,7218.000000,311787.000000,189107.000000,407705926.000000,17509.000000
892018809.000000,15618.000000,6642.000000,306478.000000,197631.000000,408210035.000000,15320.000000
893000042.000000,14717.000000,6096.000000,292695.000000,198219.000000,408700949.000000,14271.000000
894022367.000000,17577.000000,7218.000000,317530.000000,191200.000000,409209679.000000,17195.000000
895061331.000000,15826.000000,6293.000000,314418.000000,197757.000000,409721854.000000,15400.000000
896003405.000000,13250.000000,5121.000000,281216.000000,187448.000000,410190518.000000,12846.000000
897004859.000000,17400.000000,7201.000000,315252.000000,186585.000000,410692355.000000,16958.000000
898000162.000000,16853.000000,6803.000000,309704.000000,186099.000000,411188158.000000,16345.000000
899000108.000000,13221.000000,5621.000000,286987.000000,205692.000000,411680837.000000,12919.000000
900000469.000000,17577.000000,7152.000000,313475.000000,188280.000000,412182592.000000,17095.000000
901000572.000000,18292.000000,6958.000000,315994.000000,187259.000000,412685845.000000,17831.000000
902000089.000000,12755.000000,5104.000000,286862.000000,205213.000000,413177920.000000,12430.000000
903000044.000000,16816.000000,7229.000000,311245.000000,187562.000000,413676727.000000,16368.000000
904002464.000000,16787.000000,7463.000000,307636.000000,192486.000000,414176849.000000,16360.000000
905000160.000000,12702.000000,5097.000000,289441.000000,203073.000000,414669363.000000,12314.000000
906002226.000000,17378.000000,6928.000000,321608.000000,182860.000000,415173831.000000,16929.000000
907005559.000000,18139.000000,7513.000000,317025.000000,184767.000000,415675623.000000,17709.000000
908000117.000000,13071.000000,5355.000000,286022.000000,203392.000000,416165037.000000,12698.000000
909000012.000000,16551.000000,7156.000000,310828.000000,189549.000000,416665414.000000,16108.000000
910001401.000000,17504.000000,7348.000000,311281.000000,189075.000000,417165770.000000,17071.000000
911000010.000000,13616.000000,5275.000000,284735.000000,209853.000000,417660358.000000,13279.000000
912000087.000000,17209.000000,6923.000000,305677.000000,188320.000000,418154355.000000,16812.000000
913003659.000000,17392.000000,7390.000000,311655.000000,187460.000000,418653470.000000,16945.000000
914000431.000000,12269.000000,5236.000000,283454.000000,208049.000000,419144973.000000,11945.000000
915001161.000000,16739.000000,7212.000000,311717.000000,182760.000000,419639450.000000,16297.000000
916004929.000000,18384.000000,7533.000000,320320.000000,187714.000000,420147484.000000,17902.000000
917000552.000000,13550.000000,5614.000000,291742.000000,208788.000000,420648014.000000,13192.000000
918003756.000000,16834.000000,7274.000000,314151.000000,187219.000000,421149384.000000,16417.000000
919202788.000000,15951.000000,7209.000000,346962.000000,247614.000000,421743960.000000,15562.000000
920000223.000000,13146.000000,5569.000000,246906.000000,149697.000000,422140563.000000,12733.000000
921000371.000000,18077.000000,7509.000000,311337.000000,190697.000000,422642597.000000,17596.000000
922140836.000000,15948.000000,7118.000000,330906.000000,235248.000000,423208751.000000,15622.000000
923000055.000000,15288.000000,6274.000000,266941.000000,164968.000000,423640660.000000,14790.000000
924000062.000000,17358.000000,7529.000000,308416.000000,194052.000000,424143128.000000,16923.000000
925125909.000000,14601.000000,6167.000000,326728.000000,229323.000000,424699179.000000,14302.000000
926000009.000000,15841.000000,6373.000000,278478.000000,163023.000000,425140680.000000,15342.000000
927000009.000000,19224.000000,7652.000000,319946.000000,193037.000000,425653663.000000,18730.000000
928048868.000000,13775.000000,5390.000000,307082.000000,212061.000000,426172806.000000,13514.000000
929004601.000000,17059.000000,6968.000000,300065.000000,179135.000000,426652006.000000,16607.000000
930002782.000000,16806.000000,6368.000000,309491.000000,187402.000000,427148899.000000,16375.000000
931207884.000000,15442.000000,6780.000000,354299.000000,239064.000000,427742262.000000,15031.000000
932003574.000000,14256.000000,5749.000000,250106.000000,150740.000000,428143108.000000,13877.000000
933007589.000000,17879.000000,7302.000000,318243.000000,189186.000000,428650537.000000,17441.000000
934045941.000000,15950.000000,6931.000000,316975.000000,197165.000000,429164677.000000,15554.000000
935000692.000000,13128.000000,5286.000000,282385.000000,191275.000000,429638337.000000,12700.000000
936006550.000000,18045.000000,7389.000000,319150.000000,186197.000000,430143684.000000,17604.000000
937002050.000000,17921.000000,7115.000000,311857.000000,190188.000000,430645729.000000,17497.000000
938000191.000000,13758.000000,5522.000000,288104.000000,208471.000000,431142304.000000,13399.000000
939000280.000000,18546.000000,7787.000000,311192.000000,195570.000000,431649066.000000,18063.000000
940043475.000000,15789.000000,6845.000000,305477.000000,209668.000000,432164211.000000,15496.000000
941000007.000000,15183.000000,6393.000000,283920.000000,186928.000000,432635059.000000,14768.000000
942000011.000000,16683.000000,7047.000000,309505.000000,184097.000000,433128661.000000,16200.000000
943008789.000000,14603.000000,6597.000000,296043.000000,205478.000000,433630182.000000,14331.000000
944000025.000000,16208.000000,7097.000000,292286.000000,200252.000000,434122720.000000,15724.000000
945003037.000000,17004.000000,7639.000000,301489.000000,195973.000000,434620182.000000,16675.000000
946016683.000000,12846.000000,5248.000000,285952.000000,211148.000000,435117282.000000,12524.000000
947003440.000000,15925.000000,6388.000000,298018.000000,191205.000000,435606505.000000,15514.000000
948000373.000000,16406.000000,6870.000000,303069.000000,191226.000000,436100800.000000,15925.000000
949086162.000000,15052.000000,6378.000000,313558.000000,218653.000000,436633011.000000,14744.000000
950000292.000000,13709.000000,6144.000000,266922.000000,186414.000000,437086347.000000,13298.000000
951000154.000000,15255.000000,6939.000000,297639.000000,192776.000000,437576762.000000,14892.000000
952000212.000000,15255.000000,6437.000000,307626.000000,187219.000000,438071607.000000,14804.000000
953003077.000000,14371.000000,5808.000000,290466.000000,209018.000000,438571091.000000,14044.000000
954002088.000000,16817.000000,7242.000000,304565.000000,195585.000000,439071241.000000,16397.000000
955112051.000000,16192.000000,7510.000000,322055.000000,229073.000000,439622369.000000,15842.000000
956000714.000000,14025.000000,6027.000000,263682.000000,177895.000000,440063946.000000,13612.000000
957000828.000000,17269.000000,7610.000000,307063.000000,192491.000000,440563500.000000,16816.000000
958131997.000000,16246.000000,6980.000000,325277.000000,237189.000000,441125966.000000,15931.000000
959004198.000000,13008.000000,5805.000000,261065.000000,167519.000000,441554550.000000,12614.000000
960004793.000000,15143.000000,6637.000000,299880.000000,194063.000000,442048493.000000,14735.000000
961000643.000000,16838.000000,7448.000000,299016.000000,195394.000000,442542903.000000,16442.000000
962000055.000000,12602.000000,5484.000000,279876.000000,211639.000000,443034418.000000,12222.000000
963005475.000000,16277.000000,7142.000000,304570.000000,193652.000000,443532640.000000,15892.000000
964000538.000000,15544.000000,6385.000000,302951.000000,190300.000000,444025891.000000,15060.000000
965003854.000000,12958.000000,5584.000000,283806.000000,209287.000000,444518984.000000,12641.000000
966000362.000000,15912.000000,6658.000000,301135.000000,190270.000000,445010389.000000,15533.000000
967000023.000000,15329.000000,6542.000000,302552.000000,187635.000000,445500576.000000,14884.000000
968000001.000000,12351.000000,5255.000000,279503.000000,207772.000000,445987851.000000,12011.000000
969000024.000000,15914.000000,6774.000000,300666.000000,192033.000000,446480550.000000,15571.000000
970020140.000000,16606.000000,6766.000000,307340.000000,195377.000000,446983267.000000,16246.000000
971002621.000000,11546.000000,5030.000000,278561.000000,201811.000000,447463639.000000,11170.000000
972003414.000000,16513.000000,6878.000000,306603.000000,190522.000000,447960764.000000,16130.000000
973005618.000000,16160.000000,7037.000000,309186.000000,189784.000000,448459734.000000,15718.000000
974001355.000000,12735.000000,5246.000000,283793.000000,207590.000000,448951117.000000,12374.000000
975006612.000000,16091.000000,6805.000000,307879.000000,190004.000000,449449000.000000,15661.000000
976000029.000000,16681.000000,6824.000000,302627.000000,190328.000000,449941955.000000,16262.000000
977061959.000000,12958.000000,5462.000000,302272.000000,217963.000000,450462190.000000,12635.000000
978008518.000000,13987.000000,5918.000000,290508.000000,178692.000000,450931390.000000,13586.000000
979002890.000000,15677.000000,6859.000000,305481.000000,186002.000000,451422873.000000,15225.000000
980046135.000000,16093.000000,6457.000000,313188.000000,199911.000000,451935972.000000,15711.000000
981000062.000000,12488.000000,5304.000000,269139.000000,200420.000000,452405531.000000,12095.000000
982002127.000000,16102.000000,6902.000000,310200.000000,187132.000000,452902863.000000,15679.000000
983000629.000000,16573.000000,7403.000000,307859.000000,189644.000000,453400366.000000,16180.000000
984001393.000000,13113.000000,5557.000000,287733.000000,207511.000000,453895610.000000,12752.000000
985001335.000000,17772.000000,7484.000000,310454.000000,190973.000000,454397037.000000,17317.000000
986000025.000000,17155.000000,8074.000000,306635.000000,194056.000000,454897728.000000,16662.000000
987001205.000000,13015.000000,5913.000000,281754.000000,210738.000000,455390220.000000,12703.000000
988000077.000000,17561.000000,7718.000000,308752.000000,190864.000000,455889836.000000,17071.000000
989000026.000000,16629.000000,7558.000000,312356.000000,186011.000000,456388203.000000,16146.000000
990002512.000000,13395.000000,5381.000000,286476.000000,208802.000000,456883481.000000,13116.000000
991000008.000000,16667.000000,7348.000000,308271.000000,188666.000000,457380418.000000,16205.000000
992000163.000000,16310.000000,6986.000000,312737.000000,186953.000000,457880108.000000,15845.000000
993000585.000000,13079.000000,5451.000000,287901.000000,203088.000000,458371097.000000,12723.000000
994000243.000000,17345.000000,7815.000000,310498.000000,190955.000000,458872550.000000,16900.000000
995081354.000000,17186.000000,7891.000000,318460.000000,216568.000000,459407578.000000,16847.000000
996000689.000000,12564.000000,5585.000000,262578.000000,190030.000000,459860186.000000,12199.000000
997000003.000000,16725.000000,7511.000000,299169.000000,196743.000000,460356098.000000,16266.000000
998180373.000000,15515.000000,6687.000000,331923.000000,246118.000000,460934139.000000,15205.000000
999000673.000000,12417.000000,5382.000000,249376.000000,154470.000000,461337985.000000,12066.000000
