Instruction,pfIssued,pfInCache,overallMisses,overallHits,overallAccesses,unusedPrefetches
1001227.000000,1445.000000,2881.000000,367648.000000,2428.000000,370076.000000,111.000000
2001236.000000,1307.000000,2605.000000,366470.000000,2203.000000,738749.000000,8.000000
3001112.000000,1294.000000,2672.000000,366350.000000,2225.000000,1107324.000000,3.000000
4001131.000000,1304.000000,2496.000000,366478.000000,2148.000000,1475950.000000,11.000000
5001080.000000,1295.000000,2645.000000,366360.000000,2261.000000,1844571.000000,0.000000
6001099.000000,1302.000000,2407.000000,366545.000000,2123.000000,2213239.000000,7.000000
7000881.000000,1293.000000,2761.000000,366725.000000,2291.000000,2582255.000000,2.000000
8001989.000000,1242.000000,2320.000000,362866.000000,2104.000000,2947225.000000,5.000000
9001242.000000,1238.000000,2343.000000,360989.000000,2114.000000,3310328.000000,7.000000
10002164.000000,1228.000000,2524.000000,361485.000000,2192.000000,3674005.000000,0.000000
11001985.000000,984.000000,1199.000000,356891.000000,1262.000000,4032158.000000,91.000000
12008914.000000,678.000000,110.000000,356497.000000,407.000000,4389062.000000,459.000000
13001459.000000,363.000000,117.000000,351766.000000,255.000000,4741083.000000,223.000000
14000757.000000,346.000000,136.000000,354134.000000,251.000000,5095468.000000,149.000000
15011883.000000,388.000000,92.000000,358678.000000,248.000000,5454394.000000,190.000000
16010810.000000,448.000000,97.000000,358352.000000,284.000000,5813030.000000,200.000000
17001047.000000,353.000000,90.000000,350891.000000,230.000000,6164151.000000,210.000000
18007053.000000,350.000000,113.000000,356542.000000,238.000000,6520931.000000,148.000000
19002394.000000,399.000000,117.000000,352708.000000,267.000000,6873906.000000,196.000000
20001468.000000,414.000000,67.000000,358712.000000,249.000000,7232867.000000,196.000000
21001247.000000,624.000000,139.000000,352847.000000,396.000000,7586110.000000,397.000000
22001934.000000,627.000000,130.000000,353747.000000,394.000000,7940251.000000,422.000000
23001118.000000,520.000000,141.000000,352179.000000,338.000000,8292768.000000,380.000000
24000839.000000,638.000000,136.000000,352395.000000,396.000000,8645559.000000,395.000000
25009195.000000,687.000000,155.000000,355138.000000,436.000000,9001133.000000,496.000000
26000663.000000,628.000000,118.000000,349415.000000,386.000000,9350934.000000,400.000000
27003759.000000,590.000000,90.000000,353475.000000,353.000000,9704762.000000,415.000000
28014846.000000,472.000000,94.000000,356909.000000,292.000000,10061963.000000,283.000000
29002373.000000,556.000000,101.000000,348497.000000,337.000000,10410797.000000,348.000000
30000735.000000,593.000000,138.000000,352945.000000,376.000000,10764118.000000,388.000000
31000441.000000,735.000000,120.000000,351217.000000,444.000000,11115779.000000,483.000000
32000958.000000,717.000000,85.000000,353555.000000,417.000000,11469751.000000,523.000000
33000879.000000,763.000000,76.000000,352483.000000,434.000000,11822668.000000,544.000000
34012467.000000,648.000000,106.000000,357690.000000,387.000000,12180745.000000,475.000000
35000100.000000,340.000000,86.000000,350093.000000,223.000000,12531061.000000,208.000000
36004128.000000,367.000000,98.000000,355387.000000,240.000000,12886688.000000,159.000000
37001014.000000,368.000000,81.000000,354079.000000,231.000000,13240998.000000,187.000000
38002307.000000,445.000000,103.000000,353125.000000,290.000000,13594413.000000,197.000000
39002157.000000,346.000000,85.000000,354214.000000,224.000000,13948851.000000,202.000000
40003755.000000,352.000000,99.000000,354895.000000,232.000000,14303978.000000,149.000000
41002056.000000,390.000000,80.000000,353935.000000,249.000000,14658162.000000,191.000000
42007595.000000,381.000000,113.000000,350313.000000,258.000000,15008733.000000,183.000000
43001050.000000,494.000000,97.000000,351558.000000,313.000000,15360604.000000,265.000000
44000369.000000,533.000000,140.000000,353762.000000,352.000000,15714718.000000,314.000000
45006168.000000,523.000000,121.000000,356290.000000,338.000000,16071346.000000,314.000000
46000923.000000,519.000000,67.000000,351148.000000,307.000000,16422801.000000,341.000000
47001732.000000,524.000000,109.000000,353089.000000,334.000000,16776224.000000,301.000000
48000703.000000,631.000000,154.000000,354320.000000,407.000000,17130951.000000,450.000000
49006333.000000,689.000000,119.000000,358478.000000,418.000000,17489847.000000,481.000000
50000335.000000,531.000000,99.000000,352952.000000,323.000000,17843122.000000,349.000000
51001157.000000,733.000000,122.000000,355513.000000,447.000000,18199082.000000,490.000000
52002279.000000,653.000000,108.000000,355976.000000,389.000000,18555447.000000,476.000000
53007379.000000,592.000000,117.000000,356597.000000,366.000000,18912410.000000,388.000000
54004482.000000,664.000000,146.000000,354256.000000,419.000000,19267085.000000,458.000000
55000531.000000,463.000000,88.000000,353968.000000,285.000000,19621338.000000,291.000000
56001809.000000,600.000000,145.000000,356296.000000,387.000000,19978021.000000,383.000000
57000146.000000,551.000000,130.000000,355027.000000,353.000000,20333401.000000,354.000000
58005831.000000,689.000000,130.000000,351120.000000,422.000000,20684943.000000,472.000000
59001820.000000,630.000000,99.000000,349493.000000,377.000000,21034813.000000,399.000000
60000163.000000,706.000000,121.000000,352627.000000,431.000000,21387871.000000,488.000000
61000572.000000,660.000000,64.000000,351596.000000,382.000000,21739849.000000,472.000000
62001555.000000,741.000000,110.000000,352609.000000,443.000000,22092901.000000,517.000000
63004727.000000,692.000000,126.000000,349695.000000,428.000000,22443024.000000,500.000000
64002795.000000,549.000000,76.000000,351674.000000,330.000000,22795028.000000,366.000000
65002581.000000,560.000000,111.000000,353831.000000,346.000000,23149205.000000,350.000000
66003317.000000,617.000000,90.000000,353051.000000,366.000000,23502622.000000,423.000000
67000039.000000,532.000000,98.000000,354222.000000,327.000000,23857171.000000,333.000000
68001432.000000,624.000000,99.000000,355042.000000,372.000000,24212585.000000,398.000000
69003553.000000,433.000000,87.000000,355107.000000,275.000000,24567967.000000,291.000000
70000633.000000,345.000000,63.000000,353329.000000,214.000000,24921510.000000,178.000000
71002588.000000,400.000000,74.000000,355024.000000,246.000000,25276780.000000,175.000000
72004187.000000,351.000000,62.000000,358539.000000,214.000000,25635533.000000,174.000000
73005518.000000,463.000000,92.000000,355992.000000,291.000000,25991816.000000,236.000000
74009109.000000,340.000000,103.000000,355614.000000,228.000000,26347658.000000,179.000000
75004253.000000,409.000000,50.000000,352642.000000,238.000000,26700538.000000,185.000000
76004033.000000,341.000000,95.000000,356664.000000,228.000000,27057430.000000,163.000000
77000272.000000,555.000000,93.000000,355282.000000,331.000000,27413043.000000,296.000000
78000750.000000,657.000000,113.000000,355672.000000,401.000000,27769116.000000,454.000000
79003773.000000,616.000000,112.000000,357052.000000,377.000000,28126545.000000,450.000000
80002040.000000,583.000000,127.000000,354367.000000,364.000000,28481276.000000,358.000000
81003822.000000,657.000000,155.000000,356167.000000,420.000000,28837863.000000,472.000000
82001267.000000,648.000000,103.000000,353868.000000,387.000000,29192118.000000,410.000000
83006517.000000,633.000000,110.000000,357255.000000,384.000000,29549757.000000,447.000000
84006406.000000,474.000000,139.000000,355406.000000,318.000000,29905481.000000,329.000000
85001242.000000,543.000000,101.000000,353144.000000,332.000000,30258957.000000,322.000000
86003618.000000,570.000000,149.000000,356892.000000,368.000000,30616217.000000,366.000000
87001231.000000,755.000000,104.000000,353405.000000,449.000000,30970071.000000,470.000000
88001821.000000,690.000000,135.000000,351837.000000,425.000000,31322333.000000,534.000000
89000593.000000,523.000000,87.000000,352224.000000,315.000000,31674872.000000,345.000000
90002055.000000,435.000000,77.000000,350162.000000,270.000000,32025304.000000,252.000000
91004106.000000,709.000000,81.000000,353306.000000,404.000000,32379014.000000,463.000000
92003587.000000,494.000000,107.000000,349663.000000,314.000000,32728991.000000,335.000000
93003665.000000,552.000000,92.000000,352253.000000,332.000000,33081576.000000,325.000000
94006552.000000,517.000000,107.000000,354335.000000,322.000000,33436233.000000,325.000000
95010168.000000,493.000000,127.000000,352619.000000,328.000000,33789180.000000,308.000000
96000786.000000,581.000000,131.000000,348161.000000,372.000000,34137713.000000,349.000000
97000377.000000,686.000000,96.000000,350538.000000,408.000000,34488659.000000,454.000000
98001128.000000,643.000000,99.000000,352121.000000,383.000000,34841163.000000,453.000000
99000862.000000,665.000000,87.000000,351316.000000,386.000000,35192865.000000,467.000000
100000567.000000,680.000000,167.000000,353805.000000,446.000000,35547116.000000,478.000000
101001269.000000,634.000000,81.000000,354562.000000,369.000000,35902047.000000,414.000000
102001353.000000,598.000000,103.000000,351926.000000,361.000000,36254334.000000,405.000000
103005868.000000,554.000000,79.000000,347875.000000,333.000000,36602542.000000,357.000000
104000058.000000,598.000000,68.000000,349953.000000,346.000000,36952841.000000,402.000000
105000530.000000,814.000000,103.000000,353328.000000,478.000000,37306647.000000,547.000000
106002005.000000,762.000000,125.000000,352610.000000,459.000000,37659716.000000,583.000000
107000854.000000,601.000000,132.000000,350568.000000,390.000000,38010674.000000,415.000000
108000977.000000,541.000000,95.000000,351510.000000,331.000000,38362515.000000,363.000000
109006553.000000,733.000000,147.000000,353679.000000,449.000000,38716643.000000,490.000000
110000920.000000,566.000000,88.000000,348770.000000,344.000000,39065757.000000,394.000000
111002856.000000,717.000000,95.000000,350786.000000,422.000000,39416965.000000,495.000000
112011616.000000,431.000000,118.000000,354955.000000,293.000000,39772213.000000,290.000000
113000523.000000,427.000000,103.000000,346959.000000,273.000000,40119445.000000,230.000000
114003400.000000,599.000000,66.000000,353457.000000,348.000000,40473250.000000,333.000000
115012318.000000,535.000000,107.000000,357374.000000,334.000000,40830958.000000,353.000000
116003349.000000,717.000000,114.000000,345379.000000,434.000000,41176771.000000,508.000000
117001206.000000,671.000000,106.000000,351248.000000,414.000000,41528433.000000,440.000000
118006496.000000,761.000000,102.000000,354752.000000,450.000000,41883635.000000,558.000000
119006421.000000,741.000000,125.000000,352988.000000,449.000000,42237072.000000,557.000000
120001378.000000,832.000000,79.000000,350729.000000,478.000000,42588279.000000,593.000000
121000557.000000,913.000000,103.000000,350265.000000,525.000000,42939069.000000,702.000000
122000251.000000,557.000000,110.000000,349727.000000,346.000000,43289142.000000,399.000000
123000888.000000,490.000000,114.000000,352736.000000,316.000000,43642194.000000,311.000000
124001234.000000,554.000000,116.000000,350132.000000,346.000000,43992672.000000,316.000000
125001311.000000,599.000000,120.000000,350484.000000,369.000000,44343525.000000,429.000000
126002358.000000,520.000000,78.000000,352373.000000,311.000000,44696209.000000,302.000000
127001437.000000,686.000000,115.000000,351136.000000,420.000000,45047765.000000,479.000000
128001881.000000,553.000000,122.000000,350834.000000,356.000000,45398955.000000,379.000000
129001984.000000,453.000000,139.000000,348823.000000,312.000000,45748090.000000,273.000000
130004352.000000,539.000000,86.000000,350971.000000,327.000000,46099388.000000,300.000000
131006008.000000,594.000000,121.000000,354490.000000,374.000000,46454252.000000,393.000000
132001504.000000,628.000000,143.000000,346613.000000,405.000000,46801270.000000,387.000000
133006734.000000,539.000000,131.000000,354228.000000,354.000000,47155852.000000,377.000000
134002034.000000,561.000000,117.000000,352157.000000,352.000000,47508361.000000,353.000000
135002121.000000,692.000000,95.000000,353802.000000,415.000000,47862578.000000,451.000000
136007922.000000,643.000000,122.000000,350097.000000,393.000000,48213068.000000,474.000000
137013009.000000,457.000000,125.000000,351990.000000,308.000000,48565366.000000,290.000000
138008723.000000,437.000000,118.000000,350635.000000,288.000000,48916289.000000,239.000000
139005642.000000,437.000000,97.000000,349066.000000,281.000000,49265636.000000,235.000000
140000021.000000,426.000000,83.000000,351601.000000,268.000000,49617505.000000,242.000000
141006714.000000,465.000000,120.000000,348997.000000,303.000000,49966805.000000,256.000000
142000269.000000,501.000000,71.000000,349579.000000,296.000000,50316680.000000,282.000000
143003083.000000,784.000000,123.000000,352068.000000,470.000000,50669218.000000,543.000000
144004734.000000,634.000000,99.000000,353265.000000,380.000000,51022863.000000,460.000000
145000247.000000,629.000000,85.000000,350943.000000,377.000000,51374183.000000,409.000000
146001285.000000,538.000000,81.000000,351862.000000,320.000000,51726365.000000,366.000000
147001260.000000,613.000000,132.000000,349624.000000,393.000000,52076382.000000,417.000000
148000883.000000,472.000000,85.000000,349051.000000,290.000000,52425723.000000,276.000000
149004814.000000,514.000000,109.000000,351058.000000,329.000000,52777110.000000,304.000000
150000287.000000,466.000000,101.000000,349497.000000,295.000000,53126902.000000,292.000000
151000991.000000,443.000000,110.000000,351629.000000,286.000000,53478817.000000,244.000000
152010784.000000,603.000000,126.000000,357414.000000,384.000000,53836615.000000,366.000000
153004425.000000,642.000000,71.000000,350945.000000,365.000000,54187925.000000,398.000000
154001288.000000,525.000000,60.000000,352028.000000,303.000000,54540256.000000,366.000000
155001486.000000,669.000000,98.000000,351144.000000,404.000000,54891804.000000,444.000000
156005608.000000,549.000000,80.000000,355003.000000,324.000000,55247131.000000,365.000000
157003494.000000,562.000000,114.000000,349467.000000,354.000000,55596952.000000,349.000000
158001155.000000,962.000000,92.000000,350276.000000,550.000000,55947778.000000,702.000000
159000113.000000,845.000000,77.000000,351672.000000,476.000000,56299926.000000,668.000000
160002176.000000,528.000000,91.000000,351497.000000,325.000000,56651748.000000,365.000000
161005521.000000,722.000000,123.000000,353807.000000,449.000000,57006004.000000,514.000000
162000740.000000,531.000000,151.000000,349590.000000,360.000000,57355954.000000,370.000000
163003896.000000,459.000000,95.000000,348190.000000,295.000000,57704439.000000,236.000000
164001289.000000,466.000000,128.000000,342086.000000,312.000000,58046837.000000,275.000000
165000195.000000,523.000000,105.000000,345393.000000,326.000000,58392556.000000,304.000000
166000464.000000,498.000000,110.000000,350944.000000,318.000000,58743818.000000,319.000000
167000168.000000,673.000000,109.000000,347559.000000,410.000000,59091787.000000,445.000000
168002116.000000,417.000000,110.000000,349092.000000,276.000000,59441155.000000,292.000000
169002933.000000,493.000000,92.000000,350354.000000,309.000000,59791818.000000,247.000000
170002105.000000,365.000000,98.000000,341209.000000,238.000000,60133265.000000,236.000000
171001165.000000,540.000000,81.000000,349100.000000,322.000000,60482687.000000,262.000000
172004305.000000,596.000000,149.000000,352307.000000,390.000000,60835384.000000,430.000000
173002039.000000,390.000000,104.000000,352094.000000,258.000000,61187736.000000,217.000000
174000642.000000,528.000000,73.000000,347833.000000,313.000000,61535882.000000,281.000000
175000474.000000,590.000000,110.000000,352090.000000,366.000000,61888338.000000,388.000000
176001863.000000,664.000000,101.000000,353405.000000,406.000000,62242149.000000,420.000000
177001730.000000,694.000000,158.000000,350521.000000,441.000000,62593111.000000,500.000000
178011232.000000,667.000000,142.000000,352519.000000,423.000000,62946053.000000,512.000000
179002176.000000,647.000000,141.000000,347002.000000,410.000000,63293465.000000,403.000000
180006662.000000,431.000000,112.000000,350831.000000,280.000000,63644576.000000,288.000000
181012674.000000,455.000000,94.000000,352857.000000,286.000000,63997719.000000,250.000000
182012507.000000,455.000000,98.000000,354130.000000,286.000000,64352135.000000,250.000000
183000642.000000,410.000000,74.000000,350214.000000,250.000000,64702599.000000,225.000000
184003672.000000,557.000000,100.000000,350749.000000,342.000000,65053690.000000,318.000000
185000018.000000,513.000000,91.000000,346695.000000,314.000000,65400699.000000,328.000000
186004484.000000,565.000000,123.000000,349814.000000,360.000000,65750873.000000,340.000000
187002147.000000,530.000000,117.000000,350534.000000,339.000000,66101746.000000,343.000000
188007122.000000,464.000000,84.000000,354364.000000,287.000000,66456397.000000,306.000000
189002287.000000,639.000000,79.000000,350557.000000,369.000000,66807323.000000,354.000000
190000879.000000,498.000000,119.000000,353312.000000,321.000000,67160956.000000,351.000000
191004294.000000,469.000000,133.000000,352242.000000,316.000000,67513514.000000,285.000000
192009268.000000,490.000000,131.000000,353751.000000,323.000000,67867588.000000,266.000000
193003233.000000,553.000000,110.000000,350247.000000,341.000000,68218176.000000,345.000000
194003401.000000,552.000000,99.000000,351065.000000,334.000000,68569575.000000,339.000000
195000790.000000,498.000000,108.000000,348118.000000,314.000000,68918007.000000,308.000000
196003774.000000,407.000000,127.000000,352949.000000,280.000000,69271236.000000,244.000000
197001711.000000,419.000000,61.000000,350983.000000,249.000000,69622468.000000,208.000000
198004897.000000,409.000000,108.000000,351923.000000,274.000000,69974665.000000,210.000000
199003045.000000,613.000000,105.000000,349817.000000,371.000000,70324853.000000,375.000000
200001353.000000,407.000000,118.000000,351242.000000,273.000000,70676368.000000,250.000000
201000567.000000,392.000000,109.000000,353441.000000,260.000000,71030069.000000,198.000000
202004253.000000,494.000000,62.000000,355040.000000,286.000000,71385395.000000,244.000000
203002136.000000,545.000000,104.000000,350254.000000,343.000000,71735992.000000,353.000000
204003617.000000,612.000000,122.000000,350715.000000,380.000000,72087087.000000,383.000000
205006110.000000,590.000000,152.000000,355212.000000,385.000000,72442684.000000,408.000000
206000006.000000,20871.000000,52557.000000,277338.000000,53126.000000,72773148.000000,740.000000
207002147.000000,57931.000000,175962.000000,257045.000000,145670.000000,73175863.000000,2521.000000
208000020.000000,60036.000000,12702.000000,186404.000000,178861.000000,73541128.000000,54677.000000
209003027.000000,59126.000000,13110.000000,191967.000000,178532.000000,73911627.000000,53805.000000
210000007.000000,54371.000000,41020.000000,216288.000000,154295.000000,74282210.000000,38781.000000
211000006.000000,58912.000000,13665.000000,196277.000000,178793.000000,74657280.000000,53770.000000
212000004.000000,54372.000000,41851.000000,225345.000000,153790.000000,75036415.000000,38843.000000
213000017.000000,58850.000000,14713.000000,210719.000000,177738.000000,75424872.000000,54195.000000
214000013.000000,56976.000000,13842.000000,218009.000000,163280.000000,75806161.000000,52095.000000
215003183.000000,53773.000000,43075.000000,247259.000000,145132.000000,76198552.000000,39284.000000
216001618.000000,57859.000000,17289.000000,232626.000000,169527.000000,76600705.000000,55420.000000
217000020.000000,59060.000000,19702.000000,228571.000000,174049.000000,77003325.000000,56411.000000
218000009.000000,55592.000000,46284.000000,245605.000000,153104.000000,77402034.000000,42298.000000
219000007.000000,59871.000000,18614.000000,227280.000000,177736.000000,77807050.000000,57504.000000
220000013.000000,57347.000000,37451.000000,247223.000000,161764.000000,78216037.000000,47835.000000
221000008.000000,58209.000000,26587.000000,245267.000000,168347.000000,78629651.000000,52398.000000
222000003.000000,57968.000000,18997.000000,242912.000000,171989.000000,79044552.000000,55043.000000
223000007.000000,57569.000000,47767.000000,254337.000000,156517.000000,79455406.000000,44410.000000
224003667.000000,60290.000000,20178.000000,244311.000000,178937.000000,79878654.000000,58094.000000
225000574.000000,60689.000000,19732.000000,245442.000000,180773.000000,80304869.000000,58365.000000
226004056.000000,60007.000000,47271.000000,254531.000000,161442.000000,80720842.000000,46978.000000
227000006.000000,61826.000000,21173.000000,246696.000000,179098.000000,81146636.000000,59441.000000
228000002.000000,60806.000000,20183.000000,256161.000000,179548.000000,81582345.000000,58653.000000
229000008.000000,60753.000000,52965.000000,261922.000000,157391.000000,82001658.000000,47388.000000
230000007.000000,60349.000000,30122.000000,264203.000000,171917.000000,82437778.000000,57333.000000
231000019.000000,61796.000000,30611.000000,258619.000000,172964.000000,82869361.000000,58280.000000
232000035.000000,59419.000000,50595.000000,261659.000000,155871.000000,83286891.000000,45830.000000
233000026.000000,62400.000000,32614.000000,259328.000000,174091.000000,83720310.000000,58533.000000
234001632.000000,60121.000000,28114.000000,261511.000000,171623.000000,84153444.000000,56913.000000
235000027.000000,60797.000000,54907.000000,264912.000000,158175.000000,84576531.000000,47345.000000
236000022.000000,62424.000000,35187.000000,260238.000000,174191.000000,85010960.000000,59000.000000
237000023.000000,60865.000000,22987.000000,258254.000000,174306.000000,85443520.000000,58389.000000
238003054.000000,59942.000000,47280.000000,262374.000000,160094.000000,85865988.000000,47328.000000
239000015.000000,59585.000000,18895.000000,254125.000000,178167.000000,86298280.000000,57501.000000
240000029.000000,61316.000000,32507.000000,258994.000000,170337.000000,86727611.000000,55376.000000
241000018.000000,56781.000000,35196.000000,263717.000000,159971.000000,87151299.000000,47198.000000
242000028.000000,59694.000000,21901.000000,263467.000000,173063.000000,87587829.000000,57044.000000
243000003.000000,60577.000000,48252.000000,263821.000000,160811.000000,88012461.000000,48903.000000
244000406.000000,60409.000000,23393.000000,259237.000000,176708.000000,88448406.000000,56567.000000
245000001.000000,60666.000000,21590.000000,257501.000000,178782.000000,88884689.000000,57933.000000
246002033.000000,62465.000000,50132.000000,259462.000000,165453.000000,89309604.000000,49727.000000
247000020.000000,60885.000000,21644.000000,264402.000000,177569.000000,89751575.000000,58237.000000
248000289.000000,61054.000000,23302.000000,264185.000000,179930.000000,90195690.000000,58393.000000
249000003.000000,64617.000000,57643.000000,273121.000000,163054.000000,90631865.000000,51462.000000
250000035.000000,60480.000000,29296.000000,266470.000000,178017.000000,91076352.000000,57491.000000
251000011.000000,65889.000000,39454.000000,275967.000000,174439.000000,91526758.000000,62082.000000
252000009.000000,65004.000000,56678.000000,272403.000000,164167.000000,91963328.000000,52224.000000
253002522.000000,62800.000000,34008.000000,272285.000000,177636.000000,92413249.000000,59300.000000
254000016.000000,62968.000000,34668.000000,267114.000000,180111.000000,92860474.000000,59386.000000
255000263.000000,65267.000000,59001.000000,268079.000000,167553.000000,93296106.000000,52306.000000
256000005.000000,62591.000000,34388.000000,268069.000000,177735.000000,93741910.000000,58771.000000
257000021.000000,63151.000000,34528.000000,273074.000000,179712.000000,94194696.000000,59583.000000
258000012.000000,66919.000000,60311.000000,269645.000000,169326.000000,94633667.000000,54052.000000
259000004.000000,62530.000000,32890.000000,273245.000000,180788.000000,95087700.000000,59240.000000
260002982.000000,63444.000000,34772.000000,278037.000000,181743.000000,95547480.000000,59856.000000
261000005.000000,65843.000000,55931.000000,264073.000000,172849.000000,95984402.000000,53827.000000
262001118.000000,65236.000000,38603.000000,274110.000000,180092.000000,96438604.000000,61047.000000
263000018.000000,62735.000000,34699.000000,282597.000000,178011.000000,96899212.000000,59299.000000
264000016.000000,61208.000000,46011.000000,277547.000000,169544.000000,97346303.000000,52910.000000
265000003.000000,68366.000000,49325.000000,279907.000000,176547.000000,97802757.000000,60424.000000
266000002.000000,63858.000000,36396.000000,274411.000000,180847.000000,98258015.000000,60030.000000
267000006.000000,63652.000000,37727.000000,278135.000000,178760.000000,98714910.000000,59106.000000
268003362.000000,67615.000000,55912.000000,279677.000000,168800.000000,99163387.000000,56261.000000
269000364.000000,62786.000000,35876.000000,280281.000000,178041.000000,99621709.000000,58952.000000
270000006.000000,61982.000000,35471.000000,287952.000000,176604.000000,100086265.000000,58498.000000
271000013.000000,69238.000000,59999.000000,272794.000000,171312.000000,100530371.000000,56986.000000
272000005.000000,63175.000000,35600.000000,280676.000000,178504.000000,100989551.000000,59468.000000
273004461.000000,61586.000000,33891.000000,291166.000000,174714.000000,101455431.000000,57920.000000
274000013.000000,70387.000000,59134.000000,269843.000000,174439.000000,101899713.000000,58375.000000
275000016.000000,62808.000000,35835.000000,284304.000000,178850.000000,102362867.000000,59222.000000
276000005.000000,62860.000000,36008.000000,286254.000000,178405.000000,102827526.000000,59454.000000
277000040.000000,70997.000000,59423.000000,270431.000000,175065.000000,103273022.000000,59234.000000
278002690.000000,62439.000000,36206.000000,289274.000000,175940.000000,103738236.000000,58878.000000
279004859.000000,61504.000000,38003.000000,292326.000000,175191.000000,104205753.000000,57715.000000
280000012.000000,70876.000000,60648.000000,271160.000000,174107.000000,104651020.000000,59268.000000
281000003.000000,63012.000000,36599.000000,290339.000000,176793.000000,105118152.000000,59134.000000
282000055.000000,62426.000000,37270.000000,287377.000000,175693.000000,105581222.000000,58733.000000
283000070.000000,71677.000000,61336.000000,275767.000000,174719.000000,106031708.000000,60686.000000
284000011.000000,62640.000000,36446.000000,289660.000000,174574.000000,106495942.000000,58482.000000
285000578.000000,64856.000000,37506.000000,283859.000000,183894.000000,106963695.000000,61248.000000
286000026.000000,62187.000000,45307.000000,284786.000000,172364.000000,107420845.000000,54860.000000
287000003.000000,72000.000000,52210.000000,279279.000000,179979.000000,107880103.000000,64544.000000
288002221.000000,63357.000000,37448.000000,287477.000000,178821.000000,108346401.000000,59289.000000
289000021.000000,61433.000000,37562.000000,291986.000000,172200.000000,108810587.000000,57412.000000
290000211.000000,72403.000000,60695.000000,275581.000000,174952.000000,109261120.000000,61180.000000
291000007.000000,62242.000000,38477.000000,288174.000000,176660.000000,109725954.000000,58587.000000
292000701.000000,62859.000000,38249.000000,288915.000000,178680.000000,110193549.000000,59201.000000
293000042.000000,75515.000000,60640.000000,264543.000000,184585.000000,110642677.000000,64770.000000
294001322.000000,63757.000000,37829.000000,286734.000000,180083.000000,111109494.000000,59992.000000
295000009.000000,63541.000000,37646.000000,286860.000000,179463.000000,111575817.000000,59875.000000
296000013.000000,74156.000000,58837.000000,272461.000000,180004.000000,112028282.000000,63797.000000
297005084.000000,63862.000000,38269.000000,291052.000000,180648.000000,112499982.000000,60242.000000
298000010.000000,70900.000000,50050.000000,279082.000000,176858.000000,112955922.000000,65681.000000
299000001.000000,73354.000000,57008.000000,270237.000000,174596.000000,113400755.000000,62483.000000
300003461.000000,63748.000000,37347.000000,288571.000000,177931.000000,113867257.000000,60269.000000
301000017.000000,62698.000000,36264.000000,285834.000000,177414.000000,114330505.000000,59282.000000
302000009.000000,75540.000000,60762.000000,272727.000000,180109.000000,114783341.000000,65029.000000
303000166.000000,62287.000000,37089.000000,287152.000000,177774.000000,115248267.000000,58779.000000
304004222.000000,61926.000000,33684.000000,283461.000000,178419.000000,115710147.000000,58662.000000
305003047.000000,75265.000000,59645.000000,273750.000000,180053.000000,116163950.000000,65167.000000
306000025.000000,66479.000000,43595.000000,289947.000000,176385.000000,116630282.000000,62197.000000
307000005.000000,64892.000000,40962.000000,287283.000000,180277.000000,117097842.000000,61096.000000
308000019.000000,72174.000000,52924.000000,279544.000000,180865.000000,117558251.000000,63375.000000
309003961.000000,70183.000000,46225.000000,284558.000000,183266.000000,118026075.000000,65350.000000
310000051.000000,65429.000000,43866.000000,293738.000000,175453.000000,118495266.000000,61599.000000
311000015.000000,64488.000000,42039.000000,298811.000000,174337.000000,118968414.000000,60735.000000
312000010.000000,76628.000000,64966.000000,279300.000000,177920.000000,119425634.000000,66596.000000
313004407.000000,64588.000000,43292.000000,299434.000000,175569.000000,119900637.000000,60596.000000
314000010.000000,73294.000000,59184.000000,289744.000000,173747.000000,120364128.000000,67913.000000
315002483.000000,79606.000000,72152.000000,274930.000000,180807.000000,120819865.000000,68698.000000
316000015.000000,63829.000000,41900.000000,292496.000000,177197.000000,121289558.000000,59456.000000
317002175.000000,63677.000000,41402.000000,292176.000000,177089.000000,121758823.000000,59466.000000
318000032.000000,76743.000000,61081.000000,270159.000000,184804.000000,122213786.000000,66870.000000
319000002.000000,63193.000000,38747.000000,292342.000000,180272.000000,122686400.000000,59358.000000
320000021.000000,63614.000000,38744.000000,287832.000000,182770.000000,123157002.000000,60355.000000
321002231.000000,76203.000000,59500.000000,278374.000000,182852.000000,123618228.000000,66781.000000
322000674.000000,63650.000000,40246.000000,292478.000000,173595.000000,124084301.000000,59050.000000
323003602.000000,63240.000000,38629.000000,295635.000000,177410.000000,124557346.000000,59424.000000
324000011.000000,70837.000000,54144.000000,278560.000000,180459.000000,125016365.000000,62321.000000
325000001.000000,69108.000000,44236.000000,290615.000000,175621.000000,125482601.000000,63510.000000
326003829.000000,62132.000000,37587.000000,296251.000000,172138.000000,125950990.000000,57698.000000
327000006.000000,63805.000000,40984.000000,294355.000000,174479.000000,126419824.000000,58367.000000
328002866.000000,76857.000000,57005.000000,282329.000000,182832.000000,126884985.000000,68811.000000
329000023.000000,61927.000000,37129.000000,296969.000000,175640.000000,127357594.000000,58350.000000
330003655.000000,61963.000000,37705.000000,303163.000000,176593.000000,127837350.000000,58149.000000
331000010.000000,78096.000000,60563.000000,274171.000000,185501.000000,128297022.000000,68712.000000
332000563.000000,64694.000000,39182.000000,294533.000000,183501.000000,128775056.000000,61098.000000
333000031.000000,64780.000000,38698.000000,298790.000000,182096.000000,129255942.000000,61068.000000
334004901.000000,79664.000000,61028.000000,282804.000000,187762.000000,129726508.000000,70780.000000
335000017.000000,62921.000000,39996.000000,302353.000000,177646.000000,130206507.000000,59347.000000
336000019.000000,62949.000000,40022.000000,302253.000000,176917.000000,130685677.000000,59254.000000
337000060.000000,78631.000000,62411.000000,280624.000000,184393.000000,131150694.000000,69776.000000
338000005.000000,62331.000000,42532.000000,309013.000000,174919.000000,131634626.000000,58619.000000
339000038.000000,63810.000000,44466.000000,311187.000000,172020.000000,132117833.000000,60037.000000
340000086.000000,77848.000000,60990.000000,282852.000000,175961.000000,132576646.000000,68418.000000
341000021.000000,62412.000000,39590.000000,312496.000000,170528.000000,133059670.000000,58551.000000
342000002.000000,64051.000000,42742.000000,306712.000000,173445.000000,133539827.000000,60114.000000
343000002.000000,63538.000000,47404.000000,301847.000000,173460.000000,134015134.000000,56698.000000
344001585.000000,76955.000000,50901.000000,297630.000000,175732.000000,134488496.000000,70978.000000
345002158.000000,61875.000000,36505.000000,312212.000000,170563.000000,134971271.000000,58501.000000
346004865.000000,64354.000000,41136.000000,312624.000000,172702.000000,135456597.000000,60100.000000
347000016.000000,79338.000000,61136.000000,286428.000000,181290.000000,135924315.000000,70817.000000
348000009.000000,61898.000000,40686.000000,307804.000000,174564.000000,136406683.000000,58479.000000
349004051.000000,64618.000000,43794.000000,316270.000000,168222.000000,136891175.000000,60424.000000
350000041.000000,81393.000000,61380.000000,282759.000000,177374.000000,137351308.000000,72167.000000
351005343.000000,61691.000000,39220.000000,314382.000000,164827.000000,137830517.000000,57394.000000
352000013.000000,62137.000000,38923.000000,309771.000000,170343.000000,138310631.000000,58153.000000
353000030.000000,77818.000000,58564.000000,288267.000000,183289.000000,138782187.000000,70508.000000
354000004.000000,66072.000000,43109.000000,305601.000000,173209.000000,139260997.000000,61151.000000
355000008.000000,59533.000000,37936.000000,309451.000000,163756.000000,139734204.000000,55349.000000
356000006.000000,61678.000000,40748.000000,313200.000000,170072.000000,140217476.000000,57643.000000
357000004.000000,82432.000000,68185.000000,287843.000000,182354.000000,140687673.000000,73998.000000
358001676.000000,66170.000000,51576.000000,309831.000000,175735.000000,141173239.000000,62117.000000
359000010.000000,66950.000000,55029.000000,304334.000000,180025.000000,141657598.000000,62751.000000
360000036.000000,84063.000000,67258.000000,287396.000000,186719.000000,142131713.000000,75553.000000
361000061.000000,64686.000000,48463.000000,315508.000000,167036.000000,142614257.000000,60808.000000
362002697.000000,63025.000000,42699.000000,315535.000000,171365.000000,143101157.000000,59691.000000
363000026.000000,74638.000000,58969.000000,298179.000000,178741.000000,143578077.000000,67544.000000
364000005.000000,71241.000000,52214.000000,301813.000000,181437.000000,144061327.000000,66578.000000
365000005.000000,62389.000000,42208.000000,312024.000000,171185.000000,144544536.000000,58257.000000
366000959.000000,62807.000000,40198.000000,316406.000000,167824.000000,145028766.000000,58799.000000
367002743.000000,82545.000000,61306.000000,290399.000000,184015.000000,145503180.000000,74746.000000
368000127.000000,64225.000000,42734.000000,313822.000000,171080.000000,145988082.000000,60679.000000
369000033.000000,62757.000000,37761.000000,313512.000000,175008.000000,146476602.000000,59458.000000
370000007.000000,82413.000000,60144.000000,285433.000000,190182.000000,146952217.000000,74568.000000
371000022.000000,71681.000000,56186.000000,311128.000000,172279.000000,147435624.000000,66876.000000
372003581.000000,69891.000000,51689.000000,318584.000000,170458.000000,147924666.000000,65408.000000
373000004.000000,72904.000000,51253.000000,296511.000000,172928.000000,148394105.000000,65353.000000
374000003.000000,68674.000000,40769.000000,296631.000000,170801.000000,148861537.000000,63284.000000
375005699.000000,59037.000000,28154.000000,302984.000000,165637.000000,149330158.000000,55087.000000
376003911.000000,61612.000000,33816.000000,303906.000000,168606.000000,149802670.000000,57112.000000
377002741.000000,80759.000000,52367.000000,281876.000000,180063.000000,150264609.000000,72668.000000
378000001.000000,70744.000000,47501.000000,307318.000000,168503.000000,150740430.000000,65655.000000
379000002.000000,61966.000000,37200.000000,324739.000000,165781.000000,151230950.000000,58624.000000
380000137.000000,83655.000000,63607.000000,296678.000000,179609.000000,151707237.000000,75831.000000
381002600.000000,69117.000000,53666.000000,311108.000000,172200.000000,152190545.000000,64272.000000
382000005.000000,61510.000000,37443.000000,305937.000000,172027.000000,152668509.000000,57728.000000
383000022.000000,74092.000000,49670.000000,294112.000000,179213.000000,153141834.000000,68585.000000
384003453.000000,81949.000000,72261.000000,303283.000000,177563.000000,153622680.000000,74114.000000
385006706.000000,71796.000000,58658.000000,311046.000000,171155.000000,154104881.000000,66120.000000
386002338.000000,62611.000000,43830.000000,306415.000000,174804.000000,154586100.000000,59160.000000
387003259.000000,85160.000000,65387.000000,284046.000000,194514.000000,155064660.000000,77744.000000
388004022.000000,81359.000000,70002.000000,299759.000000,176512.000000,155540931.000000,74556.000000
389000003.000000,73335.000000,66218.000000,312276.000000,169184.000000,156022391.000000,67785.000000
390002497.000000,68435.000000,48125.000000,308517.000000,168273.000000,156499181.000000,63267.000000
391000012.000000,81890.000000,60689.000000,292561.000000,183800.000000,156975542.000000,74726.000000
392000027.000000,62398.000000,39324.000000,316351.000000,174054.000000,157465947.000000,58903.000000
393000025.000000,62327.000000,42229.000000,319705.000000,173759.000000,157959411.000000,58869.000000
394002823.000000,85811.000000,63148.000000,289429.000000,191880.000000,158440720.000000,78455.000000
395000546.000000,62931.000000,38751.000000,313516.000000,174869.000000,158929105.000000,59189.000000
396000002.000000,80714.000000,72723.000000,302989.000000,172947.000000,159405041.000000,74378.000000
397004726.000000,64662.000000,46948.000000,317198.000000,165965.000000,159888204.000000,59997.000000
398000015.000000,84309.000000,60916.000000,287874.000000,188913.000000,160364991.000000,77074.000000
399002821.000000,60974.000000,38176.000000,318762.000000,171003.000000,160854756.000000,57460.000000
400000001.000000,63541.000000,39310.000000,312833.000000,176421.000000,161344010.000000,59852.000000
401005740.000000,95527.000000,78447.000000,286158.000000,192898.000000,161823066.000000,86890.000000
402000637.000000,71002.000000,55878.000000,313419.000000,167096.000000,162303581.000000,65969.000000
403000222.000000,62184.000000,42125.000000,318688.000000,169995.000000,162792264.000000,58841.000000
404000024.000000,82898.000000,61537.000000,293812.000000,191515.000000,163277591.000000,76763.000000
405000021.000000,68120.000000,47596.000000,308768.000000,180874.000000,163767233.000000,63899.000000
406000001.000000,62274.000000,44399.000000,318471.000000,173270.000000,164258974.000000,58711.000000
407000012.000000,63597.000000,43728.000000,317015.000000,174905.000000,164750894.000000,60007.000000
408000027.000000,85356.000000,62870.000000,291184.000000,187436.000000,165229514.000000,78762.000000
409000031.000000,74085.000000,63806.000000,312537.000000,170710.000000,165712761.000000,68700.000000
410002694.000000,70889.000000,50741.000000,312260.000000,170926.000000,166195947.000000,66008.000000
411000018.000000,83505.000000,57408.000000,294847.000000,187182.000000,166677976.000000,76540.000000
412000010.000000,72676.000000,54710.000000,316019.000000,171530.000000,167165525.000000,67205.000000
413000001.000000,73053.000000,54712.000000,315458.000000,174154.000000,167655137.000000,67922.000000
414000009.000000,63671.000000,39524.000000,322145.000000,170941.000000,168148223.000000,60232.000000
415000022.000000,85932.000000,60735.000000,300226.000000,186012.000000,168634461.000000,79193.000000
416000005.000000,75861.000000,60700.000000,311796.000000,176438.000000,169122695.000000,70012.000000
417000003.000000,66711.000000,46434.000000,327773.000000,170392.000000,169620860.000000,62798.000000
418000005.000000,92228.000000,79168.000000,291905.000000,186212.000000,170098977.000000,84271.000000
419005672.000000,79663.000000,74959.000000,310848.000000,178522.000000,170588347.000000,73064.000000
420002784.000000,63523.000000,48341.000000,328829.000000,164275.000000,171081451.000000,59923.000000
421000006.000000,83311.000000,71657.000000,307629.000000,173370.000000,171562450.000000,76500.000000
422001885.000000,87231.000000,67328.000000,302991.000000,185531.000000,172050972.000000,80521.000000
423006034.000000,73995.000000,60298.000000,313788.000000,170911.000000,172535671.000000,67973.000000
424000024.000000,65636.000000,47300.000000,320067.000000,170259.000000,173025997.000000,60795.000000
425000001.000000,62936.000000,43287.000000,325611.000000,170661.000000,173522269.000000,59066.000000
426000044.000000,98686.000000,78438.000000,285655.000000,189701.000000,173997625.000000,90255.000000
427000008.000000,70474.000000,59693.000000,315254.000000,167571.000000,174480450.000000,65261.000000
428000007.000000,63628.000000,45789.000000,321770.000000,170998.000000,174973218.000000,59894.000000
429000038.000000,85095.000000,64210.000000,299048.000000,191666.000000,175463932.000000,79644.000000
430004647.000000,69073.000000,52475.000000,313880.000000,178411.000000,175956223.000000,64036.000000
431003568.000000,65043.000000,48926.000000,321765.000000,170629.000000,176448617.000000,61430.000000
432004858.000000,75997.000000,61174.000000,315685.000000,168840.000000,176933142.000000,70363.000000
433000817.000000,95849.000000,78308.000000,288222.000000,189593.000000,177410957.000000,87622.000000
434000002.000000,75973.000000,64064.000000,318776.000000,170844.000000,177900577.000000,70177.000000
435000011.000000,85254.000000,74410.000000,307179.000000,171049.000000,178378805.000000,78035.000000
436000016.000000,63762.000000,46612.000000,329273.000000,168241.000000,178876319.000000,59672.000000
437000325.000000,86244.000000,64441.000000,304394.000000,186474.000000,179367187.000000,79831.000000
438000019.000000,73437.000000,60114.000000,317253.000000,169817.000000,179854257.000000,67805.000000
439000009.000000,76181.000000,66741.000000,315515.000000,171344.000000,180341116.000000,70210.000000
440000016.000000,74918.000000,61415.000000,319869.000000,172231.000000,180833216.000000,69600.000000
441000018.000000,96496.000000,79543.000000,288432.000000,186030.000000,181307678.000000,87816.000000
442000002.000000,64802.000000,48355.000000,328845.000000,170185.000000,181806708.000000,60831.000000
443000026.000000,72955.000000,65500.000000,316081.000000,169095.000000,182291884.000000,67133.000000
444000006.000000,68565.000000,58852.000000,305299.000000,171559.000000,182768742.000000,62805.000000
445002417.000000,87387.000000,66961.000000,293447.000000,190051.000000,183252240.000000,81559.000000
446000015.000000,65186.000000,53534.000000,317056.000000,164889.000000,183734185.000000,60941.000000
447000004.000000,65363.000000,52464.000000,315688.000000,169004.000000,184218877.000000,61308.000000
448000023.000000,88797.000000,70254.000000,290905.000000,190461.000000,184700243.000000,82264.000000
449000015.000000,66168.000000,51732.000000,312545.000000,174222.000000,185187010.000000,62133.000000
450006345.000000,66653.000000,51835.000000,320414.000000,173672.000000,185681096.000000,62610.000000
451000001.000000,66848.000000,52376.000000,313694.000000,172681.000000,186167471.000000,62995.000000
452000031.000000,89969.000000,69612.000000,294398.000000,190723.000000,186652592.000000,83761.000000
453000014.000000,65993.000000,50727.000000,320638.000000,171356.000000,187144586.000000,62175.000000
454000008.000000,65676.000000,52543.000000,320870.000000,173805.000000,187639261.000000,62047.000000
455000022.000000,91636.000000,71444.000000,294246.000000,196532.000000,188130039.000000,85279.000000
456000001.000000,67257.000000,52456.000000,318600.000000,175636.000000,188624275.000000,63424.000000
457000010.000000,65992.000000,51042.000000,318254.000000,169942.000000,189112471.000000,62179.000000
458000004.000000,66095.000000,50388.000000,320464.000000,165657.000000,189598592.000000,62219.000000
459000034.000000,91483.000000,69024.000000,296220.000000,191743.000000,190086555.000000,85167.000000
460004638.000000,66445.000000,50911.000000,320509.000000,172129.000000,190579193.000000,62412.000000
461000009.000000,66698.000000,52006.000000,312510.000000,173588.000000,191065291.000000,62708.000000
462006144.000000,101854.000000,83072.000000,286470.000000,194508.000000,191546269.000000,94143.000000
463000025.000000,72282.000000,53547.000000,312903.000000,164443.000000,192023615.000000,66444.000000
464000001.000000,62173.000000,36962.000000,324907.000000,160037.000000,192508559.000000,58431.000000
465000003.000000,86140.000000,75646.000000,305510.000000,168450.000000,192982519.000000,78490.000000
466000012.000000,88163.000000,67093.000000,299119.000000,189257.000000,193470895.000000,82294.000000
467002431.000000,75413.000000,62858.000000,306917.000000,170735.000000,193948547.000000,69350.000000
468000033.000000,88041.000000,81228.000000,298881.000000,174804.000000,194422232.000000,79953.000000
469000043.000000,62681.000000,40734.000000,335714.000000,164634.000000,194922580.000000,59333.000000
470000017.000000,90794.000000,66720.000000,303184.000000,185905.000000,195411669.000000,84903.000000
471000012.000000,64872.000000,50733.000000,334293.000000,161586.000000,195907548.000000,61061.000000
472000026.000000,69328.000000,58085.000000,330013.000000,169570.000000,196407131.000000,65203.000000
473000018.000000,69131.000000,59829.000000,323514.000000,170372.000000,196901017.000000,64901.000000
474000014.000000,93064.000000,73027.000000,301775.000000,190107.000000,197392899.000000,86995.000000
475000028.000000,70289.000000,60323.000000,329716.000000,170626.000000,197893241.000000,65495.000000
476000021.000000,65257.000000,53829.000000,328142.000000,165315.000000,198386698.000000,61403.000000
477000009.000000,89489.000000,85821.000000,304189.000000,171924.000000,198862811.000000,81407.000000
478000003.000000,88872.000000,66328.000000,307971.000000,183268.000000,199354050.000000,82576.000000
479000020.000000,80930.000000,70716.000000,313414.000000,171574.000000,199839038.000000,74171.000000
480001852.000000,67082.000000,55309.000000,326296.000000,170747.000000,200336081.000000,62269.000000
481000006.000000,89885.000000,67267.000000,305389.000000,193807.000000,200835277.000000,83923.000000
482000013.000000,67928.000000,53851.000000,329061.000000,164786.000000,201329124.000000,62938.000000
483000032.000000,70284.000000,63674.000000,327292.000000,170705.000000,201827121.000000,65864.000000
484000037.000000,81664.000000,77748.000000,313880.000000,174435.000000,202315436.000000,75298.000000
485000022.000000,103048.000000,93020.000000,290808.000000,194911.000000,202801155.000000,95002.000000
486000019.000000,86296.000000,79262.000000,306772.000000,175384.000000,203283311.000000,78900.000000
487005103.000000,78540.000000,66107.000000,316831.000000,173015.000000,203773157.000000,72286.000000
488000006.000000,69368.000000,64487.000000,322241.000000,173515.000000,204268913.000000,64554.000000
489000004.000000,97001.000000,89384.000000,299800.000000,192509.000000,204761222.000000,89862.000000
490004156.000000,72813.000000,63382.000000,324817.000000,172444.000000,205258483.000000,67565.000000
491000001.000000,67034.000000,57463.000000,328099.000000,169579.000000,205756161.000000,62740.000000
492000019.000000,80325.000000,73659.000000,318198.000000,175197.000000,206249556.000000,74504.000000
493000016.000000,95633.000000,75888.000000,298291.000000,197043.000000,206744890.000000,89407.000000
494000014.000000,80073.000000,73000.000000,313039.000000,177496.000000,207235425.000000,74183.000000
495002249.000000,75388.000000,57224.000000,322472.000000,169540.000000,207727437.000000,70070.000000
496000035.000000,67143.000000,55717.000000,327949.000000,168888.000000,208224274.000000,63109.000000
497000009.000000,103617.000000,85660.000000,292609.000000,193439.000000,208710322.000000,95601.000000
498000007.000000,67419.000000,57284.000000,333124.000000,163276.000000,209206722.000000,62946.000000
499000016.000000,92767.000000,95384.000000,299158.000000,182743.000000,209688623.000000,84662.000000
500004291.000000,80328.000000,77591.000000,314733.000000,179633.000000,210182989.000000,73299.000000
501000023.000000,106693.000000,95778.000000,285628.000000,200810.000000,210669427.000000,97898.000000
502004951.000000,69441.000000,64512.000000,331178.000000,178272.000000,211178877.000000,64848.000000
503000027.000000,79823.000000,77953.000000,313248.000000,175606.000000,211667731.000000,73597.000000
504000021.000000,67396.000000,53980.000000,332858.000000,168090.000000,212168679.000000,63039.000000
505000047.000000,91740.000000,67347.000000,305755.000000,193002.000000,212667436.000000,85991.000000
506001317.000000,67464.000000,59993.000000,326930.000000,175528.000000,213169894.000000,63586.000000
507000038.000000,70479.000000,63327.000000,322195.000000,177481.000000,213669570.000000,65619.000000
508000006.000000,80956.000000,64954.000000,319801.000000,186901.000000,214176272.000000,75883.000000
509000721.000000,78646.000000,62727.000000,317189.000000,176245.000000,214669706.000000,73324.000000
510000007.000000,66856.000000,53029.000000,331472.000000,170472.000000,215171650.000000,62740.000000
511000011.000000,72634.000000,60863.000000,325324.000000,172465.000000,215669439.000000,67811.000000
512000007.000000,95283.000000,73137.000000,301742.000000,190129.000000,216161310.000000,88528.000000
513000011.000000,78125.000000,71627.000000,315643.000000,176792.000000,216653745.000000,71744.000000
514000005.000000,70668.000000,55308.000000,326747.000000,177255.000000,217157747.000000,66451.000000
515000016.000000,75860.000000,54983.000000,320125.000000,170174.000000,217648046.000000,70641.000000
516000013.000000,103950.000000,80117.000000,293449.000000,192654.000000,218134149.000000,96052.000000
517000004.000000,67641.000000,47368.000000,334325.000000,166362.000000,218634836.000000,63513.000000
518000033.000000,67045.000000,54125.000000,331249.000000,167827.000000,219133912.000000,62825.000000
519000003.000000,82625.000000,65969.000000,318709.000000,186090.000000,219638711.000000,77151.000000
520000006.000000,76237.000000,52329.000000,321265.000000,183814.000000,220143790.000000,71739.000000
521000018.000000,65230.000000,43985.000000,332228.000000,168540.000000,220644558.000000,61434.000000
522000006.000000,72247.000000,62601.000000,326538.000000,172281.000000,221143377.000000,67524.000000
523000040.000000,96150.000000,76999.000000,305288.000000,192901.000000,221641566.000000,89454.000000
524000007.000000,77252.000000,64719.000000,319006.000000,169883.000000,222130455.000000,71259.000000
525000044.000000,89190.000000,83993.000000,301246.000000,176975.000000,222608676.000000,81493.000000
526001937.000000,65199.000000,42283.000000,332586.000000,173407.000000,223114669.000000,61451.000000
527000003.000000,104027.000000,86318.000000,292755.000000,194024.000000,223601448.000000,95603.000000
528005083.000000,77180.000000,67991.000000,321626.000000,173602.000000,224096676.000000,71271.000000
529000023.000000,80563.000000,72916.000000,308623.000000,175975.000000,224581274.000000,74113.000000
530000030.000000,65871.000000,55883.000000,335731.000000,167907.000000,225084912.000000,62143.000000
531000016.000000,91334.000000,66465.000000,310722.000000,191447.000000,225587081.000000,85630.000000
532000007.000000,69209.000000,53959.000000,330287.000000,173272.000000,226090640.000000,64811.000000
533003469.000000,63997.000000,40143.000000,338570.000000,167405.000000,226596615.000000,60643.000000
534002070.000000,92060.000000,65185.000000,307039.000000,192306.000000,227095960.000000,85991.000000
535000014.000000,64428.000000,44315.000000,333701.000000,167159.000000,227596820.000000,60896.000000
536002781.000000,76075.000000,57789.000000,324615.000000,167216.000000,228088651.000000,70286.000000
537000002.000000,66266.000000,41072.000000,326804.000000,173600.000000,228589055.000000,62217.000000
538000068.000000,91941.000000,60085.000000,303717.000000,195263.000000,229088035.000000,85796.000000
539004395.000000,77572.000000,57713.000000,317469.000000,177040.000000,229582544.000000,71831.000000
540000002.000000,67321.000000,49865.000000,331159.000000,169902.000000,230083605.000000,62965.000000
541000049.000000,97867.000000,83909.000000,301392.000000,195259.000000,230580256.000000,91046.000000
542000031.000000,70385.000000,63977.000000,329535.000000,175731.000000,231085522.000000,66438.000000
543004231.000000,65997.000000,51162.000000,337183.000000,170488.000000,231593193.000000,62119.000000
544000001.000000,66486.000000,49556.000000,329326.000000,171525.000000,232094044.000000,62589.000000
545000999.000000,89546.000000,61584.000000,312763.000000,187457.000000,232594264.000000,83746.000000
546005336.000000,65418.000000,48632.000000,337854.000000,166885.000000,233099003.000000,61466.000000
547000003.000000,66409.000000,46617.000000,334870.000000,169552.000000,233603425.000000,62663.000000
548002504.000000,96045.000000,76057.000000,306139.000000,195796.000000,234105360.000000,89754.000000
549000031.000000,71872.000000,59040.000000,326310.000000,174357.000000,234606027.000000,67323.000000
550000287.000000,70599.000000,56367.000000,327812.000000,173656.000000,235107495.000000,65906.000000
551000042.000000,69169.000000,52414.000000,331594.000000,172916.000000,235612005.000000,64658.000000
552000021.000000,90093.000000,64994.000000,311211.000000,191641.000000,236114857.000000,84307.000000
553003858.000000,68612.000000,54355.000000,332410.000000,173531.000000,236620798.000000,64313.000000
554000033.000000,75410.000000,68004.000000,324410.000000,179867.000000,237125075.000000,70364.000000
555000007.000000,93875.000000,75442.000000,305369.000000,195881.000000,237626325.000000,87283.000000
556000005.000000,71730.000000,59906.000000,326984.000000,179825.000000,238133134.000000,67028.000000
557004085.000000,75511.000000,66733.000000,325881.000000,182745.000000,238641760.000000,70459.000000
558000025.000000,74327.000000,68653.000000,325471.000000,181669.000000,239148900.000000,69418.000000
559000807.000000,95646.000000,76889.000000,308478.000000,197530.000000,239654908.000000,89009.000000
560000008.000000,74661.000000,56122.000000,326284.000000,170490.000000,240151682.000000,69107.000000
561000006.000000,68027.000000,43081.000000,323447.000000,171455.000000,240646584.000000,63910.000000
562000005.000000,102408.000000,77944.000000,296705.000000,197155.000000,241140444.000000,94266.000000
563000001.000000,63070.000000,42193.000000,336414.000000,164583.000000,241641441.000000,59212.000000
564001482.000000,63445.000000,40061.000000,335286.000000,168657.000000,242145384.000000,60199.000000
565000023.000000,74687.000000,48541.000000,325737.000000,178266.000000,242649387.000000,70259.000000
566004298.000000,80981.000000,52400.000000,323804.000000,182348.000000,243155539.000000,76309.000000
567004546.000000,69561.000000,51513.000000,329863.000000,176101.000000,243661503.000000,65154.000000
568000034.000000,67031.000000,48094.000000,332521.000000,172403.000000,244166427.000000,63019.000000
569001821.000000,92288.000000,67422.000000,315470.000000,192712.000000,244674609.000000,85673.000000
570003468.000000,66536.000000,49571.000000,336562.000000,173182.000000,245184353.000000,62560.000000
571000066.000000,71542.000000,60350.000000,326459.000000,174427.000000,245685239.000000,66577.000000
572003940.000000,91761.000000,68010.000000,315627.000000,192903.000000,246193769.000000,85301.000000
573004634.000000,68387.000000,53850.000000,332771.000000,173850.000000,246700390.000000,63932.000000
574000005.000000,67478.000000,48277.000000,330459.000000,176197.000000,247207046.000000,63360.000000
575000046.000000,66958.000000,49094.000000,332137.000000,170898.000000,247710081.000000,62855.000000
576000026.000000,93576.000000,70826.000000,310865.000000,189878.000000,248210824.000000,86833.000000
577002165.000000,66009.000000,46295.000000,337442.000000,170189.000000,248718455.000000,62212.000000
578000011.000000,65327.000000,47569.000000,333007.000000,172039.000000,249223501.000000,61513.000000
579000047.000000,93267.000000,72456.000000,314529.000000,193961.000000,249731991.000000,86479.000000
580000026.000000,68862.000000,57133.000000,332595.000000,174791.000000,250239377.000000,64178.000000
581000021.000000,65744.000000,48270.000000,336513.000000,170684.000000,250746574.000000,61945.000000
582000003.000000,68478.000000,56034.000000,331458.000000,176858.000000,251254890.000000,64546.000000
583005699.000000,97145.000000,80426.000000,311278.000000,200068.000000,251766236.000000,90211.000000
584000003.000000,67989.000000,49328.000000,333287.000000,178196.000000,252277719.000000,64303.000000
585000135.000000,66418.000000,45484.000000,334062.000000,175978.000000,252787759.000000,62800.000000
586000007.000000,92851.000000,67675.000000,311561.000000,199212.000000,253298532.000000,86540.000000
587002858.000000,68756.000000,52044.000000,333326.000000,175327.000000,253807185.000000,64760.000000
588000005.000000,66107.000000,51285.000000,330661.000000,174784.000000,254312630.000000,62404.000000
589003884.000000,94542.000000,71837.000000,313162.000000,194990.000000,254820782.000000,87548.000000
590000011.000000,65321.000000,46571.000000,330392.000000,170060.000000,255321234.000000,61457.000000
591000005.000000,72340.000000,62972.000000,324882.000000,173046.000000,255819162.000000,67131.000000
592000022.000000,66276.000000,43320.000000,334411.000000,172553.000000,256326126.000000,62606.000000
593000018.000000,89933.000000,61343.000000,314141.000000,188680.000000,256828947.000000,83742.000000
594001475.000000,69450.000000,56903.000000,333092.000000,173027.000000,257335066.000000,65111.000000
595002833.000000,66068.000000,47101.000000,335535.000000,173720.000000,257844321.000000,62081.000000
596004926.000000,92800.000000,68340.000000,311174.000000,193039.000000,258348534.000000,86257.000000
597000005.000000,72093.000000,70292.000000,319102.000000,175827.000000,258843463.000000,66566.000000
598005335.000000,71273.000000,62052.000000,333794.000000,180776.000000,259358033.000000,66842.000000
599003972.000000,67264.000000,46672.000000,332689.000000,171626.000000,259862348.000000,63443.000000
600005102.000000,93172.000000,70548.000000,313225.000000,192130.000000,260367703.000000,86366.000000
601001952.000000,67968.000000,47102.000000,333521.000000,175602.000000,260876826.000000,64047.000000
602000014.000000,67517.000000,49208.000000,331745.000000,175716.000000,261384287.000000,63370.000000
603000005.000000,94038.000000,71119.000000,313259.000000,195644.000000,261893190.000000,86953.000000
604000010.000000,67357.000000,48813.000000,331507.000000,178298.000000,262402995.000000,63309.000000
605000001.000000,65591.000000,45255.000000,335107.000000,173551.000000,262911653.000000,61845.000000
606000008.000000,91082.000000,65233.000000,316266.000000,192366.000000,263420285.000000,84538.000000
607000011.000000,66068.000000,41330.000000,332543.000000,176550.000000,263929378.000000,62684.000000
608003213.000000,65948.000000,43144.000000,335448.000000,174699.000000,264439525.000000,62404.000000
609000033.000000,66720.000000,48497.000000,333234.000000,174512.000000,264947271.000000,62326.000000
610000035.000000,105854.000000,86180.000000,297715.000000,196805.000000,265441791.000000,96616.000000
611000032.000000,64935.000000,45623.000000,332071.000000,168815.000000,265942677.000000,61015.000000
612000013.000000,65147.000000,38905.000000,331377.000000,176599.000000,266450653.000000,61224.000000
613000004.000000,91277.000000,66880.000000,309680.000000,193164.000000,266953497.000000,84811.000000
614000014.000000,75271.000000,49097.000000,322043.000000,177034.000000,267452574.000000,69972.000000
615000001.000000,67722.000000,48431.000000,331910.000000,172874.000000,267957358.000000,63738.000000
616000002.000000,85542.000000,64697.000000,312515.000000,180610.000000,268450483.000000,78781.000000
617000008.000000,78534.000000,52553.000000,320676.000000,181543.000000,268952702.000000,73602.000000
618000445.000000,76847.000000,59399.000000,325788.000000,170229.000000,269448719.000000,70645.000000
619001518.000000,75663.000000,58881.000000,320905.000000,172773.000000,269942397.000000,69736.000000
620005175.000000,103441.000000,83411.000000,301474.000000,195701.000000,270439572.000000,94691.000000
621000013.000000,65322.000000,42674.000000,334159.000000,171796.000000,270945527.000000,61577.000000
622000007.000000,66249.000000,41032.000000,333848.000000,175561.000000,271454936.000000,62650.000000
623000024.000000,82491.000000,56482.000000,323872.000000,183044.000000,271961852.000000,76779.000000
624000004.000000,74700.000000,52915.000000,327230.000000,180197.000000,272469279.000000,70096.000000
625000010.000000,66659.000000,47068.000000,330590.000000,180185.000000,272980054.000000,63021.000000
626000015.000000,69170.000000,48295.000000,329999.000000,175800.000000,273485853.000000,64854.000000
627000005.000000,91932.000000,71147.000000,313099.000000,191989.000000,273990941.000000,84715.000000
628000001.000000,65523.000000,42593.000000,337480.000000,175425.000000,274503846.000000,62121.000000
629000563.000000,65959.000000,43050.000000,336562.000000,172857.000000,275013265.000000,62380.000000
630000009.000000,92786.000000,70009.000000,308514.000000,199825.000000,275521604.000000,85999.000000
631000044.000000,65315.000000,47700.000000,328466.000000,176702.000000,276026772.000000,61712.000000
632000002.000000,65583.000000,45273.000000,333827.000000,174755.000000,276535354.000000,61896.000000
633000001.000000,86491.000000,65148.000000,317136.000000,189928.000000,277042418.000000,80291.000000
634000029.000000,73136.000000,50784.000000,327659.000000,176921.000000,277546998.000000,68371.000000
635000009.000000,64880.000000,39702.000000,331372.000000,169715.000000,278048085.000000,61189.000000
636000009.000000,63212.000000,39503.000000,333248.000000,172689.000000,278554022.000000,59743.000000
637003994.000000,87646.000000,60978.000000,318256.000000,190509.000000,279062787.000000,81381.000000
638004850.000000,63822.000000,34120.000000,335206.000000,174269.000000,279572262.000000,60813.000000
639005016.000000,67188.000000,46485.000000,333238.000000,174678.000000,280080178.000000,63455.000000
640000003.000000,92317.000000,72597.000000,314753.000000,195215.000000,280590146.000000,85207.000000
641003317.000000,62078.000000,42082.000000,337784.000000,170351.000000,281098281.000000,58680.000000
642003145.000000,64661.000000,42320.000000,331107.000000,174965.000000,281604353.000000,61255.000000
643000402.000000,92004.000000,69764.000000,313434.000000,193116.000000,282110903.000000,84995.000000
644000033.000000,66679.000000,42599.000000,332890.000000,178143.000000,282621936.000000,63066.000000
645000008.000000,66856.000000,42863.000000,332844.000000,178649.000000,283133429.000000,63447.000000
646000023.000000,88655.000000,66031.000000,320633.000000,191600.000000,283645662.000000,82223.000000
647005028.000000,68673.000000,44083.000000,336102.000000,179186.000000,284160950.000000,65044.000000
648005127.000000,67556.000000,48431.000000,331250.000000,176631.000000,284668831.000000,63603.000000
649003978.000000,63357.000000,40423.000000,341563.000000,168272.000000,285178666.000000,60005.000000
650000033.000000,90971.000000,63185.000000,314232.000000,195586.000000,285688484.000000,84597.000000
651000009.000000,66595.000000,43620.000000,332439.000000,173545.000000,286194468.000000,62788.000000
652000006.000000,66756.000000,46145.000000,335779.000000,173970.000000,286704217.000000,62693.000000
653000001.000000,93185.000000,69913.000000,312841.000000,195678.000000,287212736.000000,86150.000000
654000024.000000,67112.000000,50324.000000,331571.000000,171124.000000,287715431.000000,62491.000000
655000003.000000,66858.000000,38777.000000,333104.000000,175637.000000,288224172.000000,63078.000000
656000015.000000,89964.000000,62377.000000,314466.000000,195333.000000,288733971.000000,83688.000000
657002521.000000,62665.000000,33591.000000,339228.000000,169504.000000,289242703.000000,59641.000000
658003022.000000,65140.000000,40820.000000,336093.000000,172021.000000,289750817.000000,61600.000000
659000007.000000,77398.000000,54081.000000,324593.000000,181349.000000,290256759.000000,72533.000000
660000626.000000,75636.000000,53050.000000,325485.000000,182011.000000,290764255.000000,71085.000000
661001146.000000,64467.000000,38453.000000,333137.000000,173568.000000,291270960.000000,61406.000000
662000019.000000,64660.000000,39534.000000,333839.000000,174005.000000,291778804.000000,61368.000000
663002891.000000,90852.000000,66262.000000,318369.000000,195190.000000,292292363.000000,84454.000000
664001081.000000,66371.000000,46560.000000,331432.000000,176465.000000,292800260.000000,62872.000000
665000013.000000,67527.000000,50656.000000,330154.000000,176328.000000,293306742.000000,63536.000000
666000950.000000,90215.000000,65568.000000,317074.000000,193010.000000,293816826.000000,83728.000000
667000009.000000,68687.000000,45808.000000,332585.000000,177117.000000,294326528.000000,64662.000000
668001849.000000,64620.000000,39751.000000,334598.000000,176558.000000,294837684.000000,61404.000000
669005325.000000,92692.000000,67976.000000,318108.000000,195395.000000,295351187.000000,85955.000000
670000038.000000,63414.000000,36291.000000,332849.000000,173394.000000,295857430.000000,60521.000000
671003058.000000,65510.000000,39871.000000,333237.000000,177832.000000,296368499.000000,62491.000000
672000027.000000,83537.000000,57937.000000,319808.000000,187339.000000,296875646.000000,77806.000000
673003695.000000,72063.000000,49382.000000,330646.000000,179769.000000,297386061.000000,67742.000000
674000003.000000,67300.000000,50455.000000,329630.000000,179906.000000,297895597.000000,63581.000000
675000013.000000,67754.000000,50030.000000,330950.000000,178820.000000,298405367.000000,63820.000000
676000020.000000,93728.000000,74902.000000,311299.000000,193420.000000,298910086.000000,85986.000000
677000008.000000,69866.000000,48871.000000,330402.000000,175925.000000,299416413.000000,65494.000000
678002283.000000,65111.000000,41126.000000,334159.000000,178873.000000,299929445.000000,61836.000000
679000019.000000,89012.000000,64123.000000,317070.000000,195714.000000,300442229.000000,82633.000000
680000029.000000,63401.000000,40420.000000,335162.000000,174409.000000,300951800.000000,60250.000000
681000023.000000,62325.000000,33837.000000,337591.000000,172792.000000,301462183.000000,59460.000000
682000005.000000,89497.000000,63507.000000,318107.000000,192938.000000,301973228.000000,82986.000000
683000031.000000,62980.000000,32825.000000,331779.000000,174193.000000,302479200.000000,60056.000000
684006773.000000,62544.000000,35984.000000,333527.000000,171644.000000,302984371.000000,58927.000000
685000004.000000,89886.000000,66932.000000,312372.000000,193450.000000,303490193.000000,83102.000000
686000005.000000,64199.000000,41360.000000,337548.000000,175291.000000,304003032.000000,60623.000000
687000008.000000,65489.000000,38805.000000,332162.000000,174245.000000,304509439.000000,61847.000000
688000035.000000,77783.000000,54839.000000,326435.000000,183718.000000,305019592.000000,72474.000000
689000345.000000,79679.000000,56686.000000,322276.000000,183990.000000,305525858.000000,74109.000000
690000012.000000,65233.000000,35459.000000,329211.000000,179590.000000,306034659.000000,62418.000000
691000021.000000,65294.000000,32176.000000,330982.000000,179649.000000,306545290.000000,62541.000000
692000009.000000,90871.000000,62756.000000,313328.000000,197589.000000,307056207.000000,84329.000000
693005368.000000,66480.000000,40687.000000,332531.000000,175126.000000,307563864.000000,62593.000000
694000006.000000,64866.000000,38087.000000,330883.000000,173298.000000,308068045.000000,61636.000000
695000019.000000,90751.000000,71733.000000,310606.000000,196058.000000,308574709.000000,83875.000000
696004335.000000,67212.000000,43490.000000,331220.000000,176448.000000,309082377.000000,63457.000000
697001140.000000,66017.000000,38866.000000,328000.000000,181446.000000,309591823.000000,62999.000000
698000002.000000,87597.000000,66260.000000,309604.000000,193566.000000,310094993.000000,80748.000000
699001201.000000,65708.000000,38099.000000,330807.000000,175624.000000,310601424.000000,62336.000000
700004575.000000,64903.000000,32038.000000,333415.000000,178143.000000,311112982.000000,62151.000000
701000038.000000,89327.000000,64266.000000,314532.000000,195372.000000,311622886.000000,82756.000000
702000052.000000,63048.000000,35634.000000,332113.000000,177721.000000,312132720.000000,60132.000000
703000011.000000,64323.000000,37244.000000,332641.000000,181069.000000,312646430.000000,61475.000000
704000029.000000,88968.000000,63310.000000,313089.000000,197447.000000,313156966.000000,82442.000000
705001093.000000,67891.000000,50666.000000,325919.000000,177963.000000,313660848.000000,63609.000000
706000700.000000,66992.000000,45239.000000,332507.000000,178765.000000,314172120.000000,63361.000000
707000006.000000,89778.000000,67697.000000,311970.000000,189807.000000,314673897.000000,82670.000000
708000008.000000,79795.000000,52781.000000,316940.000000,190794.000000,315181631.000000,74806.000000
709002065.000000,66786.000000,43205.000000,325092.000000,177238.000000,315683961.000000,63002.000000
710002592.000000,65489.000000,42899.000000,324938.000000,175256.000000,316184155.000000,61433.000000
711000023.000000,88656.000000,65057.000000,312511.000000,193414.000000,316690080.000000,81811.000000
712005431.000000,65087.000000,34701.000000,334560.000000,179275.000000,317203915.000000,61953.000000
713000052.000000,77275.000000,53052.000000,316935.000000,180068.000000,317700918.000000,71909.000000
714000007.000000,88280.000000,62341.000000,316327.000000,194489.000000,318211734.000000,81753.000000
715000023.000000,64694.000000,40406.000000,331956.000000,176636.000000,318720326.000000,61326.000000
716000006.000000,69028.000000,45295.000000,324556.000000,181356.000000,319226238.000000,65283.000000
717000001.000000,91811.000000,73105.000000,310962.000000,198651.000000,319735851.000000,84606.000000
718004014.000000,65731.000000,37523.000000,334009.000000,182679.000000,320252539.000000,62440.000000
719000012.000000,79321.000000,57857.000000,314713.000000,179795.000000,320747047.000000,73170.000000
720000006.000000,85508.000000,59026.000000,315217.000000,188519.000000,321250783.000000,79013.000000
721000031.000000,77631.000000,51491.000000,322200.000000,186582.000000,321759565.000000,72768.000000
722000016.000000,67615.000000,38380.000000,328321.000000,182183.000000,322270069.000000,64099.000000
723000003.000000,67820.000000,40347.000000,331349.000000,181618.000000,322783036.000000,64368.000000
724000040.000000,100528.000000,81532.000000,301639.000000,196316.000000,323280991.000000,91671.000000
725000002.000000,65423.000000,34948.000000,332310.000000,179043.000000,323792344.000000,62170.000000
726001418.000000,63373.000000,32979.000000,336097.000000,176247.000000,324304688.000000,60461.000000
727000017.000000,89495.000000,61511.000000,311949.000000,196687.000000,324813324.000000,82757.000000
728000008.000000,68311.000000,39883.000000,330193.000000,180893.000000,325324410.000000,64622.000000
729000008.000000,65389.000000,30053.000000,333701.000000,182208.000000,325840319.000000,62588.000000
730001356.000000,89262.000000,60737.000000,314311.000000,196832.000000,326351462.000000,82966.000000
731000009.000000,66323.000000,31108.000000,330985.000000,183167.000000,326865614.000000,63411.000000
732000212.000000,65121.000000,36658.000000,331114.000000,175823.000000,327372551.000000,61809.000000
733000012.000000,89995.000000,63498.000000,313819.000000,196172.000000,327882542.000000,83390.000000
734000036.000000,67723.000000,32811.000000,329184.000000,185482.000000,328397208.000000,64541.000000
735002325.000000,77146.000000,46580.000000,319007.000000,182850.000000,328899065.000000,72171.000000
736000004.000000,100327.000000,78529.000000,300878.000000,195472.000000,329395415.000000,91331.000000
737000005.000000,75734.000000,47831.000000,322539.000000,176420.000000,329894374.000000,70560.000000
738000004.000000,61656.000000,29520.000000,335619.000000,173994.000000,330403987.000000,58865.000000
739000020.000000,86483.000000,57636.000000,317712.000000,191909.000000,330913608.000000,80422.000000
740000033.000000,67261.000000,37857.000000,335017.000000,178789.000000,331427414.000000,63450.000000
741000011.000000,64880.000000,36787.000000,334583.000000,176959.000000,331938956.000000,61641.000000
742000004.000000,79603.000000,55356.000000,319255.000000,187533.000000,332445744.000000,74241.000000
743001215.000000,78329.000000,51299.000000,319292.000000,191461.000000,332956497.000000,73841.000000
744000010.000000,70420.000000,54575.000000,318728.000000,182889.000000,333458114.000000,66555.000000
745002438.000000,68742.000000,52497.000000,325756.000000,183603.000000,333967473.000000,65096.000000
746006984.000000,88759.000000,66649.000000,313405.000000,198052.000000,334478930.000000,82242.000000
747006382.000000,64174.000000,35384.000000,327033.000000,179316.000000,334985279.000000,61213.000000
748000014.000000,65706.000000,29572.000000,328391.000000,181541.000000,335495211.000000,62835.000000
749000032.000000,89400.000000,59359.000000,307932.000000,200509.000000,336003652.000000,83149.000000
750000036.000000,67168.000000,38050.000000,328909.000000,179534.000000,336512095.000000,63580.000000
751000029.000000,70057.000000,48083.000000,325656.000000,177268.000000,337015019.000000,65588.000000
752000003.000000,93964.000000,70523.000000,303440.000000,197298.000000,337515757.000000,86411.000000
753000170.000000,65672.000000,34470.000000,329221.000000,180721.000000,338025699.000000,62643.000000
754002849.000000,63960.000000,29188.000000,331250.000000,180404.000000,338537353.000000,61543.000000
755005023.000000,88780.000000,57995.000000,315300.000000,197733.000000,339050386.000000,82729.000000
756000040.000000,65490.000000,35984.000000,327642.000000,177823.000000,339555851.000000,62154.000000
757000026.000000,64195.000000,40459.000000,328896.000000,173421.000000,340058168.000000,60589.000000
758000006.000000,88722.000000,63311.000000,311074.000000,196070.000000,340565312.000000,82194.000000
759002416.000000,67206.000000,37366.000000,327894.000000,179440.000000,341072646.000000,63761.000000
760000003.000000,63972.000000,40396.000000,324742.000000,177676.000000,341575064.000000,60669.000000
761000021.000000,84949.000000,61874.000000,314814.000000,190675.000000,342080553.000000,78606.000000
762003098.000000,66405.000000,35363.000000,330523.000000,181502.000000,342592578.000000,63331.000000
763000001.000000,62641.000000,30439.000000,330166.000000,175880.000000,343098624.000000,59836.000000
764000002.000000,81825.000000,59300.000000,316603.000000,190302.000000,343605529.000000,75976.000000
765000012.000000,71963.000000,49264.000000,323398.000000,182539.000000,344111466.000000,67804.000000
766002772.000000,65317.000000,42087.000000,332951.000000,176352.000000,344620769.000000,61679.000000
767000024.000000,64995.000000,37469.000000,329560.000000,179654.000000,345129983.000000,61681.000000
768000005.000000,89412.000000,64525.000000,311396.000000,196986.000000,345638365.000000,82695.000000
769003678.000000,66523.000000,32016.000000,329273.000000,182725.000000,346150363.000000,63448.000000
770003833.000000,62380.000000,28277.000000,331914.000000,179188.000000,346661465.000000,59870.000000
771000002.000000,89232.000000,60142.000000,309395.000000,199298.000000,347170158.000000,82905.000000
772002040.000000,64594.000000,33099.000000,330034.000000,182870.000000,347683062.000000,61921.000000
773000017.000000,64269.000000,28109.000000,325928.000000,182556.000000,348191546.000000,61844.000000
774001143.000000,88932.000000,60042.000000,308797.000000,197103.000000,348697446.000000,82617.000000
775000003.000000,63930.000000,33892.000000,329632.000000,176345.000000,349203423.000000,60691.000000
776000002.000000,64613.000000,27485.000000,332746.000000,182344.000000,349718513.000000,61607.000000
777000017.000000,85833.000000,54459.000000,312436.000000,199643.000000,350230592.000000,80023.000000
778000034.000000,64267.000000,30259.000000,330632.000000,179995.000000,350741219.000000,61573.000000
779000025.000000,66930.000000,35023.000000,327243.000000,181137.000000,351249599.000000,63485.000000
780000014.000000,82490.000000,52835.000000,313545.000000,193684.000000,351756828.000000,77359.000000
781000004.000000,62699.000000,27994.000000,332041.000000,180168.000000,352269037.000000,60345.000000
782000024.000000,73992.000000,42469.000000,321259.000000,190739.000000,352781035.000000,69786.000000
783000088.000000,79513.000000,49190.000000,317160.000000,191140.000000,353289335.000000,74605.000000
784000012.000000,62532.000000,35161.000000,328710.000000,177623.000000,353795668.000000,59156.000000
785000039.000000,68646.000000,38435.000000,323411.000000,182550.000000,354301629.000000,64711.000000
786000044.000000,86771.000000,60405.000000,308339.000000,196900.000000,354806868.000000,80373.000000
787000018.000000,62746.000000,34785.000000,332371.000000,178055.000000,355317294.000000,59780.000000
788000006.000000,64625.000000,40040.000000,326293.000000,180117.000000,355823704.000000,61387.000000
789000006.000000,91145.000000,72699.000000,301291.000000,198952.000000,356323947.000000,84034.000000
790000006.000000,69478.000000,44475.000000,319848.000000,181509.000000,356825304.000000,65472.000000
791000013.000000,67482.000000,42804.000000,321826.000000,182036.000000,357329166.000000,63758.000000
792003986.000000,90596.000000,65334.000000,307418.000000,201693.000000,357838277.000000,84123.000000
793000038.000000,66150.000000,39638.000000,319398.000000,185861.000000,358343536.000000,63223.000000
794000011.000000,69540.000000,41908.000000,318762.000000,186130.000000,358848428.000000,65787.000000
795000001.000000,91912.000000,69145.000000,297660.000000,202550.000000,359348638.000000,85170.000000
796000014.000000,68329.000000,38095.000000,320016.000000,188383.000000,359857037.000000,65041.000000
797000017.000000,65547.000000,32573.000000,324808.000000,185083.000000,360366928.000000,62546.000000
798000001.000000,94235.000000,69262.000000,299002.000000,203686.000000,360869616.000000,86977.000000
799003942.000000,68153.000000,41223.000000,318783.000000,186464.000000,361374863.000000,64572.000000
800000010.000000,67740.000000,42223.000000,317921.000000,183704.000000,361876488.000000,63618.000000
801002424.000000,88454.000000,58378.000000,303650.000000,201187.000000,362381325.000000,82014.000000
802002888.000000,63757.000000,30366.000000,325024.000000,184432.000000,362890781.000000,61316.000000
803000006.000000,77867.000000,49222.000000,309888.000000,188663.000000,363389332.000000,72749.000000
804000010.000000,89963.000000,62111.000000,300654.000000,205580.000000,363895566.000000,83597.000000
805003548.000000,76257.000000,45585.000000,315141.000000,181747.000000,364392454.000000,71210.000000
806000009.000000,63871.000000,32791.000000,321073.000000,184070.000000,364897597.000000,60991.000000
807000026.000000,85729.000000,59278.000000,303558.000000,196363.000000,365397518.000000,79457.000000
808000011.000000,75895.000000,49391.000000,312618.000000,181914.000000,365892050.000000,70247.000000
809000032.000000,75561.000000,45942.000000,314422.000000,184921.000000,366391393.000000,70342.000000
810005182.000000,89300.000000,71456.000000,301870.000000,180264.000000,366873527.000000,81439.000000
811004845.000000,89327.000000,63700.000000,301303.000000,199364.000000,367374194.000000,82802.000000
812000004.000000,67273.000000,40279.000000,317826.000000,184425.000000,367876445.000000,63602.000000
813000001.000000,66930.000000,42045.000000,319097.000000,184536.000000,368380078.000000,63144.000000
814000023.000000,89204.000000,63052.000000,301870.000000,204486.000000,368886434.000000,82528.000000
815000010.000000,65405.000000,30582.000000,319014.000000,187968.000000,369393416.000000,62626.000000
816000021.000000,68458.000000,41267.000000,315301.000000,184493.000000,369893210.000000,64634.000000
817001071.000000,87605.000000,62652.000000,304868.000000,196199.000000,370394277.000000,81068.000000
818000016.000000,65589.000000,33217.000000,319991.000000,188255.000000,370902523.000000,62653.000000
819002674.000000,65809.000000,36919.000000,320228.000000,185550.000000,371408301.000000,62469.000000
820000053.000000,90625.000000,66700.000000,295960.000000,202905.000000,371907166.000000,83757.000000
821000947.000000,71637.000000,47383.000000,308061.000000,188961.000000,372404188.000000,67465.000000
822000699.000000,67865.000000,42679.000000,314831.000000,182698.000000,372901717.000000,63875.000000
823000007.000000,91521.000000,65599.000000,297628.000000,202749.000000,373402094.000000,84633.000000
824000048.000000,66082.000000,39323.000000,320393.000000,183820.000000,373906307.000000,62758.000000
825000001.000000,65485.000000,29843.000000,320938.000000,190889.000000,374418134.000000,62908.000000
826001290.000000,88343.000000,55240.000000,302533.000000,202750.000000,374923417.000000,82401.000000
827000038.000000,64305.000000,25545.000000,321065.000000,183718.000000,375428200.000000,61864.000000
828000018.000000,65253.000000,26366.000000,318830.000000,189117.000000,375936147.000000,63043.000000
829000443.000000,88418.000000,54794.000000,300474.000000,204163.000000,376440784.000000,82683.000000
830001696.000000,64908.000000,24271.000000,320993.000000,188933.000000,376950710.000000,62715.000000
831000007.000000,65196.000000,25125.000000,322584.000000,187816.000000,377461110.000000,62956.000000
832003098.000000,89579.000000,53344.000000,303242.000000,203856.000000,377968208.000000,83709.000000
833002418.000000,79476.000000,45753.000000,312443.000000,186338.000000,378466989.000000,74561.000000
834002656.000000,64958.000000,21832.000000,326148.000000,187582.000000,378980719.000000,62909.000000
835000001.000000,90543.000000,54237.000000,302161.000000,206937.000000,379489817.000000,84660.000000
836000043.000000,65279.000000,21906.000000,325848.000000,187316.000000,380002981.000000,63269.000000
837000018.000000,78863.000000,44021.000000,311596.000000,186995.000000,380501572.000000,73980.000000
838000011.000000,89278.000000,53568.000000,298805.000000,204321.000000,381004698.000000,83290.000000
839000460.000000,64948.000000,25045.000000,325080.000000,187747.000000,381517525.000000,62597.000000
840000008.000000,66830.000000,25044.000000,321515.000000,192854.000000,382031894.000000,64557.000000
841003581.000000,88827.000000,53348.000000,303487.000000,202551.000000,382537932.000000,83064.000000
842000016.000000,62488.000000,26281.000000,322469.000000,182202.000000,383042603.000000,60129.000000
843000003.000000,69632.000000,36568.000000,314113.000000,188448.000000,383545164.000000,65982.000000
844000031.000000,81237.000000,47936.000000,307803.000000,198934.000000,384051901.000000,76533.000000
845000009.000000,66914.000000,44206.000000,315951.000000,186395.000000,384554247.000000,63169.000000
846000008.000000,72967.000000,47858.000000,312399.000000,189439.000000,385056085.000000,68514.000000
847000748.000000,87080.000000,61346.000000,297878.000000,197966.000000,385551929.000000,80813.000000
848004550.000000,67067.000000,37193.000000,320174.000000,184368.000000,386056471.000000,63735.000000
849000242.000000,67672.000000,37116.000000,315280.000000,190418.000000,386562169.000000,64589.000000
850001235.000000,92118.000000,68858.000000,293581.000000,205067.000000,387060817.000000,85001.000000
851000003.000000,65912.000000,35118.000000,318517.000000,185613.000000,387564947.000000,62517.000000
852001084.000000,68899.000000,41139.000000,310354.000000,189049.000000,388064350.000000,65138.000000
853000008.000000,91361.000000,70316.000000,292652.000000,203040.000000,388560042.000000,83947.000000
854000012.000000,65513.000000,40097.000000,313522.000000,189228.000000,389062792.000000,62300.000000
855000006.000000,64472.000000,38874.000000,315907.000000,185972.000000,389564671.000000,60776.000000
856000016.000000,88183.000000,62208.000000,293179.000000,202103.000000,390059953.000000,81508.000000
857000002.000000,67711.000000,40751.000000,310989.000000,187131.000000,390558073.000000,63988.000000
858000021.000000,67025.000000,41307.000000,311246.000000,186403.000000,391055722.000000,63451.000000
859000003.000000,95493.000000,79068.000000,284977.000000,204568.000000,391545267.000000,87391.000000
860000007.000000,67280.000000,44738.000000,313647.000000,187246.000000,392046160.000000,63211.000000
861000032.000000,66506.000000,38458.000000,315106.000000,187771.000000,392549037.000000,63004.000000
862000026.000000,88935.000000,66439.000000,289173.000000,202701.000000,393040911.000000,82226.000000
863001349.000000,66321.000000,39180.000000,310231.000000,184940.000000,393536082.000000,62578.000000
864004563.000000,67355.000000,39143.000000,312154.000000,186208.000000,394034444.000000,63418.000000
865000005.000000,89070.000000,63245.000000,293023.000000,204665.000000,394532132.000000,82925.000000
866000010.000000,65376.000000,34307.000000,314800.000000,187973.000000,395034905.000000,62438.000000
867000022.000000,66800.000000,32785.000000,309212.000000,194049.000000,395538166.000000,63873.000000
868000014.000000,90336.000000,64048.000000,294119.000000,201778.000000,396034063.000000,83457.000000
869002986.000000,67268.000000,40516.000000,311015.000000,189600.000000,396534678.000000,63867.000000
870000005.000000,65908.000000,39648.000000,313095.000000,188310.000000,397036083.000000,62475.000000
871000011.000000,92768.000000,71344.000000,287799.000000,204748.000000,397528630.000000,85190.000000
872000019.000000,66556.000000,44612.000000,313164.000000,186406.000000,398028200.000000,62804.000000
873000010.000000,68142.000000,45095.000000,310665.000000,185375.000000,398524240.000000,64016.000000
874000019.000000,92723.000000,70406.000000,289739.000000,205040.000000,399019019.000000,85658.000000
875000002.000000,64320.000000,38996.000000,313084.000000,185504.000000,399517607.000000,61165.000000
876004260.000000,68217.000000,37436.000000,311866.000000,195237.000000,400024710.000000,65075.000000
877000022.000000,90644.000000,64335.000000,290468.000000,206659.000000,400521837.000000,84079.000000
878000010.000000,68115.000000,36920.000000,307359.000000,195309.000000,401024505.000000,65067.000000
879000004.000000,65772.000000,42892.000000,310114.000000,188052.000000,401522671.000000,62305.000000
880000015.000000,90254.000000,72577.000000,287718.000000,202028.000000,402012417.000000,82917.000000
881000006.000000,69548.000000,45614.000000,306904.000000,193644.000000,402512965.000000,65948.000000
882000004.000000,69814.000000,46399.000000,302449.000000,191143.000000,403006557.000000,66164.000000
883003772.000000,91249.000000,67872.000000,288855.000000,204667.000000,403500079.000000,84354.000000
884000004.000000,74069.000000,53667.000000,295607.000000,192143.000000,403987829.000000,69260.000000
885001551.000000,70237.000000,45667.000000,306636.000000,186963.000000,404481428.000000,65849.000000
886000028.000000,79137.000000,55758.000000,305636.000000,195571.000000,404982635.000000,73426.000000
887001734.000000,76514.000000,48908.000000,303867.000000,197193.000000,405483695.000000,72004.000000
888000020.000000,69798.000000,39946.000000,307707.000000,190069.000000,405981471.000000,66166.000000
889000062.000000,80717.000000,57473.000000,293054.000000,198784.000000,406473309.000000,75026.000000
890003080.000000,80420.000000,54613.000000,300257.000000,195567.000000,406969133.000000,75139.000000
891000008.000000,69112.000000,34926.000000,309152.000000,192464.000000,407470749.000000,65815.000000
892000003.000000,76045.000000,46925.000000,297963.000000,197429.000000,407966141.000000,71913.000000
893000004.000000,83696.000000,53820.000000,294434.000000,204359.000000,408464934.000000,78226.000000
894000007.000000,66515.000000,39767.000000,307907.000000,190815.000000,408963656.000000,63197.000000
895000039.000000,74250.000000,55032.000000,302843.000000,189666.000000,409456165.000000,69279.000000
896000615.000000,89219.000000,67627.000000,291370.000000,203932.000000,409951467.000000,82720.000000
897001117.000000,66205.000000,41633.000000,310351.000000,190634.000000,410452452.000000,62891.000000
898000005.000000,67908.000000,43017.000000,306353.000000,190251.000000,410949056.000000,63827.000000
899000015.000000,89319.000000,63642.000000,286496.000000,205252.000000,411440804.000000,82679.000000
900000007.000000,68145.000000,38867.000000,310110.000000,190609.000000,411941523.000000,64539.000000
901003306.000000,67127.000000,40129.000000,313742.000000,189950.000000,412445215.000000,63749.000000
902000039.000000,91960.000000,71375.000000,284881.000000,205380.000000,412935476.000000,84959.000000
903000003.000000,67215.000000,36797.000000,306719.000000,191470.000000,413433665.000000,64014.000000
904000002.000000,70094.000000,36989.000000,300698.000000,196781.000000,413931144.000000,66687.000000
905003494.000000,90432.000000,66510.000000,290765.000000,203733.000000,414425642.000000,83347.000000
906000002.000000,66280.000000,36828.000000,315497.000000,185546.000000,414926685.000000,62705.000000
907002398.000000,63476.000000,34540.000000,314036.000000,186324.000000,415427045.000000,60331.000000
908000017.000000,88886.000000,66789.000000,287308.000000,201721.000000,415916074.000000,81740.000000
909000016.000000,71981.000000,41677.000000,306960.000000,191613.000000,416414647.000000,67897.000000
910000023.000000,68786.000000,35841.000000,305734.000000,193396.000000,416913777.000000,65704.000000
911000026.000000,93006.000000,65848.000000,284128.000000,210286.000000,417408191.000000,86237.000000
912000021.000000,69659.000000,44385.000000,301769.000000,191483.000000,417901443.000000,65584.000000
913000001.000000,67162.000000,39898.000000,306702.000000,190538.000000,418398683.000000,63525.000000
914000022.000000,93167.000000,69069.000000,283541.000000,208315.000000,418890539.000000,85994.000000
915000010.000000,65217.000000,38846.000000,308297.000000,184932.000000,419383768.000000,61447.000000
916001170.000000,66704.000000,30031.000000,315850.000000,189494.000000,419889112.000000,63717.000000
917000054.000000,92849.000000,62308.000000,292696.000000,208705.000000,420390513.000000,86027.000000
918000218.000000,65752.000000,36812.000000,310450.000000,188508.000000,420889471.000000,62196.000000
919000003.000000,74510.000000,44678.000000,299280.000000,198889.000000,421387640.000000,70315.000000
920003883.000000,87619.000000,61958.000000,291139.000000,203213.000000,421881992.000000,81355.000000
921004005.000000,67357.000000,35954.000000,306913.000000,194264.000000,422383169.000000,64318.000000
922000011.000000,76795.000000,47351.000000,297029.000000,199556.000000,422879754.000000,71829.000000
923004079.000000,81572.000000,51236.000000,297125.000000,203368.000000,423380247.000000,76665.000000
924000001.000000,70276.000000,36672.000000,300714.000000,199542.000000,423880503.000000,67075.000000
925000017.000000,81260.000000,58108.000000,296350.000000,197649.000000,424374502.000000,75392.000000
926000002.000000,78689.000000,47803.000000,304274.000000,197286.000000,424876062.000000,74013.000000
927000003.000000,67698.000000,29574.000000,315810.000000,195808.000000,425387680.000000,65045.000000
928000016.000000,84295.000000,63175.000000,295494.000000,199955.000000,425883129.000000,78115.000000
929000085.000000,71306.000000,49619.000000,305325.000000,193234.000000,426381688.000000,67020.000000
930000004.000000,70865.000000,52492.000000,303862.000000,193285.000000,426878835.000000,67051.000000
931000005.000000,74629.000000,48520.000000,306465.000000,188708.000000,427374008.000000,69869.000000
932000191.000000,86815.000000,60511.000000,293017.000000,204362.000000,427871387.000000,80550.000000
933003805.000000,67335.000000,37749.000000,313750.000000,191568.000000,428376705.000000,64162.000000
934000011.000000,69985.000000,47583.000000,305576.000000,188759.000000,428871040.000000,65458.000000
935000032.000000,90532.000000,65457.000000,290696.000000,203574.000000,429365310.000000,83645.000000
936003358.000000,68058.000000,41395.000000,312952.000000,189975.000000,429868237.000000,64763.000000
937000016.000000,68904.000000,40662.000000,306180.000000,194402.000000,430368819.000000,65706.000000
938000017.000000,91120.000000,60817.000000,287824.000000,208463.000000,430865106.000000,84505.000000
939000011.000000,68902.000000,27628.000000,305331.000000,199913.000000,431370350.000000,66197.000000
940000005.000000,79694.000000,44424.000000,293242.000000,199821.000000,431863413.000000,74724.000000
941000007.000000,79898.000000,49455.000000,290488.000000,200788.000000,432354689.000000,75198.000000
942000027.000000,64201.000000,42189.000000,305231.000000,187472.000000,432847392.000000,60639.000000
943000007.000000,81662.000000,56563.000000,292673.000000,204316.000000,433344381.000000,75981.000000
944000026.000000,77342.000000,47330.000000,290699.000000,204702.000000,433839782.000000,72805.000000
945000059.000000,73183.000000,40810.000000,297626.000000,197829.000000,434335237.000000,69048.000000
946000007.000000,90865.000000,67622.000000,282642.000000,207290.000000,434825169.000000,83751.000000
947000015.000000,75867.000000,54786.000000,294016.000000,200186.000000,435319371.000000,71299.000000
948000005.000000,75076.000000,49572.000000,299641.000000,195710.000000,435814722.000000,70405.000000
949000043.000000,80571.000000,58996.000000,291505.000000,198390.000000,436304617.000000,74803.000000
950003625.000000,86949.000000,59381.000000,284680.000000,210401.000000,436799698.000000,81026.000000
951000022.000000,74853.000000,54618.000000,293474.000000,195482.000000,437288654.000000,69776.000000
952003106.000000,73946.000000,54094.000000,304222.000000,191616.000000,437784492.000000,69444.000000
953000008.000000,90425.000000,60173.000000,288856.000000,207777.000000,438281125.000000,83753.000000
954000006.000000,73044.000000,44432.000000,299751.000000,199810.000000,438780686.000000,69181.000000
955000001.000000,74126.000000,44031.000000,295169.000000,202326.000000,439278181.000000,69976.000000
956000047.000000,86815.000000,59716.000000,285763.000000,208491.000000,439772435.000000,80950.000000
957003344.000000,73029.000000,39827.000000,304893.000000,194477.000000,440271805.000000,68891.000000
958000015.000000,82162.000000,49172.000000,293115.000000,204322.000000,440769242.000000,77105.000000
959001104.000000,86740.000000,67569.000000,284563.000000,204450.000000,441258255.000000,80466.000000
960002105.000000,78688.000000,58709.000000,294697.000000,198003.000000,441750955.000000,73326.000000
961000040.000000,75185.000000,45466.000000,295264.000000,199665.000000,442245884.000000,71165.000000
962000021.000000,94504.000000,67158.000000,279579.000000,211077.000000,442736540.000000,87309.000000
963000112.000000,72990.000000,50446.000000,297891.000000,197700.000000,443232131.000000,68806.000000
964005933.000000,76240.000000,58249.000000,300650.000000,196135.000000,443728916.000000,70955.000000
965001799.000000,90868.000000,61631.000000,280986.000000,208095.000000,444217997.000000,84144.000000
966000009.000000,73796.000000,46009.000000,298179.000000,193351.000000,444709527.000000,69265.000000
967000007.000000,75785.000000,55322.000000,298402.000000,190989.000000,445198918.000000,70800.000000
968000001.000000,94039.000000,70369.000000,278404.000000,208276.000000,445685598.000000,87190.000000
969000006.000000,77319.000000,54652.000000,297174.000000,194577.000000,446177349.000000,72195.000000
970000014.000000,73947.000000,53469.000000,294292.000000,198594.000000,446670235.000000,69837.000000
971000746.000000,93708.000000,70935.000000,282469.000000,204795.000000,447157499.000000,86256.000000
972000020.000000,71159.000000,42376.000000,300562.000000,195050.000000,447653111.000000,67419.000000
973001501.000000,70946.000000,44170.000000,303531.000000,194418.000000,448151060.000000,67348.000000
974000009.000000,93326.000000,64166.000000,283660.000000,208344.000000,448643064.000000,86401.000000
975003213.000000,72814.000000,48274.000000,301748.000000,194549.000000,449139361.000000,68661.000000
976000001.000000,73190.000000,48954.000000,296900.000000,196312.000000,449632573.000000,69296.000000
977000016.000000,89032.000000,67562.000000,284204.000000,204822.000000,450121599.000000,82577.000000
978003009.000000,82827.000000,67731.000000,294098.000000,201478.000000,450617175.000000,77831.000000
979000010.000000,74237.000000,53734.000000,300408.000000,192106.000000,451109689.000000,69798.000000
980002941.000000,74779.000000,52082.000000,297089.000000,198820.000000,451605598.000000,70701.000000
981002866.000000,94505.000000,70152.000000,281064.000000,208267.000000,452094929.000000,86913.000000
982000133.000000,71259.000000,44935.000000,302723.000000,192171.000000,452589823.000000,67741.000000
983000004.000000,70715.000000,44512.000000,301993.000000,195076.000000,453086892.000000,67346.000000
984000026.000000,92386.000000,65212.000000,285955.000000,208546.000000,453581393.000000,85787.000000
985000010.000000,68544.000000,38310.000000,305836.000000,194632.000000,454081861.000000,65252.000000
986000011.000000,69071.000000,35140.000000,303053.000000,197764.000000,454582678.000000,65994.000000
987000008.000000,91849.000000,62827.000000,280829.000000,210854.000000,455074361.000000,85121.000000
988004500.000000,68911.000000,35568.000000,305543.000000,195514.000000,455575418.000000,65766.000000
989000002.000000,66769.000000,42070.000000,305639.000000,190327.000000,456071384.000000,63218.000000
990000524.000000,90046.000000,64984.000000,284805.000000,207688.000000,456563877.000000,83210.000000
991000003.000000,67340.000000,42610.000000,305022.000000,192476.000000,457061375.000000,63789.000000
992000033.000000,68499.000000,40292.000000,307770.000000,191168.000000,457560313.000000,64737.000000
993000010.000000,88309.000000,60178.000000,288126.000000,202364.000000,458050803.000000,81515.000000
994000021.000000,66413.000000,39374.000000,307039.000000,194534.000000,458552376.000000,63158.000000
995001167.000000,72748.000000,39862.000000,297752.000000,199181.000000,459049309.000000,69002.000000
996000013.000000,92456.000000,62104.000000,277197.000000,210994.000000,459537500.000000,85674.000000
997000009.000000,71763.000000,41861.000000,294978.000000,200498.000000,460032976.000000,67894.000000
998000018.000000,78059.000000,50081.000000,289206.000000,202571.000000,460524753.000000,73458.000000
999000032.000000,90055.000000,69620.000000,284038.000000,204140.000000,461012931.000000,83178.000000
