Instruction,pfIssued,pfInCache,overallMisses,overallHits,overallAccesses,unusedPrefetches
1000268.000000,6930.000000,47704.000000,305479.000000,28639.000000,334118.000000,101.000000
2000012.000000,6834.000000,47838.000000,304608.000000,28640.000000,667366.000000,0.000000
3000044.000000,6836.000000,47852.000000,304696.000000,28648.000000,1000710.000000,0.000000
4000268.000000,6838.000000,47866.000000,304760.000000,28648.000000,1334118.000000,0.000000
5000012.000000,6834.000000,47838.000000,304608.000000,28640.000000,1667366.000000,0.000000
6000044.000000,6836.000000,47852.000000,304696.000000,28648.000000,2000710.000000,0.000000
7000076.000000,6836.000000,47852.000000,304696.000000,28648.000000,2334054.000000,0.000000
8000012.000000,6836.000000,47852.000000,304672.000000,28640.000000,2667366.000000,0.000000
9000044.000000,6836.000000,47852.000000,304696.000000,28648.000000,3000710.000000,0.000000
10000076.000000,6836.000000,47852.000000,304696.000000,28648.000000,3334054.000000,0.000000
11000108.000000,6836.000000,47852.000000,304696.000000,28648.000000,3667398.000000,0.000000
12000044.000000,6836.000000,47852.000000,304672.000000,28640.000000,4000710.000000,0.000000
13000076.000000,6836.000000,47852.000000,304696.000000,28648.000000,4334054.000000,0.000000
14000108.000000,6836.000000,47852.000000,304696.000000,28648.000000,4667398.000000,0.000000
15000140.000000,6836.000000,47852.000000,304696.000000,28648.000000,5000742.000000,0.000000
16000076.000000,6836.000000,47852.000000,304672.000000,28640.000000,5334054.000000,0.000000
17000108.000000,6836.000000,47852.000000,304696.000000,28648.000000,5667398.000000,0.000000
18000140.000000,6836.000000,47852.000000,304696.000000,28648.000000,6000742.000000,0.000000
19000172.000000,6836.000000,47852.000000,304696.000000,28648.000000,6334086.000000,0.000000
20000204.000000,6836.000000,47852.000000,304695.000000,28648.000000,6667429.000000,0.000000
21000140.000000,6836.000000,47852.000000,304673.000000,28640.000000,7000742.000000,0.000000
22000172.000000,6836.000000,47852.000000,304696.000000,28648.000000,7334086.000000,0.000000
23000204.000000,6836.000000,47852.000000,304696.000000,28648.000000,7667430.000000,0.000000
24000236.000000,6836.000000,47852.000000,304696.000000,28648.000000,8000774.000000,0.000000
25000172.000000,6836.000000,47852.000000,304672.000000,28640.000000,8334086.000000,0.000000
26000204.000000,6836.000000,47852.000000,304696.000000,28648.000000,8667430.000000,0.000000
27000236.000000,6836.000000,47852.000000,304696.000000,28648.000000,9000774.000000,0.000000
28000268.000000,6836.000000,47852.000000,304696.000000,28648.000000,9334118.000000,0.000000
29000204.000000,6836.000000,47852.000000,304672.000000,28640.000000,9667430.000000,0.000000
30000236.000000,6836.000000,47852.000000,304696.000000,28648.000000,10000774.000000,0.000000
31000268.000000,6836.000000,47852.000000,304696.000000,28648.000000,10334118.000000,0.000000
32000012.000000,6834.000000,47838.000000,304608.000000,28640.000000,10667366.000000,0.000000
33000236.000000,6838.000000,47866.000000,304760.000000,28648.000000,11000774.000000,0.000000
34000268.000000,6836.000000,47852.000000,304696.000000,28648.000000,11334118.000000,0.000000
35000012.000000,6834.000000,47838.000000,304608.000000,28640.000000,11667366.000000,0.000000
36000044.000000,6836.000000,47852.000000,304696.000000,28648.000000,12000710.000000,0.000000
37000268.000000,6838.000000,47866.000000,304760.000000,28648.000000,12334118.000000,0.000000
38000012.000000,6834.000000,47838.000000,304608.000000,28640.000000,12667366.000000,0.000000
39000044.000000,6836.000000,47852.000000,304696.000000,28648.000000,13000710.000000,0.000000
40000076.000000,6836.000000,47852.000000,304696.000000,28648.000000,13334054.000000,0.000000
41000012.000000,6836.000000,47852.000000,304672.000000,28640.000000,13667366.000000,0.000000
42000044.000000,6836.000000,47852.000000,304696.000000,28648.000000,14000710.000000,0.000000
43000076.000000,6836.000000,47852.000000,304696.000000,28648.000000,14334054.000000,0.000000
44000108.000000,6836.000000,47852.000000,304696.000000,28648.000000,14667398.000000,0.000000
45000140.000000,6836.000000,47852.000000,304695.000000,28648.000000,15000741.000000,0.000000
46000076.000000,6836.000000,47852.000000,304673.000000,28640.000000,15334054.000000,0.000000
47000108.000000,6836.000000,47852.000000,304696.000000,28648.000000,15667398.000000,0.000000
48000140.000000,6836.000000,47852.000000,304696.000000,28648.000000,16000742.000000,0.000000
49000172.000000,6836.000000,47852.000000,304696.000000,28648.000000,16334086.000000,0.000000
50000108.000000,6836.000000,47852.000000,304672.000000,28640.000000,16667398.000000,0.000000
51000080.000000,6852.000000,47784.000000,304825.000000,28627.000000,17000850.000000,22.000000
52000112.000000,6836.000000,47852.000000,304696.000000,28648.000000,17334194.000000,0.000000
53000048.000000,6836.000000,47852.000000,304672.000000,28640.000000,17667506.000000,0.000000
54000080.000000,6836.000000,47852.000000,304696.000000,28648.000000,18000850.000000,0.000000
55000112.000000,6836.000000,47852.000000,304696.000000,28648.000000,18334194.000000,0.000000
56000144.000000,6836.000000,47852.000000,304696.000000,28648.000000,18667538.000000,0.000000
57000080.000000,6836.000000,47852.000000,304672.000000,28640.000000,19000850.000000,0.000000
58000112.000000,6836.000000,47852.000000,304696.000000,28648.000000,19334194.000000,0.000000
59000144.000000,6836.000000,47852.000000,304696.000000,28648.000000,19667538.000000,0.000000
60000176.000000,6836.000000,47852.000000,304696.000000,28648.000000,20000882.000000,0.000000
61000112.000000,6836.000000,47852.000000,304672.000000,28640.000000,20334194.000000,0.000000
62000144.000000,6836.000000,47852.000000,304696.000000,28648.000000,20667538.000000,0.000000
63000176.000000,6836.000000,47852.000000,304696.000000,28648.000000,21000882.000000,0.000000
64000208.000000,6836.000000,47852.000000,304696.000000,28648.000000,21334226.000000,0.000000
65000144.000000,6836.000000,47852.000000,304672.000000,28640.000000,21667538.000000,0.000000
66000176.000000,6836.000000,47852.000000,304696.000000,28648.000000,22000882.000000,0.000000
67000208.000000,6836.000000,47852.000000,304696.000000,28648.000000,22334226.000000,0.000000
68000240.000000,6836.000000,47852.000000,304696.000000,28648.000000,22667570.000000,0.000000
69000272.000000,6836.000000,47852.000000,304695.000000,28648.000000,23000913.000000,0.000000
70000208.000000,6836.000000,47852.000000,304673.000000,28640.000000,23334226.000000,0.000000
71000240.000000,6836.000000,47852.000000,304696.000000,28648.000000,23667570.000000,0.000000
72000272.000000,6836.000000,47852.000000,304696.000000,28648.000000,24000914.000000,0.000000
73000016.000000,6834.000000,47838.000000,304607.000000,28640.000000,24334161.000000,0.000000
74000240.000000,6838.000000,47866.000000,304761.000000,28648.000000,24667570.000000,0.000000
75000272.000000,6836.000000,47852.000000,304696.000000,28648.000000,25000914.000000,0.000000
76000016.000000,6834.000000,47838.000000,304608.000000,28640.000000,25334162.000000,0.000000
77000048.000000,6836.000000,47852.000000,304696.000000,28648.000000,25667506.000000,0.000000
78000272.000000,6838.000000,47866.000000,304760.000000,28648.000000,26000914.000000,0.000000
79000016.000000,6834.000000,47838.000000,304608.000000,28640.000000,26334162.000000,0.000000
80000048.000000,6836.000000,47852.000000,304696.000000,28648.000000,26667506.000000,0.000000
81000080.000000,6836.000000,47852.000000,304696.000000,28648.000000,27000850.000000,0.000000
82000016.000000,6836.000000,47852.000000,304672.000000,28640.000000,27334162.000000,0.000000
83000048.000000,6836.000000,47852.000000,304696.000000,28648.000000,27667506.000000,0.000000
84000080.000000,6836.000000,47852.000000,304696.000000,28648.000000,28000850.000000,0.000000
85000112.000000,6836.000000,47852.000000,304696.000000,28648.000000,28334194.000000,0.000000
86000048.000000,6836.000000,47852.000000,304672.000000,28640.000000,28667506.000000,0.000000
87000080.000000,6836.000000,47852.000000,304696.000000,28648.000000,29000850.000000,0.000000
88000112.000000,6836.000000,47852.000000,304696.000000,28648.000000,29334194.000000,0.000000
89000144.000000,6836.000000,47852.000000,304696.000000,28648.000000,29667538.000000,0.000000
90000080.000000,6836.000000,47852.000000,304672.000000,28640.000000,30000850.000000,0.000000
91000112.000000,6836.000000,47852.000000,304696.000000,28648.000000,30334194.000000,0.000000
92000144.000000,6836.000000,47852.000000,304696.000000,28648.000000,30667538.000000,0.000000
93000176.000000,6836.000000,47852.000000,304696.000000,28648.000000,31000882.000000,0.000000
94000208.000000,6836.000000,47852.000000,304695.000000,28648.000000,31334225.000000,0.000000
95000144.000000,6836.000000,47852.000000,304673.000000,28640.000000,31667538.000000,0.000000
96000176.000000,6836.000000,47852.000000,304696.000000,28648.000000,32000882.000000,0.000000
97000208.000000,6836.000000,47852.000000,304696.000000,28648.000000,32334226.000000,0.000000
98000240.000000,6836.000000,47852.000000,304696.000000,28648.000000,32667570.000000,0.000000
99000176.000000,6836.000000,47852.000000,304672.000000,28640.000000,33000882.000000,0.000000
100000208.000000,6836.000000,47852.000000,304696.000000,28648.000000,33334226.000000,0.000000
101000010.000000,6854.000000,47764.000000,304773.000000,28618.000000,33667617.000000,25.000000
102000234.000000,6838.000000,47866.000000,304761.000000,28648.000000,34001026.000000,0.000000
103000266.000000,6836.000000,47852.000000,304696.000000,28648.000000,34334370.000000,0.000000
104000010.000000,6834.000000,47838.000000,304608.000000,28640.000000,34667618.000000,0.000000
105000042.000000,6836.000000,47852.000000,304696.000000,28648.000000,35000962.000000,0.000000
106000266.000000,6838.000000,47866.000000,304760.000000,28648.000000,35334370.000000,0.000000
107000010.000000,6834.000000,47838.000000,304608.000000,28640.000000,35667618.000000,0.000000
108000042.000000,6836.000000,47852.000000,304696.000000,28648.000000,36000962.000000,0.000000
109000074.000000,6836.000000,47852.000000,304696.000000,28648.000000,36334306.000000,0.000000
110000010.000000,6836.000000,47852.000000,304672.000000,28640.000000,36667618.000000,0.000000
111000042.000000,6836.000000,47852.000000,304696.000000,28648.000000,37000962.000000,0.000000
112000074.000000,6836.000000,47852.000000,304696.000000,28648.000000,37334306.000000,0.000000
113000106.000000,6836.000000,47852.000000,304696.000000,28648.000000,37667650.000000,0.000000
114000042.000000,6836.000000,47852.000000,304672.000000,28640.000000,38000962.000000,0.000000
115000074.000000,6836.000000,47852.000000,304696.000000,28648.000000,38334306.000000,0.000000
116000106.000000,6836.000000,47852.000000,304696.000000,28648.000000,38667650.000000,0.000000
117000138.000000,6836.000000,47852.000000,304696.000000,28648.000000,39000994.000000,0.000000
118000074.000000,6836.000000,47852.000000,304672.000000,28640.000000,39334306.000000,0.000000
119000106.000000,6836.000000,47852.000000,304696.000000,28648.000000,39667650.000000,0.000000
120000138.000000,6836.000000,47852.000000,304696.000000,28648.000000,40000994.000000,0.000000
121000170.000000,6836.000000,47852.000000,304696.000000,28648.000000,40334338.000000,0.000000
122000202.000000,6836.000000,47852.000000,304695.000000,28648.000000,40667681.000000,0.000000
123000138.000000,6836.000000,47852.000000,304673.000000,28640.000000,41000994.000000,0.000000
124000170.000000,6836.000000,47852.000000,304696.000000,28648.000000,41334338.000000,0.000000
125000202.000000,6836.000000,47852.000000,304696.000000,28648.000000,41667682.000000,0.000000
126000234.000000,6836.000000,47852.000000,304696.000000,28648.000000,42001026.000000,0.000000
127000170.000000,6836.000000,47852.000000,304672.000000,28640.000000,42334338.000000,0.000000
128000202.000000,6836.000000,47852.000000,304696.000000,28648.000000,42667682.000000,0.000000
129000234.000000,6836.000000,47852.000000,304696.000000,28648.000000,43001026.000000,0.000000
130000266.000000,6836.000000,47852.000000,304696.000000,28648.000000,43334370.000000,0.000000
131000202.000000,6836.000000,47852.000000,304672.000000,28640.000000,43667682.000000,0.000000
132000234.000000,6836.000000,47852.000000,304696.000000,28648.000000,44001026.000000,0.000000
133000266.000000,6836.000000,47852.000000,304696.000000,28648.000000,44334370.000000,0.000000
134000010.000000,6834.000000,47838.000000,304608.000000,28640.000000,44667618.000000,0.000000
135000234.000000,6838.000000,47866.000000,304760.000000,28648.000000,45001026.000000,0.000000
136000266.000000,6836.000000,47852.000000,304696.000000,28648.000000,45334370.000000,0.000000
137000010.000000,6834.000000,47838.000000,304608.000000,28640.000000,45667618.000000,0.000000
138000042.000000,6836.000000,47852.000000,304696.000000,28648.000000,46000962.000000,0.000000
139000266.000000,6838.000000,47866.000000,304760.000000,28648.000000,46334370.000000,0.000000
140000010.000000,6834.000000,47838.000000,304608.000000,28640.000000,46667618.000000,0.000000
141000042.000000,6836.000000,47852.000000,304696.000000,28648.000000,47000962.000000,0.000000
142000074.000000,6836.000000,47852.000000,304696.000000,28648.000000,47334306.000000,0.000000
143000010.000000,6836.000000,47852.000000,304672.000000,28640.000000,47667618.000000,0.000000
144000042.000000,6836.000000,47852.000000,304696.000000,28648.000000,48000962.000000,0.000000
145000074.000000,6836.000000,47852.000000,304696.000000,28648.000000,48334306.000000,0.000000
146000106.000000,6836.000000,47852.000000,304696.000000,28648.000000,48667650.000000,0.000000
147000138.000000,6836.000000,47852.000000,304695.000000,28648.000000,49000993.000000,0.000000
148000074.000000,6836.000000,47852.000000,304673.000000,28640.000000,49334306.000000,0.000000
149000106.000000,6836.000000,47852.000000,304696.000000,28648.000000,49667650.000000,0.000000
150000138.000000,6836.000000,47852.000000,304696.000000,28648.000000,50000994.000000,0.000000
151000170.000000,6836.000000,47852.000000,304696.000000,28648.000000,50334338.000000,0.000000
152000093.000000,6863.000000,47754.000000,304752.000000,28609.000000,50667699.000000,35.000000
153000125.000000,6836.000000,47852.000000,304696.000000,28648.000000,51001043.000000,0.000000
154000157.000000,6836.000000,47852.000000,304695.000000,28648.000000,51334386.000000,0.000000
155000093.000000,6836.000000,47852.000000,304673.000000,28640.000000,51667699.000000,0.000000
156000125.000000,6836.000000,47852.000000,304696.000000,28648.000000,52001043.000000,0.000000
157000157.000000,6836.000000,47852.000000,304696.000000,28648.000000,52334387.000000,0.000000
158000189.000000,6836.000000,47852.000000,304696.000000,28648.000000,52667731.000000,0.000000
159000125.000000,6836.000000,47852.000000,304672.000000,28640.000000,53001043.000000,0.000000
160000157.000000,6836.000000,47852.000000,304696.000000,28648.000000,53334387.000000,0.000000
161000189.000000,6836.000000,47852.000000,304696.000000,28648.000000,53667731.000000,0.000000
162000221.000000,6836.000000,47852.000000,304696.000000,28648.000000,54001075.000000,0.000000
163000157.000000,6836.000000,47852.000000,304672.000000,28640.000000,54334387.000000,0.000000
164000189.000000,6836.000000,47852.000000,304696.000000,28648.000000,54667731.000000,0.000000
165000221.000000,6836.000000,47852.000000,304696.000000,28648.000000,55001075.000000,0.000000
166000253.000000,6836.000000,47852.000000,304696.000000,28648.000000,55334419.000000,0.000000
167000189.000000,6836.000000,47852.000000,304672.000000,28640.000000,55667731.000000,0.000000
168000221.000000,6836.000000,47852.000000,304696.000000,28648.000000,56001075.000000,0.000000
169000253.000000,6836.000000,47852.000000,304696.000000,28648.000000,56334419.000000,0.000000
170000001.000000,6835.000000,47838.000000,304608.000000,28640.000000,56667667.000000,0.000000
171000221.000000,6837.000000,47866.000000,304760.000000,28648.000000,57001075.000000,0.000000
172000253.000000,6836.000000,47852.000000,304696.000000,28648.000000,57334419.000000,0.000000
173000001.000000,6835.000000,47838.000000,304608.000000,28640.000000,57667667.000000,0.000000
174000029.000000,6835.000000,47852.000000,304696.000000,28648.000000,58001011.000000,0.000000
175000349.000000,6838.000000,47866.000000,304783.000000,28656.000000,58334450.000000,0.000000
176000001.000000,6835.000000,47838.000000,304585.000000,28632.000000,58667667.000000,0.000000
177000029.000000,6835.000000,47852.000000,304696.000000,28648.000000,59001011.000000,0.000000
178000061.000000,6836.000000,47852.000000,304696.000000,28648.000000,59334355.000000,0.000000
179000093.000000,6836.000000,47852.000000,304695.000000,28648.000000,59667698.000000,0.000000
180000029.000000,6836.000000,47852.000000,304673.000000,28640.000000,60001011.000000,0.000000
181000061.000000,6836.000000,47852.000000,304696.000000,28648.000000,60334355.000000,0.000000
182000093.000000,6836.000000,47852.000000,304696.000000,28648.000000,60667699.000000,0.000000
183000125.000000,6836.000000,47852.000000,304696.000000,28648.000000,61001043.000000,0.000000
184000061.000000,6836.000000,47852.000000,304672.000000,28640.000000,61334355.000000,0.000000
185000093.000000,6836.000000,47852.000000,304696.000000,28648.000000,61667699.000000,0.000000
186000125.000000,6836.000000,47852.000000,304696.000000,28648.000000,62001043.000000,0.000000
187000157.000000,6836.000000,47852.000000,304696.000000,28648.000000,62334387.000000,0.000000
188000093.000000,6836.000000,47852.000000,304672.000000,28640.000000,62667699.000000,0.000000
189000125.000000,6836.000000,47852.000000,304696.000000,28648.000000,63001043.000000,0.000000
190000157.000000,6836.000000,47852.000000,304696.000000,28648.000000,63334387.000000,0.000000
191000189.000000,6836.000000,47852.000000,304696.000000,28648.000000,63667731.000000,0.000000
192000125.000000,6836.000000,47852.000000,304672.000000,28640.000000,64001043.000000,0.000000
193000157.000000,6836.000000,47852.000000,304696.000000,28648.000000,64334387.000000,0.000000
194000189.000000,6836.000000,47852.000000,304696.000000,28648.000000,64667731.000000,0.000000
195000221.000000,6836.000000,47852.000000,304696.000000,28648.000000,65001075.000000,0.000000
196000157.000000,6836.000000,47852.000000,304672.000000,28640.000000,65334387.000000,0.000000
197000189.000000,6836.000000,47852.000000,304696.000000,28648.000000,65667731.000000,0.000000
198000221.000000,6836.000000,47852.000000,304696.000000,28648.000000,66001075.000000,0.000000
199000253.000000,6836.000000,47852.000000,304696.000000,28648.000000,66334419.000000,0.000000
200000285.000000,6836.000000,47852.000000,304695.000000,28648.000000,66667762.000000,0.000000
201000221.000000,6836.000000,47852.000000,304673.000000,28640.000000,67001075.000000,0.000000
202000048.000000,6873.000000,47700.000000,304640.000000,28595.000000,67334310.000000,52.000000
203000272.000000,6838.000000,47866.000000,304761.000000,28648.000000,67667719.000000,0.000000
204000016.000000,6834.000000,47838.000000,304608.000000,28640.000000,68000967.000000,0.000000
205000048.000000,6836.000000,47852.000000,304696.000000,28648.000000,68334311.000000,0.000000
206000080.000000,6836.000000,47852.000000,304696.000000,28648.000000,68667655.000000,0.000000
207000016.000000,6836.000000,47852.000000,304672.000000,28640.000000,69000967.000000,0.000000
208000048.000000,6836.000000,47852.000000,304696.000000,28648.000000,69334311.000000,0.000000
209000080.000000,6836.000000,47852.000000,304696.000000,28648.000000,69667655.000000,0.000000
210000112.000000,6836.000000,47852.000000,304696.000000,28648.000000,70000999.000000,0.000000
211000048.000000,6836.000000,47852.000000,304672.000000,28640.000000,70334311.000000,0.000000
212000080.000000,6836.000000,47852.000000,304696.000000,28648.000000,70667655.000000,0.000000
213000112.000000,6836.000000,47852.000000,304696.000000,28648.000000,71000999.000000,0.000000
214000144.000000,6836.000000,47852.000000,304696.000000,28648.000000,71334343.000000,0.000000
215000080.000000,6836.000000,47852.000000,304672.000000,28640.000000,71667655.000000,0.000000
216000112.000000,6836.000000,47852.000000,304696.000000,28648.000000,72000999.000000,0.000000
217000144.000000,6836.000000,47852.000000,304696.000000,28648.000000,72334343.000000,0.000000
218000176.000000,6836.000000,47852.000000,304696.000000,28648.000000,72667687.000000,0.000000
219000112.000000,6836.000000,47852.000000,304672.000000,28640.000000,73000999.000000,0.000000
220000144.000000,6836.000000,47852.000000,304696.000000,28648.000000,73334343.000000,0.000000
221000176.000000,6836.000000,47852.000000,304696.000000,28648.000000,73667687.000000,0.000000
222000208.000000,6836.000000,47852.000000,304696.000000,28648.000000,74001031.000000,0.000000
223000240.000000,6836.000000,47852.000000,304695.000000,28648.000000,74334374.000000,0.000000
224000176.000000,6836.000000,47852.000000,304673.000000,28640.000000,74667687.000000,0.000000
225000208.000000,6836.000000,47852.000000,304696.000000,28648.000000,75001031.000000,0.000000
226000240.000000,6836.000000,47852.000000,304696.000000,28648.000000,75334375.000000,0.000000
227000272.000000,6836.000000,47852.000000,304696.000000,28648.000000,75667719.000000,0.000000
228000208.000000,6836.000000,47852.000000,304672.000000,28640.000000,76001031.000000,0.000000
229000240.000000,6836.000000,47852.000000,304696.000000,28648.000000,76334375.000000,0.000000
230000272.000000,6836.000000,47852.000000,304696.000000,28648.000000,76667719.000000,0.000000
231000016.000000,6834.000000,47838.000000,304608.000000,28640.000000,77000967.000000,0.000000
232000240.000000,6838.000000,47866.000000,304760.000000,28648.000000,77334375.000000,0.000000
233000272.000000,6836.000000,47852.000000,304696.000000,28648.000000,77667719.000000,0.000000
234000016.000000,6834.000000,47838.000000,304608.000000,28640.000000,78000967.000000,0.000000
235000048.000000,6836.000000,47852.000000,304696.000000,28648.000000,78334311.000000,0.000000
236000272.000000,6838.000000,47866.000000,304760.000000,28648.000000,78667719.000000,0.000000
237000016.000000,6834.000000,47838.000000,304608.000000,28640.000000,79000967.000000,0.000000
238000048.000000,6836.000000,47852.000000,304696.000000,28648.000000,79334311.000000,0.000000
239000080.000000,6836.000000,47852.000000,304696.000000,28648.000000,79667655.000000,0.000000
240000016.000000,6836.000000,47852.000000,304672.000000,28640.000000,80000967.000000,0.000000
241000048.000000,6836.000000,47852.000000,304696.000000,28648.000000,80334311.000000,0.000000
242000080.000000,6836.000000,47852.000000,304696.000000,28648.000000,80667655.000000,0.000000
243000112.000000,6836.000000,47852.000000,304696.000000,28648.000000,81000999.000000,0.000000
244000048.000000,6836.000000,47852.000000,304672.000000,28640.000000,81334311.000000,0.000000
245000080.000000,6836.000000,47852.000000,304696.000000,28648.000000,81667655.000000,0.000000
246000112.000000,6836.000000,47852.000000,304696.000000,28648.000000,82000999.000000,0.000000
247000144.000000,6836.000000,47852.000000,304696.000000,28648.000000,82334343.000000,0.000000
248000176.000000,6836.000000,47852.000000,304695.000000,28648.000000,82667686.000000,0.000000
249000112.000000,6836.000000,47852.000000,304673.000000,28640.000000,83000999.000000,0.000000
250000144.000000,6836.000000,47852.000000,304696.000000,28648.000000,83334343.000000,0.000000
251000176.000000,6836.000000,47852.000000,304696.000000,28648.000000,83667687.000000,0.000000
252000098.000000,6895.000000,47628.000000,304536.000000,28566.000000,84000789.000000,84.000000
253000130.000000,6836.000000,47852.000000,304695.000000,28648.000000,84334132.000000,0.000000
254000066.000000,6836.000000,47852.000000,304673.000000,28640.000000,84667445.000000,0.000000
255000098.000000,6836.000000,47852.000000,304696.000000,28648.000000,85000789.000000,0.000000
256000130.000000,6836.000000,47852.000000,304696.000000,28648.000000,85334133.000000,0.000000
257000162.000000,6836.000000,47852.000000,304696.000000,28648.000000,85667477.000000,0.000000
258000098.000000,6836.000000,47852.000000,304672.000000,28640.000000,86000789.000000,0.000000
259000130.000000,6836.000000,47852.000000,304696.000000,28648.000000,86334133.000000,0.000000
260000162.000000,6836.000000,47852.000000,304696.000000,28648.000000,86667477.000000,0.000000
261000194.000000,6836.000000,47852.000000,304696.000000,28648.000000,87000821.000000,0.000000
262000130.000000,6836.000000,47852.000000,304672.000000,28640.000000,87334133.000000,0.000000
263000162.000000,6836.000000,47852.000000,304696.000000,28648.000000,87667477.000000,0.000000
264000194.000000,6836.000000,47852.000000,304696.000000,28648.000000,88000821.000000,0.000000
265000226.000000,6836.000000,47852.000000,304696.000000,28648.000000,88334165.000000,0.000000
266000162.000000,6836.000000,47852.000000,304672.000000,28640.000000,88667477.000000,0.000000
267000194.000000,6836.000000,47852.000000,304696.000000,28648.000000,89000821.000000,0.000000
268000226.000000,6836.000000,47852.000000,304696.000000,28648.000000,89334165.000000,0.000000
269000258.000000,6836.000000,47852.000000,304696.000000,28648.000000,89667509.000000,0.000000
270000194.000000,6836.000000,47852.000000,304672.000000,28640.000000,90000821.000000,0.000000
271000226.000000,6836.000000,47852.000000,304696.000000,28648.000000,90334165.000000,0.000000
272000258.000000,6836.000000,47852.000000,304696.000000,28648.000000,90667509.000000,0.000000
273000002.000000,6834.000000,47838.000000,304608.000000,28640.000000,91000757.000000,0.000000
274000322.000000,6838.000000,47866.000000,304783.000000,28656.000000,91334196.000000,0.000000
275000258.000000,6836.000000,47852.000000,304673.000000,28640.000000,91667509.000000,0.000000
276000002.000000,6834.000000,47838.000000,304608.000000,28640.000000,92000757.000000,0.000000
277000034.000000,6836.000000,47852.000000,304696.000000,28648.000000,92334101.000000,0.000000
278000066.000000,6836.000000,47852.000000,304695.000000,28648.000000,92667444.000000,0.000000
279000002.000000,6836.000000,47852.000000,304673.000000,28640.000000,93000757.000000,0.000000
280000034.000000,6836.000000,47852.000000,304696.000000,28648.000000,93334101.000000,0.000000
281000066.000000,6836.000000,47852.000000,304696.000000,28648.000000,93667445.000000,0.000000
282000098.000000,6836.000000,47852.000000,304696.000000,28648.000000,94000789.000000,0.000000
283000034.000000,6836.000000,47852.000000,304672.000000,28640.000000,94334101.000000,0.000000
284000066.000000,6836.000000,47852.000000,304696.000000,28648.000000,94667445.000000,0.000000
285000098.000000,6836.000000,47852.000000,304696.000000,28648.000000,95000789.000000,0.000000
286000130.000000,6836.000000,47852.000000,304696.000000,28648.000000,95334133.000000,0.000000
287000066.000000,6836.000000,47852.000000,304672.000000,28640.000000,95667445.000000,0.000000
288000098.000000,6836.000000,47852.000000,304696.000000,28648.000000,96000789.000000,0.000000
289000130.000000,6836.000000,47852.000000,304696.000000,28648.000000,96334133.000000,0.000000
290000162.000000,6836.000000,47852.000000,304696.000000,28648.000000,96667477.000000,0.000000
291000098.000000,6836.000000,47852.000000,304672.000000,28640.000000,97000789.000000,0.000000
292000130.000000,6836.000000,47852.000000,304696.000000,28648.000000,97334133.000000,0.000000
293000162.000000,6836.000000,47852.000000,304696.000000,28648.000000,97667477.000000,0.000000
294000194.000000,6836.000000,47852.000000,304696.000000,28648.000000,98000821.000000,0.000000
295000130.000000,6836.000000,47852.000000,304672.000000,28640.000000,98334133.000000,0.000000
296000162.000000,6836.000000,47852.000000,304696.000000,28648.000000,98667477.000000,0.000000
297000194.000000,6836.000000,47852.000000,304696.000000,28648.000000,99000821.000000,0.000000
298000226.000000,6836.000000,47852.000000,304696.000000,28648.000000,99334165.000000,0.000000
299000258.000000,6836.000000,47852.000000,304695.000000,28648.000000,99667508.000000,0.000000
300000194.000000,6836.000000,47852.000000,304673.000000,28640.000000,100000821.000000,0.000000
301000226.000000,6836.000000,47852.000000,304696.000000,28648.000000,100334165.000000,0.000000
302000258.000000,6836.000000,47852.000000,304696.000000,28648.000000,100667509.000000,0.000000
303000118.000000,6946.000000,47466.000000,304346.000000,28511.000000,101000366.000000,157.000000
304000150.000000,6836.000000,47852.000000,304696.000000,28648.000000,101333710.000000,0.000000
305000182.000000,6836.000000,47852.000000,304696.000000,28648.000000,101667054.000000,0.000000
306000118.000000,6836.000000,47852.000000,304672.000000,28640.000000,102000366.000000,0.000000
307000150.000000,6836.000000,47852.000000,304696.000000,28648.000000,102333710.000000,0.000000
308000182.000000,6836.000000,47852.000000,304696.000000,28648.000000,102667054.000000,0.000000
309000214.000000,6836.000000,47852.000000,304696.000000,28648.000000,103000398.000000,0.000000
310000150.000000,6836.000000,47852.000000,304672.000000,28640.000000,103333710.000000,0.000000
311000182.000000,6836.000000,47852.000000,304696.000000,28648.000000,103667054.000000,0.000000
312000214.000000,6836.000000,47852.000000,304696.000000,28648.000000,104000398.000000,0.000000
313000246.000000,6836.000000,47852.000000,304696.000000,28648.000000,104333742.000000,0.000000
314000182.000000,6836.000000,47852.000000,304672.000000,28640.000000,104667054.000000,0.000000
315000214.000000,6836.000000,47852.000000,304696.000000,28648.000000,105000398.000000,0.000000
316000246.000000,6836.000000,47852.000000,304696.000000,28648.000000,105333742.000000,0.000000
317000278.000000,6836.000000,47852.000000,304696.000000,28648.000000,105667086.000000,0.000000
318000214.000000,6836.000000,47852.000000,304672.000000,28640.000000,106000398.000000,0.000000
319000246.000000,6836.000000,47852.000000,304696.000000,28648.000000,106333742.000000,0.000000
320000278.000000,6836.000000,47852.000000,304696.000000,28648.000000,106667086.000000,0.000000
321000022.000000,6834.000000,47838.000000,304608.000000,28640.000000,107000334.000000,0.000000
322000342.000000,6838.000000,47866.000000,304783.000000,28656.000000,107333773.000000,0.000000
323000278.000000,6836.000000,47852.000000,304673.000000,28640.000000,107667086.000000,0.000000
324000022.000000,6834.000000,47838.000000,304608.000000,28640.000000,108000334.000000,0.000000
325000054.000000,6836.000000,47852.000000,304696.000000,28648.000000,108333678.000000,0.000000
326000086.000000,6836.000000,47852.000000,304695.000000,28648.000000,108667021.000000,0.000000
327000022.000000,6836.000000,47852.000000,304673.000000,28640.000000,109000334.000000,0.000000
328000054.000000,6836.000000,47852.000000,304696.000000,28648.000000,109333678.000000,0.000000
329000086.000000,6836.000000,47852.000000,304696.000000,28648.000000,109667022.000000,0.000000
330000118.000000,6836.000000,47852.000000,304696.000000,28648.000000,110000366.000000,0.000000
331000054.000000,6836.000000,47852.000000,304672.000000,28640.000000,110333678.000000,0.000000
332000086.000000,6836.000000,47852.000000,304696.000000,28648.000000,110667022.000000,0.000000
333000118.000000,6836.000000,47852.000000,304696.000000,28648.000000,111000366.000000,0.000000
334000150.000000,6836.000000,47852.000000,304696.000000,28648.000000,111333710.000000,0.000000
335000086.000000,6836.000000,47852.000000,304672.000000,28640.000000,111667022.000000,0.000000
336000118.000000,6836.000000,47852.000000,304696.000000,28648.000000,112000366.000000,0.000000
337000150.000000,6836.000000,47852.000000,304696.000000,28648.000000,112333710.000000,0.000000
338000182.000000,6836.000000,47852.000000,304696.000000,28648.000000,112667054.000000,0.000000
339000118.000000,6836.000000,47852.000000,304672.000000,28640.000000,113000366.000000,0.000000
340000150.000000,6836.000000,47852.000000,304696.000000,28648.000000,113333710.000000,0.000000
341000182.000000,6836.000000,47852.000000,304696.000000,28648.000000,113667054.000000,0.000000
342000214.000000,6836.000000,47852.000000,304696.000000,28648.000000,114000398.000000,0.000000
343000150.000000,6836.000000,47852.000000,304672.000000,28640.000000,114333710.000000,0.000000
344000182.000000,6836.000000,47852.000000,304696.000000,28648.000000,114667054.000000,0.000000
345000214.000000,6836.000000,47852.000000,304696.000000,28648.000000,115000398.000000,0.000000
346000246.000000,6836.000000,47852.000000,304696.000000,28648.000000,115333742.000000,0.000000
347000278.000000,6836.000000,47852.000000,304695.000000,28648.000000,115667085.000000,0.000000
348000214.000000,6836.000000,47852.000000,304673.000000,28640.000000,116000398.000000,0.000000
349000246.000000,6836.000000,47852.000000,304696.000000,28648.000000,116333742.000000,0.000000
350000278.000000,6836.000000,47852.000000,304696.000000,28648.000000,116667086.000000,0.000000
351000022.000000,6834.000000,47838.000000,304607.000000,28640.000000,117000333.000000,0.000000
352000246.000000,6838.000000,47866.000000,304761.000000,28648.000000,117333742.000000,0.000000
353000048.000000,7077.000000,47157.000000,303736.000000,28437.000000,117665915.000000,322.000000
354000080.000000,6836.000000,47852.000000,304696.000000,28648.000000,117999259.000000,0.000000
355000112.000000,6836.000000,47852.000000,304696.000000,28648.000000,118332603.000000,0.000000
356000144.000000,6836.000000,47852.000000,304696.000000,28648.000000,118665947.000000,0.000000
357000080.000000,6836.000000,47852.000000,304672.000000,28640.000000,118999259.000000,0.000000
358000112.000000,6836.000000,47852.000000,304696.000000,28648.000000,119332603.000000,0.000000
359000144.000000,6836.000000,47852.000000,304696.000000,28648.000000,119665947.000000,0.000000
360000176.000000,6836.000000,47852.000000,304696.000000,28648.000000,119999291.000000,0.000000
361000112.000000,6836.000000,47852.000000,304672.000000,28640.000000,120332603.000000,0.000000
362000144.000000,6836.000000,47852.000000,304696.000000,28648.000000,120665947.000000,0.000000
363000176.000000,6836.000000,47852.000000,304696.000000,28648.000000,120999291.000000,0.000000
364000208.000000,6836.000000,47852.000000,304696.000000,28648.000000,121332635.000000,0.000000
365000144.000000,6836.000000,47852.000000,304672.000000,28640.000000,121665947.000000,0.000000
366000176.000000,6836.000000,47852.000000,304696.000000,28648.000000,121999291.000000,0.000000
367000208.000000,6836.000000,47852.000000,304696.000000,28648.000000,122332635.000000,0.000000
368000240.000000,6836.000000,47852.000000,304696.000000,28648.000000,122665979.000000,0.000000
369000272.000000,6836.000000,47852.000000,304695.000000,28648.000000,122999322.000000,0.000000
370000208.000000,6836.000000,47852.000000,304673.000000,28640.000000,123332635.000000,0.000000
371000240.000000,6836.000000,47852.000000,304696.000000,28648.000000,123665979.000000,0.000000
372000272.000000,6836.000000,47852.000000,304696.000000,28648.000000,123999323.000000,0.000000
373000016.000000,6834.000000,47838.000000,304607.000000,28640.000000,124332570.000000,0.000000
374000240.000000,6838.000000,47866.000000,304761.000000,28648.000000,124665979.000000,0.000000
375000272.000000,6836.000000,47852.000000,304696.000000,28648.000000,124999323.000000,0.000000
376000016.000000,6834.000000,47838.000000,304608.000000,28640.000000,125332571.000000,0.000000
377000048.000000,6836.000000,47852.000000,304696.000000,28648.000000,125665915.000000,0.000000
378000272.000000,6838.000000,47866.000000,304760.000000,28648.000000,125999323.000000,0.000000
379000016.000000,6834.000000,47838.000000,304608.000000,28640.000000,126332571.000000,0.000000
380000048.000000,6836.000000,47852.000000,304696.000000,28648.000000,126665915.000000,0.000000
381000080.000000,6836.000000,47852.000000,304696.000000,28648.000000,126999259.000000,0.000000
382000016.000000,6836.000000,47852.000000,304672.000000,28640.000000,127332571.000000,0.000000
383000048.000000,6836.000000,47852.000000,304696.000000,28648.000000,127665915.000000,0.000000
384000080.000000,6836.000000,47852.000000,304696.000000,28648.000000,127999259.000000,0.000000
385000112.000000,6836.000000,47852.000000,304696.000000,28648.000000,128332603.000000,0.000000
386000048.000000,6836.000000,47852.000000,304672.000000,28640.000000,128665915.000000,0.000000
387000080.000000,6836.000000,47852.000000,304696.000000,28648.000000,128999259.000000,0.000000
388000112.000000,6836.000000,47852.000000,304696.000000,28648.000000,129332603.000000,0.000000
389000144.000000,6836.000000,47852.000000,304696.000000,28648.000000,129665947.000000,0.000000
390000080.000000,6836.000000,47852.000000,304672.000000,28640.000000,129999259.000000,0.000000
391000112.000000,6836.000000,47852.000000,304696.000000,28648.000000,130332603.000000,0.000000
392000144.000000,6836.000000,47852.000000,304696.000000,28648.000000,130665947.000000,0.000000
393000176.000000,6836.000000,47852.000000,304696.000000,28648.000000,130999291.000000,0.000000
394000208.000000,6836.000000,47852.000000,304695.000000,28648.000000,131332634.000000,0.000000
395000144.000000,6836.000000,47852.000000,304673.000000,28640.000000,131665947.000000,0.000000
396000176.000000,6836.000000,47852.000000,304696.000000,28648.000000,131999291.000000,0.000000
397000208.000000,6836.000000,47852.000000,304696.000000,28648.000000,132332635.000000,0.000000
398000240.000000,6836.000000,47852.000000,304696.000000,28648.000000,132665979.000000,0.000000
399000176.000000,6836.000000,47852.000000,304672.000000,28640.000000,132999291.000000,0.000000
400000208.000000,6836.000000,47852.000000,304696.000000,28648.000000,133332635.000000,0.000000
401000240.000000,6836.000000,47852.000000,304696.000000,28648.000000,133665979.000000,0.000000
402000272.000000,6836.000000,47852.000000,304696.000000,28648.000000,133999323.000000,0.000000
403000057.000000,7479.000000,46540.000000,302560.000000,28350.000000,134330233.000000,800.000000
404000089.000000,6836.000000,47852.000000,304696.000000,28648.000000,134663577.000000,0.000000
405000121.000000,6836.000000,47852.000000,304696.000000,28648.000000,134996921.000000,0.000000
406000057.000000,6836.000000,47852.000000,304672.000000,28640.000000,135330233.000000,0.000000
407000089.000000,6836.000000,47852.000000,304696.000000,28648.000000,135663577.000000,0.000000
408000121.000000,6836.000000,47852.000000,304696.000000,28648.000000,135996921.000000,0.000000
409000153.000000,6836.000000,47852.000000,304696.000000,28648.000000,136330265.000000,0.000000
410000089.000000,6836.000000,47852.000000,304672.000000,28640.000000,136663577.000000,0.000000
411000121.000000,6836.000000,47852.000000,304696.000000,28648.000000,136996921.000000,0.000000
412000153.000000,6836.000000,47852.000000,304696.000000,28648.000000,137330265.000000,0.000000
413000185.000000,6836.000000,47852.000000,304696.000000,28648.000000,137663609.000000,0.000000
414000217.000000,6836.000000,47852.000000,304695.000000,28648.000000,137996952.000000,0.000000
415000153.000000,6836.000000,47852.000000,304673.000000,28640.000000,138330265.000000,0.000000
416000185.000000,6836.000000,47852.000000,304696.000000,28648.000000,138663609.000000,0.000000
417000217.000000,6836.000000,47852.000000,304696.000000,28648.000000,138996953.000000,0.000000
418000249.000000,6836.000000,47852.000000,304696.000000,28648.000000,139330297.000000,0.000000
419000185.000000,6836.000000,47852.000000,304672.000000,28640.000000,139663609.000000,0.000000
420000217.000000,6836.000000,47852.000000,304696.000000,28648.000000,139996953.000000,0.000000
421000249.000000,6836.000000,47852.000000,304696.000000,28648.000000,140330297.000000,0.000000
422000281.000000,6836.000000,47852.000000,304696.000000,28648.000000,140663641.000000,0.000000
423000217.000000,6836.000000,47852.000000,304672.000000,28640.000000,140996953.000000,0.000000
424000249.000000,6836.000000,47852.000000,304696.000000,28648.000000,141330297.000000,0.000000
425000281.000000,6836.000000,47852.000000,304696.000000,28648.000000,141663641.000000,0.000000
426000025.000000,6834.000000,47838.000000,304608.000000,28640.000000,141996889.000000,0.000000
427000249.000000,6838.000000,47866.000000,304760.000000,28648.000000,142330297.000000,0.000000
428000281.000000,6836.000000,47852.000000,304696.000000,28648.000000,142663641.000000,0.000000
429000025.000000,6834.000000,47838.000000,304608.000000,28640.000000,142996889.000000,0.000000
430000057.000000,6836.000000,47852.000000,304696.000000,28648.000000,143330233.000000,0.000000
431000281.000000,6838.000000,47866.000000,304760.000000,28648.000000,143663641.000000,0.000000
432000025.000000,6834.000000,47838.000000,304608.000000,28640.000000,143996889.000000,0.000000
433000057.000000,6836.000000,47852.000000,304696.000000,28648.000000,144330233.000000,0.000000
434000089.000000,6836.000000,47852.000000,304696.000000,28648.000000,144663577.000000,0.000000
435000025.000000,6836.000000,47852.000000,304672.000000,28640.000000,144996889.000000,0.000000
436000057.000000,6836.000000,47852.000000,304696.000000,28648.000000,145330233.000000,0.000000
437000089.000000,6836.000000,47852.000000,304696.000000,28648.000000,145663577.000000,0.000000
438000121.000000,6836.000000,47852.000000,304696.000000,28648.000000,145996921.000000,0.000000
439000153.000000,6836.000000,47852.000000,304695.000000,28648.000000,146330264.000000,0.000000
440000089.000000,6836.000000,47852.000000,304673.000000,28640.000000,146663577.000000,0.000000
441000121.000000,6836.000000,47852.000000,304696.000000,28648.000000,146996921.000000,0.000000
442000153.000000,6836.000000,47852.000000,304696.000000,28648.000000,147330265.000000,0.000000
443000185.000000,6836.000000,47852.000000,304696.000000,28648.000000,147663609.000000,0.000000
444000121.000000,6836.000000,47852.000000,304672.000000,28640.000000,147996921.000000,0.000000
445000153.000000,6836.000000,47852.000000,304696.000000,28648.000000,148330265.000000,0.000000
446000185.000000,6836.000000,47852.000000,304696.000000,28648.000000,148663609.000000,0.000000
447000217.000000,6836.000000,47852.000000,304696.000000,28648.000000,148996953.000000,0.000000
448000153.000000,6836.000000,47852.000000,304672.000000,28640.000000,149330265.000000,0.000000
449000185.000000,6836.000000,47852.000000,304696.000000,28648.000000,149663609.000000,0.000000
450000217.000000,6836.000000,47852.000000,304696.000000,28648.000000,149996953.000000,0.000000
451000249.000000,6836.000000,47852.000000,304696.000000,28648.000000,150330297.000000,0.000000
452000185.000000,6836.000000,47852.000000,304672.000000,28640.000000,150663609.000000,0.000000
453000217.000000,6836.000000,47852.000000,304696.000000,28648.000000,150996953.000000,0.000000
454000041.000000,8076.000000,45312.000000,300299.000000,28124.000000,151325376.000000,1542.000000
455000361.000000,6838.000000,47866.000000,304783.000000,28656.000000,151658815.000000,0.000000
456000009.000000,6834.000000,47838.000000,304585.000000,28632.000000,151992032.000000,0.000000
457000041.000000,6836.000000,47852.000000,304696.000000,28648.000000,152325376.000000,0.000000
458000073.000000,6836.000000,47852.000000,304696.000000,28648.000000,152658720.000000,0.000000
459000105.000000,6836.000000,47852.000000,304695.000000,28648.000000,152992063.000000,0.000000
460000041.000000,6836.000000,47852.000000,304673.000000,28640.000000,153325376.000000,0.000000
461000073.000000,6836.000000,47852.000000,304696.000000,28648.000000,153658720.000000,0.000000
462000105.000000,6836.000000,47852.000000,304696.000000,28648.000000,153992064.000000,0.000000
463000137.000000,6836.000000,47852.000000,304696.000000,28648.000000,154325408.000000,0.000000
464000073.000000,6836.000000,47852.000000,304672.000000,28640.000000,154658720.000000,0.000000
465000105.000000,6836.000000,47852.000000,304696.000000,28648.000000,154992064.000000,0.000000
466000137.000000,6836.000000,47852.000000,304696.000000,28648.000000,155325408.000000,0.000000
467000169.000000,6836.000000,47852.000000,304696.000000,28648.000000,155658752.000000,0.000000
468000105.000000,6836.000000,47852.000000,304672.000000,28640.000000,155992064.000000,0.000000
469000137.000000,6836.000000,47852.000000,304696.000000,28648.000000,156325408.000000,0.000000
470000169.000000,6836.000000,47852.000000,304696.000000,28648.000000,156658752.000000,0.000000
471000201.000000,6836.000000,47852.000000,304696.000000,28648.000000,156992096.000000,0.000000
472000137.000000,6836.000000,47852.000000,304672.000000,28640.000000,157325408.000000,0.000000
473000169.000000,6836.000000,47852.000000,304696.000000,28648.000000,157658752.000000,0.000000
474000201.000000,6836.000000,47852.000000,304696.000000,28648.000000,157992096.000000,0.000000
475000233.000000,6836.000000,47852.000000,304696.000000,28648.000000,158325440.000000,0.000000
476000169.000000,6836.000000,47852.000000,304672.000000,28640.000000,158658752.000000,0.000000
477000201.000000,6836.000000,47852.000000,304696.000000,28648.000000,158992096.000000,0.000000
478000233.000000,6836.000000,47852.000000,304696.000000,28648.000000,159325440.000000,0.000000
479000265.000000,6836.000000,47852.000000,304696.000000,28648.000000,159658784.000000,0.000000
480000297.000000,6836.000000,47852.000000,304695.000000,28648.000000,159992127.000000,0.000000
481000233.000000,6836.000000,47852.000000,304673.000000,28640.000000,160325440.000000,0.000000
482000265.000000,6836.000000,47852.000000,304696.000000,28648.000000,160658784.000000,0.000000
483000009.000000,6834.000000,47838.000000,304608.000000,28640.000000,160992032.000000,0.000000
484000041.000000,6836.000000,47852.000000,304695.000000,28648.000000,161325375.000000,0.000000
485000265.000000,6838.000000,47866.000000,304761.000000,28648.000000,161658784.000000,0.000000
486000009.000000,6834.000000,47838.000000,304608.000000,28640.000000,161992032.000000,0.000000
487000041.000000,6836.000000,47852.000000,304696.000000,28648.000000,162325376.000000,0.000000
488000073.000000,6836.000000,47852.000000,304696.000000,28648.000000,162658720.000000,0.000000
489000009.000000,6836.000000,47852.000000,304672.000000,28640.000000,162992032.000000,0.000000
490000041.000000,6836.000000,47852.000000,304696.000000,28648.000000,163325376.000000,0.000000
491000073.000000,6836.000000,47852.000000,304696.000000,28648.000000,163658720.000000,0.000000
492000105.000000,6836.000000,47852.000000,304696.000000,28648.000000,163992064.000000,0.000000
493000041.000000,6836.000000,47852.000000,304672.000000,28640.000000,164325376.000000,0.000000
494000073.000000,6836.000000,47852.000000,304696.000000,28648.000000,164658720.000000,0.000000
495000105.000000,6836.000000,47852.000000,304696.000000,28648.000000,164992064.000000,0.000000
496000137.000000,6836.000000,47852.000000,304696.000000,28648.000000,165325408.000000,0.000000
497000073.000000,6836.000000,47852.000000,304672.000000,28640.000000,165658720.000000,0.000000
498000105.000000,6836.000000,47852.000000,304696.000000,28648.000000,165992064.000000,0.000000
499000137.000000,6836.000000,47852.000000,304696.000000,28648.000000,166325408.000000,0.000000
500000169.000000,6836.000000,47852.000000,304696.000000,28648.000000,166658752.000000,0.000000
501000105.000000,6836.000000,47852.000000,304672.000000,28640.000000,166992064.000000,0.000000
502000137.000000,6836.000000,47852.000000,304696.000000,28648.000000,167325408.000000,0.000000
503000169.000000,6836.000000,47852.000000,304696.000000,28648.000000,167658752.000000,0.000000
504000169.000000,9295.000000,42915.000000,295817.000000,27694.000000,167982263.000000,3048.000000
505000105.000000,6836.000000,47852.000000,304672.000000,28640.000000,168315575.000000,0.000000
506000137.000000,6836.000000,47852.000000,304696.000000,28648.000000,168648919.000000,0.000000
507000169.000000,6836.000000,47852.000000,304696.000000,28648.000000,168982263.000000,0.000000
508000201.000000,6836.000000,47852.000000,304696.000000,28648.000000,169315607.000000,0.000000
509000137.000000,6836.000000,47852.000000,304672.000000,28640.000000,169648919.000000,0.000000
510000169.000000,6836.000000,47852.000000,304696.000000,28648.000000,169982263.000000,0.000000
511000201.000000,6836.000000,47852.000000,304696.000000,28648.000000,170315607.000000,0.000000
512000233.000000,6836.000000,47852.000000,304696.000000,28648.000000,170648951.000000,0.000000
513000169.000000,6836.000000,47852.000000,304672.000000,28640.000000,170982263.000000,0.000000
514000201.000000,6836.000000,47852.000000,304696.000000,28648.000000,171315607.000000,0.000000
515000233.000000,6836.000000,47852.000000,304696.000000,28648.000000,171648951.000000,0.000000
516000265.000000,6836.000000,47852.000000,304696.000000,28648.000000,171982295.000000,0.000000
517000201.000000,6836.000000,47852.000000,304672.000000,28640.000000,172315607.000000,0.000000
518000233.000000,6836.000000,47852.000000,304696.000000,28648.000000,172648951.000000,0.000000
519000265.000000,6836.000000,47852.000000,304696.000000,28648.000000,172982295.000000,0.000000
520000009.000000,6834.000000,47838.000000,304608.000000,28640.000000,173315543.000000,0.000000
521000329.000000,6838.000000,47866.000000,304783.000000,28656.000000,173648982.000000,0.000000
522000265.000000,6836.000000,47852.000000,304673.000000,28640.000000,173982295.000000,0.000000
523000009.000000,6834.000000,47838.000000,304608.000000,28640.000000,174315543.000000,0.000000
524000041.000000,6836.000000,47852.000000,304696.000000,28648.000000,174648887.000000,0.000000
525000073.000000,6836.000000,47852.000000,304695.000000,28648.000000,174982230.000000,0.000000
526000009.000000,6836.000000,47852.000000,304673.000000,28640.000000,175315543.000000,0.000000
527000041.000000,6836.000000,47852.000000,304696.000000,28648.000000,175648887.000000,0.000000
528000073.000000,6836.000000,47852.000000,304696.000000,28648.000000,175982231.000000,0.000000
529000105.000000,6836.000000,47852.000000,304696.000000,28648.000000,176315575.000000,0.000000
530000041.000000,6836.000000,47852.000000,304672.000000,28640.000000,176648887.000000,0.000000
531000073.000000,6836.000000,47852.000000,304696.000000,28648.000000,176982231.000000,0.000000
532000105.000000,6836.000000,47852.000000,304696.000000,28648.000000,177315575.000000,0.000000
533000137.000000,6836.000000,47852.000000,304696.000000,28648.000000,177648919.000000,0.000000
534000073.000000,6836.000000,47852.000000,304672.000000,28640.000000,177982231.000000,0.000000
535000105.000000,6836.000000,47852.000000,304696.000000,28648.000000,178315575.000000,0.000000
536000137.000000,6836.000000,47852.000000,304696.000000,28648.000000,178648919.000000,0.000000
537000169.000000,6836.000000,47852.000000,304696.000000,28648.000000,178982263.000000,0.000000
538000105.000000,6836.000000,47852.000000,304672.000000,28640.000000,179315575.000000,0.000000
539000137.000000,6836.000000,47852.000000,304696.000000,28648.000000,179648919.000000,0.000000
540000169.000000,6836.000000,47852.000000,304696.000000,28648.000000,179982263.000000,0.000000
541000201.000000,6836.000000,47852.000000,304696.000000,28648.000000,180315607.000000,0.000000
542000137.000000,6836.000000,47852.000000,304672.000000,28640.000000,180648919.000000,0.000000
543000169.000000,6836.000000,47852.000000,304696.000000,28648.000000,180982263.000000,0.000000
544000201.000000,6836.000000,47852.000000,304696.000000,28648.000000,181315607.000000,0.000000
545000233.000000,6836.000000,47852.000000,304696.000000,28648.000000,181648951.000000,0.000000
546000265.000000,6836.000000,47852.000000,304695.000000,28648.000000,181982294.000000,0.000000
547000201.000000,6836.000000,47852.000000,304673.000000,28640.000000,182315607.000000,0.000000
548000233.000000,6836.000000,47852.000000,304696.000000,28648.000000,182648951.000000,0.000000
549000265.000000,6836.000000,47852.000000,304696.000000,28648.000000,182982295.000000,0.000000
550000009.000000,6834.000000,47838.000000,304607.000000,28640.000000,183315542.000000,0.000000
551000233.000000,6838.000000,47866.000000,304761.000000,28648.000000,183648951.000000,0.000000
552000265.000000,6836.000000,47852.000000,304696.000000,28648.000000,183982295.000000,0.000000
553000009.000000,6834.000000,47838.000000,304608.000000,28640.000000,184315543.000000,0.000000
554000091.000000,10536.000000,45109.000000,300516.000000,29884.000000,184645943.000000,3952.000000
555000009.000000,8165.000000,41139.000000,290721.000000,25791.000000,184962455.000000,2126.000000
556000041.000000,6836.000000,47852.000000,304696.000000,28648.000000,185295799.000000,0.000000
557000073.000000,6836.000000,47852.000000,304696.000000,28648.000000,185629143.000000,0.000000
558000009.000000,6836.000000,47852.000000,304672.000000,28640.000000,185962455.000000,0.000000
559000041.000000,6836.000000,47852.000000,304696.000000,28648.000000,186295799.000000,0.000000
560000073.000000,6836.000000,47852.000000,304696.000000,28648.000000,186629143.000000,0.000000
561000105.000000,6836.000000,47852.000000,304696.000000,28648.000000,186962487.000000,0.000000
562000137.000000,6836.000000,47852.000000,304695.000000,28648.000000,187295830.000000,0.000000
563000073.000000,6836.000000,47852.000000,304673.000000,28640.000000,187629143.000000,0.000000
564000105.000000,6836.000000,47852.000000,304696.000000,28648.000000,187962487.000000,0.000000
565000137.000000,6836.000000,47852.000000,304696.000000,28648.000000,188295831.000000,0.000000
566000169.000000,6836.000000,47852.000000,304696.000000,28648.000000,188629175.000000,0.000000
567000105.000000,6836.000000,47852.000000,304672.000000,28640.000000,188962487.000000,0.000000
568000137.000000,6836.000000,47852.000000,304696.000000,28648.000000,189295831.000000,0.000000
569000169.000000,6836.000000,47852.000000,304696.000000,28648.000000,189629175.000000,0.000000
570000201.000000,6836.000000,47852.000000,304696.000000,28648.000000,189962519.000000,0.000000
571000137.000000,6836.000000,47852.000000,304672.000000,28640.000000,190295831.000000,0.000000
572000169.000000,6836.000000,47852.000000,304696.000000,28648.000000,190629175.000000,0.000000
573000201.000000,6836.000000,47852.000000,304696.000000,28648.000000,190962519.000000,0.000000
574000233.000000,6836.000000,47852.000000,304696.000000,28648.000000,191295863.000000,0.000000
575000169.000000,6836.000000,47852.000000,304672.000000,28640.000000,191629175.000000,0.000000
576000201.000000,6836.000000,47852.000000,304696.000000,28648.000000,191962519.000000,0.000000
577000233.000000,6836.000000,47852.000000,304696.000000,28648.000000,192295863.000000,0.000000
578000265.000000,6836.000000,47852.000000,304696.000000,28648.000000,192629207.000000,0.000000
579000201.000000,6836.000000,47852.000000,304672.000000,28640.000000,192962519.000000,0.000000
580000233.000000,6836.000000,47852.000000,304696.000000,28648.000000,193295863.000000,0.000000
581000265.000000,6836.000000,47852.000000,304696.000000,28648.000000,193629207.000000,0.000000
582000009.000000,6834.000000,47838.000000,304608.000000,28640.000000,193962455.000000,0.000000
583000329.000000,6838.000000,47866.000000,304783.000000,28656.000000,194295894.000000,0.000000
584000265.000000,6836.000000,47852.000000,304673.000000,28640.000000,194629207.000000,0.000000
585000009.000000,6834.000000,47838.000000,304608.000000,28640.000000,194962455.000000,0.000000
586000041.000000,6836.000000,47852.000000,304696.000000,28648.000000,195295799.000000,0.000000
587000073.000000,6836.000000,47852.000000,304695.000000,28648.000000,195629142.000000,0.000000
588000009.000000,6836.000000,47852.000000,304673.000000,28640.000000,195962455.000000,0.000000
589000041.000000,6836.000000,47852.000000,304696.000000,28648.000000,196295799.000000,0.000000
590000073.000000,6836.000000,47852.000000,304696.000000,28648.000000,196629143.000000,0.000000
591000105.000000,6836.000000,47852.000000,304696.000000,28648.000000,196962487.000000,0.000000
592000041.000000,6836.000000,47852.000000,304672.000000,28640.000000,197295799.000000,0.000000
593000073.000000,6836.000000,47852.000000,304696.000000,28648.000000,197629143.000000,0.000000
594000105.000000,6836.000000,47852.000000,304696.000000,28648.000000,197962487.000000,0.000000
595000137.000000,6836.000000,47852.000000,304696.000000,28648.000000,198295831.000000,0.000000
596000073.000000,6836.000000,47852.000000,304672.000000,28640.000000,198629143.000000,0.000000
597000105.000000,6836.000000,47852.000000,304696.000000,28648.000000,198962487.000000,0.000000
598000137.000000,6836.000000,47852.000000,304696.000000,28648.000000,199295831.000000,0.000000
599000169.000000,6836.000000,47852.000000,304696.000000,28648.000000,199629175.000000,0.000000
600000105.000000,6836.000000,47852.000000,304672.000000,28640.000000,199962487.000000,0.000000
601000137.000000,6836.000000,47852.000000,304696.000000,28648.000000,200295831.000000,0.000000
602000169.000000,6836.000000,47852.000000,304696.000000,28648.000000,200629175.000000,0.000000
603000201.000000,6836.000000,47852.000000,304696.000000,28648.000000,200962519.000000,0.000000
604000137.000000,6836.000000,47852.000000,304672.000000,28640.000000,201295831.000000,0.000000
605000037.000000,17449.000000,30338.000000,267169.000000,26570.000000,201589570.000000,12063.000000
606000069.000000,6836.000000,47852.000000,304696.000000,28648.000000,201922914.000000,21.000000
607000101.000000,6836.000000,47852.000000,304696.000000,28648.000000,202256258.000000,0.000000
608000037.000000,6836.000000,47852.000000,304672.000000,28640.000000,202589570.000000,0.000000
609000069.000000,6836.000000,47852.000000,304696.000000,28648.000000,202922914.000000,0.000000
610000101.000000,6836.000000,47852.000000,304696.000000,28648.000000,203256258.000000,0.000000
611000133.000000,6836.000000,47852.000000,304696.000000,28648.000000,203589602.000000,0.000000
612000069.000000,6836.000000,47852.000000,304672.000000,28640.000000,203922914.000000,0.000000
613000101.000000,6836.000000,47852.000000,304696.000000,28648.000000,204256258.000000,0.000000
614000133.000000,6836.000000,47852.000000,304696.000000,28648.000000,204589602.000000,0.000000
615000165.000000,6836.000000,47852.000000,304696.000000,28648.000000,204922946.000000,0.000000
616000197.000000,6836.000000,47852.000000,304695.000000,28648.000000,205256289.000000,0.000000
617000133.000000,6836.000000,47852.000000,304673.000000,28640.000000,205589602.000000,0.000000
618000165.000000,6836.000000,47852.000000,304696.000000,28648.000000,205922946.000000,0.000000
619000197.000000,6836.000000,47852.000000,304696.000000,28648.000000,206256290.000000,0.000000
620000229.000000,6836.000000,47852.000000,304696.000000,28648.000000,206589634.000000,0.000000
621000165.000000,6836.000000,47852.000000,304672.000000,28640.000000,206922946.000000,0.000000
622000197.000000,6836.000000,47852.000000,304696.000000,28648.000000,207256290.000000,0.000000
623000229.000000,6836.000000,47852.000000,304696.000000,28648.000000,207589634.000000,0.000000
624000261.000000,6836.000000,47852.000000,304696.000000,28648.000000,207922978.000000,0.000000
625000197.000000,6836.000000,47852.000000,304672.000000,28640.000000,208256290.000000,0.000000
626000229.000000,6836.000000,47852.000000,304696.000000,28648.000000,208589634.000000,0.000000
627000261.000000,6836.000000,47852.000000,304696.000000,28648.000000,208922978.000000,0.000000
628000005.000000,6834.000000,47838.000000,304608.000000,28640.000000,209256226.000000,0.000000
629000229.000000,6838.000000,47866.000000,304760.000000,28648.000000,209589634.000000,0.000000
630000261.000000,6836.000000,47852.000000,304696.000000,28648.000000,209922978.000000,0.000000
631000005.000000,6834.000000,47838.000000,304608.000000,28640.000000,210256226.000000,0.000000
632000037.000000,6836.000000,47852.000000,304696.000000,28648.000000,210589570.000000,0.000000
633000261.000000,6838.000000,47866.000000,304760.000000,28648.000000,210922978.000000,0.000000
634000005.000000,6834.000000,47838.000000,304608.000000,28640.000000,211256226.000000,0.000000
635000037.000000,6836.000000,47852.000000,304696.000000,28648.000000,211589570.000000,0.000000
636000069.000000,6836.000000,47852.000000,304696.000000,28648.000000,211922914.000000,0.000000
637000005.000000,6836.000000,47852.000000,304672.000000,28640.000000,212256226.000000,0.000000
638000037.000000,6836.000000,47852.000000,304696.000000,28648.000000,212589570.000000,0.000000
639000069.000000,6836.000000,47852.000000,304696.000000,28648.000000,212922914.000000,0.000000
640000101.000000,6836.000000,47852.000000,304696.000000,28648.000000,213256258.000000,0.000000
641000133.000000,6836.000000,47852.000000,304695.000000,28648.000000,213589601.000000,0.000000
642000069.000000,6836.000000,47852.000000,304673.000000,28640.000000,213922914.000000,0.000000
643000101.000000,6836.000000,47852.000000,304696.000000,28648.000000,214256258.000000,0.000000
644000133.000000,6836.000000,47852.000000,304696.000000,28648.000000,214589602.000000,0.000000
645000165.000000,6836.000000,47852.000000,304696.000000,28648.000000,214922946.000000,0.000000
646000101.000000,6836.000000,47852.000000,304672.000000,28640.000000,215256258.000000,0.000000
647000133.000000,6836.000000,47852.000000,304696.000000,28648.000000,215589602.000000,0.000000
648000165.000000,6836.000000,47852.000000,304696.000000,28648.000000,215922946.000000,0.000000
649000197.000000,6836.000000,47852.000000,304696.000000,28648.000000,216256290.000000,0.000000
650000133.000000,6836.000000,47852.000000,304672.000000,28640.000000,216589602.000000,0.000000
651000165.000000,6836.000000,47852.000000,304696.000000,28648.000000,216922946.000000,0.000000
652000197.000000,6836.000000,47852.000000,304696.000000,28648.000000,217256290.000000,0.000000
653000229.000000,6836.000000,47852.000000,304696.000000,28648.000000,217589634.000000,0.000000
654000165.000000,6836.000000,47852.000000,304672.000000,28640.000000,217922946.000000,0.000000
655000197.000000,6836.000000,47852.000000,304696.000000,28648.000000,218256290.000000,0.000000
656000082.000000,25862.000000,20760.000000,264715.000000,27295.000000,218548300.000000,21285.000000
657000033.000000,9360.000000,39789.000000,268420.000000,26035.000000,218842755.000000,2872.000000
658000065.000000,6836.000000,47852.000000,304696.000000,28648.000000,219176099.000000,0.000000
659000097.000000,6836.000000,47852.000000,304695.000000,28648.000000,219509442.000000,0.000000
660000033.000000,6836.000000,47852.000000,304673.000000,28640.000000,219842755.000000,0.000000
661000065.000000,6836.000000,47852.000000,304696.000000,28648.000000,220176099.000000,0.000000
662000097.000000,6836.000000,47852.000000,304696.000000,28648.000000,220509443.000000,0.000000
663000129.000000,6836.000000,47852.000000,304696.000000,28648.000000,220842787.000000,0.000000
664000065.000000,6836.000000,47852.000000,304672.000000,28640.000000,221176099.000000,0.000000
665000097.000000,6836.000000,47852.000000,304696.000000,28648.000000,221509443.000000,0.000000
666000129.000000,6836.000000,47852.000000,304696.000000,28648.000000,221842787.000000,0.000000
667000161.000000,6836.000000,47852.000000,304696.000000,28648.000000,222176131.000000,0.000000
668000097.000000,6836.000000,47852.000000,304672.000000,28640.000000,222509443.000000,0.000000
669000129.000000,6836.000000,47852.000000,304696.000000,28648.000000,222842787.000000,0.000000
670000161.000000,6836.000000,47852.000000,304696.000000,28648.000000,223176131.000000,0.000000
671000193.000000,6836.000000,47852.000000,304696.000000,28648.000000,223509475.000000,0.000000
672000129.000000,6836.000000,47852.000000,304672.000000,28640.000000,223842787.000000,0.000000
673000161.000000,6836.000000,47852.000000,304696.000000,28648.000000,224176131.000000,0.000000
674000193.000000,6836.000000,47852.000000,304696.000000,28648.000000,224509475.000000,0.000000
675000225.000000,6836.000000,47852.000000,304696.000000,28648.000000,224842819.000000,0.000000
676000161.000000,6836.000000,47852.000000,304672.000000,28640.000000,225176131.000000,0.000000
677000193.000000,6836.000000,47852.000000,304696.000000,28648.000000,225509475.000000,0.000000
678000225.000000,6836.000000,47852.000000,304696.000000,28648.000000,225842819.000000,0.000000
679000257.000000,6836.000000,47852.000000,304696.000000,28648.000000,226176163.000000,0.000000
680000289.000000,6836.000000,47852.000000,304695.000000,28648.000000,226509506.000000,0.000000
681000225.000000,6836.000000,47852.000000,304673.000000,28640.000000,226842819.000000,0.000000
682000257.000000,6836.000000,47852.000000,304696.000000,28648.000000,227176163.000000,0.000000
683000001.000000,6834.000000,47838.000000,304608.000000,28640.000000,227509411.000000,0.000000
684000033.000000,6836.000000,47852.000000,304695.000000,28648.000000,227842754.000000,0.000000
685000257.000000,6838.000000,47866.000000,304761.000000,28648.000000,228176163.000000,0.000000
686000001.000000,6834.000000,47838.000000,304608.000000,28640.000000,228509411.000000,0.000000
687000033.000000,6836.000000,47852.000000,304696.000000,28648.000000,228842755.000000,0.000000
688000065.000000,6836.000000,47852.000000,304696.000000,28648.000000,229176099.000000,0.000000
689000001.000000,6836.000000,47852.000000,304672.000000,28640.000000,229509411.000000,0.000000
690000033.000000,6836.000000,47852.000000,304696.000000,28648.000000,229842755.000000,0.000000
691000065.000000,6836.000000,47852.000000,304696.000000,28648.000000,230176099.000000,0.000000
692000097.000000,6836.000000,47852.000000,304696.000000,28648.000000,230509443.000000,0.000000
693000033.000000,6836.000000,47852.000000,304672.000000,28640.000000,230842755.000000,0.000000
694000065.000000,6836.000000,47852.000000,304696.000000,28648.000000,231176099.000000,0.000000
695000097.000000,6836.000000,47852.000000,304696.000000,28648.000000,231509443.000000,0.000000
696000129.000000,6836.000000,47852.000000,304696.000000,28648.000000,231842787.000000,0.000000
697000065.000000,6836.000000,47852.000000,304672.000000,28640.000000,232176099.000000,0.000000
698000097.000000,6836.000000,47852.000000,304696.000000,28648.000000,232509443.000000,0.000000
699000129.000000,6836.000000,47852.000000,304696.000000,28648.000000,232842787.000000,0.000000
700000161.000000,6836.000000,47852.000000,304696.000000,28648.000000,233176131.000000,0.000000
701000097.000000,6836.000000,47852.000000,304672.000000,28640.000000,233509443.000000,0.000000
702000129.000000,6836.000000,47852.000000,304696.000000,28648.000000,233842787.000000,0.000000
703000161.000000,6836.000000,47852.000000,304696.000000,28648.000000,234176131.000000,0.000000
704000193.000000,6836.000000,47852.000000,304696.000000,28648.000000,234509475.000000,0.000000
705000225.000000,6836.000000,47852.000000,304695.000000,28648.000000,234842818.000000,0.000000
706000161.000000,6836.000000,47852.000000,304673.000000,28640.000000,235176131.000000,0.000000
707000005.000000,27392.000000,30658.000000,280904.000000,36424.000000,235493459.000000,22375.000000
708000065.000000,24252.000000,10437.000000,248318.000000,17791.000000,235759568.000000,20283.000000
709000064.000000,11797.000000,31901.000000,232349.000000,23469.000000,236015386.000000,5517.000000
710000004.000000,6837.000000,47852.000000,304673.000000,28640.000000,236348699.000000,0.000000
711000032.000000,6835.000000,47852.000000,304696.000000,28648.000000,236682043.000000,0.000000
712000064.000000,6836.000000,47852.000000,304696.000000,28648.000000,237015387.000000,0.000000
713000096.000000,6836.000000,47852.000000,304696.000000,28648.000000,237348731.000000,0.000000
714000032.000000,6836.000000,47852.000000,304672.000000,28640.000000,237682043.000000,0.000000
715000064.000000,6836.000000,47852.000000,304696.000000,28648.000000,238015387.000000,0.000000
716000096.000000,6836.000000,47852.000000,304696.000000,28648.000000,238348731.000000,0.000000
717000128.000000,6836.000000,47852.000000,304696.000000,28648.000000,238682075.000000,0.000000
718000064.000000,6836.000000,47852.000000,304672.000000,28640.000000,239015387.000000,0.000000
719000096.000000,6836.000000,47852.000000,304696.000000,28648.000000,239348731.000000,0.000000
720000128.000000,6836.000000,47852.000000,304696.000000,28648.000000,239682075.000000,0.000000
721000160.000000,6836.000000,47852.000000,304696.000000,28648.000000,240015419.000000,0.000000
722000096.000000,6836.000000,47852.000000,304672.000000,28640.000000,240348731.000000,0.000000
723000128.000000,6836.000000,47852.000000,304696.000000,28648.000000,240682075.000000,0.000000
724000160.000000,6836.000000,47852.000000,304696.000000,28648.000000,241015419.000000,0.000000
725000192.000000,6836.000000,47852.000000,304696.000000,28648.000000,241348763.000000,0.000000
726000128.000000,6836.000000,47852.000000,304672.000000,28640.000000,241682075.000000,0.000000
727000160.000000,6836.000000,47852.000000,304696.000000,28648.000000,242015419.000000,0.000000
728000192.000000,6836.000000,47852.000000,304696.000000,28648.000000,242348763.000000,0.000000
729000224.000000,6836.000000,47852.000000,304696.000000,28648.000000,242682107.000000,0.000000
730000256.000000,6836.000000,47852.000000,304695.000000,28648.000000,243015450.000000,0.000000
731000192.000000,6836.000000,47852.000000,304673.000000,28640.000000,243348763.000000,0.000000
732000224.000000,6836.000000,47852.000000,304696.000000,28648.000000,243682107.000000,0.000000
733000256.000000,6836.000000,47852.000000,304696.000000,28648.000000,244015451.000000,0.000000
734000003.000000,6835.000000,47838.000000,304607.000000,28640.000000,244348698.000000,0.000000
735000224.000000,6837.000000,47866.000000,304761.000000,28648.000000,244682107.000000,0.000000
736000256.000000,6836.000000,47852.000000,304696.000000,28648.000000,245015451.000000,0.000000
737000004.000000,6835.000000,47838.000000,304608.000000,28640.000000,245348699.000000,0.000000
738000032.000000,6835.000000,47852.000000,304696.000000,28648.000000,245682043.000000,0.000000
739000256.000000,6838.000000,47866.000000,304760.000000,28648.000000,246015451.000000,0.000000
740000004.000000,6835.000000,47838.000000,304608.000000,28640.000000,246348699.000000,0.000000
741000032.000000,6835.000000,47852.000000,304696.000000,28648.000000,246682043.000000,0.000000
742000064.000000,6836.000000,47852.000000,304696.000000,28648.000000,247015387.000000,0.000000
743000004.000000,6837.000000,47852.000000,304672.000000,28640.000000,247348699.000000,0.000000
744000032.000000,6835.000000,47852.000000,304696.000000,28648.000000,247682043.000000,0.000000
745000064.000000,6836.000000,47852.000000,304696.000000,28648.000000,248015387.000000,0.000000
746000096.000000,6836.000000,47852.000000,304696.000000,28648.000000,248348731.000000,0.000000
747000032.000000,6836.000000,47852.000000,304672.000000,28640.000000,248682043.000000,0.000000
748000064.000000,6836.000000,47852.000000,304696.000000,28648.000000,249015387.000000,0.000000
749000096.000000,6836.000000,47852.000000,304696.000000,28648.000000,249348731.000000,0.000000
750000128.000000,6836.000000,47852.000000,304696.000000,28648.000000,249682075.000000,0.000000
751000064.000000,6836.000000,47852.000000,304672.000000,28640.000000,250015387.000000,0.000000
752000096.000000,6836.000000,47852.000000,304696.000000,28648.000000,250348731.000000,0.000000
753000128.000000,6836.000000,47852.000000,304696.000000,28648.000000,250682075.000000,0.000000
754000160.000000,6836.000000,47852.000000,304696.000000,28648.000000,251015419.000000,0.000000
755000192.000000,6836.000000,47852.000000,304695.000000,28648.000000,251348762.000000,0.000000
756000128.000000,6836.000000,47852.000000,304673.000000,28640.000000,251682075.000000,0.000000
757000160.000000,6836.000000,47852.000000,304696.000000,28648.000000,252015419.000000,0.000000
758000192.000000,6836.000000,47852.000000,304696.000000,28648.000000,252348763.000000,0.000000
759000021.000000,13036.000000,44018.000000,299436.000000,32633.000000,252680832.000000,6612.000000
760000053.000000,53192.000000,2230.000000,241278.000000,38051.000000,252960161.000000,50967.000000
761000017.000000,28023.000000,41454.000000,285796.000000,44831.000000,253290788.000000,16212.000000
762000081.000000,18297.000000,165.000000,240726.000000,9294.000000,253540808.000000,15672.000000
763000240.000000,13764.000000,28266.000000,176507.000000,23273.000000,253740588.000000,6826.000000
764000272.000000,6836.000000,47852.000000,304696.000000,28648.000000,254073932.000000,0.000000
765000304.000000,6836.000000,47852.000000,304695.000000,28648.000000,254407275.000000,0.000000
766000240.000000,6836.000000,47852.000000,304673.000000,28640.000000,254740588.000000,0.000000
767000272.000000,6836.000000,47852.000000,304696.000000,28648.000000,255073932.000000,0.000000
768000016.000000,6834.000000,47838.000000,304608.000000,28640.000000,255407180.000000,0.000000
769000048.000000,6836.000000,47852.000000,304695.000000,28648.000000,255740523.000000,0.000000
770000272.000000,6838.000000,47866.000000,304761.000000,28648.000000,256073932.000000,0.000000
771000016.000000,6834.000000,47838.000000,304608.000000,28640.000000,256407180.000000,0.000000
772000048.000000,6836.000000,47852.000000,304696.000000,28648.000000,256740524.000000,0.000000
773000080.000000,6836.000000,47852.000000,304696.000000,28648.000000,257073868.000000,0.000000
774000016.000000,6836.000000,47852.000000,304672.000000,28640.000000,257407180.000000,0.000000
775000048.000000,6836.000000,47852.000000,304696.000000,28648.000000,257740524.000000,0.000000
776000080.000000,6836.000000,47852.000000,304696.000000,28648.000000,258073868.000000,0.000000
777000112.000000,6836.000000,47852.000000,304696.000000,28648.000000,258407212.000000,0.000000
778000048.000000,6836.000000,47852.000000,304672.000000,28640.000000,258740524.000000,0.000000
779000080.000000,6836.000000,47852.000000,304696.000000,28648.000000,259073868.000000,0.000000
780000112.000000,6836.000000,47852.000000,304696.000000,28648.000000,259407212.000000,0.000000
781000144.000000,6836.000000,47852.000000,304696.000000,28648.000000,259740556.000000,0.000000
782000080.000000,6836.000000,47852.000000,304672.000000,28640.000000,260073868.000000,0.000000
783000112.000000,6836.000000,47852.000000,304696.000000,28648.000000,260407212.000000,0.000000
784000144.000000,6836.000000,47852.000000,304696.000000,28648.000000,260740556.000000,0.000000
785000176.000000,6836.000000,47852.000000,304696.000000,28648.000000,261073900.000000,0.000000
786000112.000000,6836.000000,47852.000000,304672.000000,28640.000000,261407212.000000,0.000000
787000144.000000,6836.000000,47852.000000,304696.000000,28648.000000,261740556.000000,0.000000
788000176.000000,6836.000000,47852.000000,304696.000000,28648.000000,262073900.000000,0.000000
789000208.000000,6836.000000,47852.000000,304696.000000,28648.000000,262407244.000000,0.000000
790000240.000000,6836.000000,47852.000000,304695.000000,28648.000000,262740587.000000,0.000000
791000176.000000,6836.000000,47852.000000,304673.000000,28640.000000,263073900.000000,0.000000
792000208.000000,6836.000000,47852.000000,304696.000000,28648.000000,263407244.000000,0.000000
793000240.000000,6836.000000,47852.000000,304696.000000,28648.000000,263740588.000000,0.000000
794000272.000000,6836.000000,47852.000000,304696.000000,28648.000000,264073932.000000,0.000000
795000208.000000,6836.000000,47852.000000,304672.000000,28640.000000,264407244.000000,0.000000
796000240.000000,6836.000000,47852.000000,304696.000000,28648.000000,264740588.000000,0.000000
797000272.000000,6836.000000,47852.000000,304696.000000,28648.000000,265073932.000000,0.000000
798000016.000000,6834.000000,47838.000000,304608.000000,28640.000000,265407180.000000,0.000000
799000240.000000,6838.000000,47866.000000,304760.000000,28648.000000,265740588.000000,0.000000
800000272.000000,6836.000000,47852.000000,304696.000000,28648.000000,266073932.000000,0.000000
801000016.000000,6834.000000,47838.000000,304608.000000,28640.000000,266407180.000000,0.000000
802000048.000000,6836.000000,47852.000000,304696.000000,28648.000000,266740524.000000,0.000000
803000272.000000,6838.000000,47866.000000,304760.000000,28648.000000,267073932.000000,0.000000
804000016.000000,6834.000000,47838.000000,304608.000000,28640.000000,267407180.000000,0.000000
805000048.000000,6836.000000,47852.000000,304696.000000,28648.000000,267740524.000000,0.000000
806000080.000000,6836.000000,47852.000000,304696.000000,28648.000000,268073868.000000,0.000000
807000016.000000,6836.000000,47852.000000,304672.000000,28640.000000,268407180.000000,0.000000
808000048.000000,6836.000000,47852.000000,304696.000000,28648.000000,268740524.000000,0.000000
809000080.000000,6836.000000,47852.000000,304696.000000,28648.000000,269073868.000000,0.000000
810000112.000000,6836.000000,47852.000000,304696.000000,28648.000000,269407212.000000,0.000000
811000048.000000,6836.000000,47852.000000,304672.000000,28640.000000,269740524.000000,0.000000
812000080.000000,6836.000000,47852.000000,304696.000000,28648.000000,270073868.000000,0.000000
813000112.000000,6836.000000,47852.000000,304696.000000,28648.000000,270407212.000000,0.000000
814000043.000000,63542.000000,12008.000000,255820.000000,64511.000000,270727543.000000,61607.000000
815000047.000000,40323.000000,3096.000000,242042.000000,22110.000000,270991695.000000,37244.000000
816000119.000000,33808.000000,43703.000000,279228.000000,41743.000000,271312666.000000,25357.000000
817000055.000000,18299.000000,133.000000,240707.000000,9277.000000,271562650.000000,15681.000000
818000119.000000,18189.000000,120.000000,240743.000000,9277.000000,271812670.000000,15576.000000
819000055.000000,17252.000000,105.000000,240723.000000,9261.000000,272062654.000000,14635.000000
820000119.000000,16371.000000,143.000000,240733.000000,9283.000000,272312670.000000,13726.000000
821000048.000000,11812.000000,43503.000000,115554.000000,31451.000000,272459675.000000,1972.000000
822000182.000000,7269.000000,47999.000000,284222.000000,29248.000000,272773145.000000,21.000000
823000214.000000,6836.000000,47852.000000,304696.000000,28648.000000,273106489.000000,0.000000
824000150.000000,6836.000000,47852.000000,304672.000000,28640.000000,273439801.000000,0.000000
825000182.000000,6836.000000,47852.000000,304696.000000,28648.000000,273773145.000000,0.000000
826000214.000000,6836.000000,47852.000000,304696.000000,28648.000000,274106489.000000,0.000000
827000246.000000,6836.000000,47852.000000,304696.000000,28648.000000,274439833.000000,0.000000
828000278.000000,6836.000000,47852.000000,304695.000000,28648.000000,274773176.000000,0.000000
829000214.000000,6836.000000,47852.000000,304673.000000,28640.000000,275106489.000000,0.000000
830000246.000000,6836.000000,47852.000000,304696.000000,28648.000000,275439833.000000,0.000000
831000278.000000,6836.000000,47852.000000,304696.000000,28648.000000,275773177.000000,0.000000
832000022.000000,6834.000000,47838.000000,304607.000000,28640.000000,276106424.000000,0.000000
833000246.000000,6838.000000,47866.000000,304761.000000,28648.000000,276439833.000000,0.000000
834000278.000000,6836.000000,47852.000000,304696.000000,28648.000000,276773177.000000,0.000000
835000022.000000,6834.000000,47838.000000,304608.000000,28640.000000,277106425.000000,0.000000
836000054.000000,6836.000000,47852.000000,304696.000000,28648.000000,277439769.000000,0.000000
837000278.000000,6838.000000,47866.000000,304760.000000,28648.000000,277773177.000000,0.000000
838000022.000000,6834.000000,47838.000000,304608.000000,28640.000000,278106425.000000,0.000000
839000054.000000,6836.000000,47852.000000,304696.000000,28648.000000,278439769.000000,0.000000
840000086.000000,6836.000000,47852.000000,304696.000000,28648.000000,278773113.000000,0.000000
841000022.000000,6836.000000,47852.000000,304672.000000,28640.000000,279106425.000000,0.000000
842000054.000000,6836.000000,47852.000000,304696.000000,28648.000000,279439769.000000,0.000000
843000086.000000,6836.000000,47852.000000,304696.000000,28648.000000,279773113.000000,0.000000
844000118.000000,6836.000000,47852.000000,304696.000000,28648.000000,280106457.000000,0.000000
845000054.000000,6836.000000,47852.000000,304672.000000,28640.000000,280439769.000000,0.000000
846000086.000000,6836.000000,47852.000000,304696.000000,28648.000000,280773113.000000,0.000000
847000118.000000,6836.000000,47852.000000,304696.000000,28648.000000,281106457.000000,0.000000
848000150.000000,6836.000000,47852.000000,304696.000000,28648.000000,281439801.000000,0.000000
849000086.000000,6836.000000,47852.000000,304672.000000,28640.000000,281773113.000000,0.000000
850000118.000000,6836.000000,47852.000000,304696.000000,28648.000000,282106457.000000,0.000000
851000150.000000,6836.000000,47852.000000,304696.000000,28648.000000,282439801.000000,0.000000
852000182.000000,6836.000000,47852.000000,304696.000000,28648.000000,282773145.000000,0.000000
853000214.000000,6836.000000,47852.000000,304695.000000,28648.000000,283106488.000000,0.000000
854000150.000000,6836.000000,47852.000000,304673.000000,28640.000000,283439801.000000,0.000000
855000182.000000,6836.000000,47852.000000,304696.000000,28648.000000,283773145.000000,0.000000
856000214.000000,6836.000000,47852.000000,304696.000000,28648.000000,284106489.000000,0.000000
857000246.000000,6836.000000,47852.000000,304696.000000,28648.000000,284439833.000000,0.000000
858000182.000000,6836.000000,47852.000000,304672.000000,28640.000000,284773145.000000,0.000000
859000214.000000,6836.000000,47852.000000,304696.000000,28648.000000,285106489.000000,0.000000
860000246.000000,6836.000000,47852.000000,304696.000000,28648.000000,285439833.000000,0.000000
861000278.000000,6836.000000,47852.000000,304696.000000,28648.000000,285773177.000000,0.000000
862000214.000000,6836.000000,47852.000000,304672.000000,28640.000000,286106489.000000,0.000000
863000246.000000,6836.000000,47852.000000,304696.000000,28648.000000,286439833.000000,0.000000
864000278.000000,6836.000000,47852.000000,304696.000000,28648.000000,286773177.000000,0.000000
865000022.000000,6834.000000,47838.000000,304608.000000,28640.000000,287106425.000000,0.000000
866000246.000000,6838.000000,47866.000000,304760.000000,28648.000000,287439833.000000,0.000000
867000278.000000,6836.000000,47852.000000,304696.000000,28648.000000,287773177.000000,0.000000
868000022.000000,6834.000000,47838.000000,304608.000000,28640.000000,288106425.000000,0.000000
869000054.000000,6836.000000,47852.000000,304696.000000,28648.000000,288439769.000000,0.000000
870000278.000000,6838.000000,47866.000000,304760.000000,28648.000000,288773177.000000,0.000000
871000022.000000,6834.000000,47838.000000,304608.000000,28640.000000,289106425.000000,0.000000
872000043.000000,50747.000000,20682.000000,267754.000000,56993.000000,289431172.000000,47658.000000
873000053.000000,78869.000000,408.000000,240389.000000,70999.000000,289742560.000000,77610.000000
874000004.000000,40828.000000,3094.000000,242029.000000,22109.000000,290006698.000000,37731.000000
875000008.000000,40832.000000,3096.000000,242042.000000,22110.000000,290270850.000000,37736.000000
876000012.000000,39142.000000,3096.000000,242040.000000,22112.000000,290535002.000000,36064.000000
877000093.000000,29027.000000,84281.000000,316171.000000,60646.000000,290911819.000000,15233.000000
878000029.000000,18295.000000,137.000000,240710.000000,9278.000000,291161807.000000,15672.000000
879000093.000000,18300.000000,134.000000,240738.000000,9278.000000,291411823.000000,15676.000000
880000029.000000,18293.000000,145.000000,240698.000000,9286.000000,291661807.000000,15673.000000
881000077.000000,18298.000000,136.000000,240726.000000,9281.000000,291911814.000000,15673.000000
882000029.000000,18297.000000,103.000000,240730.000000,9263.000000,292161807.000000,15677.000000
883000093.000000,18237.000000,99.000000,240758.000000,9261.000000,292411826.000000,15623.000000
884000029.000000,17301.000000,77.000000,240736.000000,9249.000000,292661811.000000,14683.000000
885000093.000000,16343.000000,103.000000,240752.000000,9264.000000,292911827.000000,13716.000000
886000150.000000,12113.000000,41054.000000,122655.000000,30204.000000,293064686.000000,2672.000000
887000050.000000,10936.000000,49212.000000,98946.000000,34374.000000,293198006.000000,0.000000
888000220.000000,7405.000000,48046.000000,277432.000000,29439.000000,293504877.000000,21.000000
889000156.000000,6836.000000,47852.000000,304672.000000,28640.000000,293838189.000000,0.000000
890000188.000000,6836.000000,47852.000000,304696.000000,28648.000000,294171533.000000,0.000000
891000220.000000,6836.000000,47852.000000,304696.000000,28648.000000,294504877.000000,0.000000
892000252.000000,6836.000000,47852.000000,304696.000000,28648.000000,294838221.000000,0.000000
893000188.000000,6836.000000,47852.000000,304672.000000,28640.000000,295171533.000000,0.000000
894000220.000000,6836.000000,47852.000000,304696.000000,28648.000000,295504877.000000,0.000000
895000252.000000,6836.000000,47852.000000,304696.000000,28648.000000,295838221.000000,0.000000
896000284.000000,6836.000000,47852.000000,304696.000000,28648.000000,296171565.000000,0.000000
897000220.000000,6836.000000,47852.000000,304672.000000,28640.000000,296504877.000000,0.000000
898000252.000000,6836.000000,47852.000000,304696.000000,28648.000000,296838221.000000,0.000000
899000284.000000,6836.000000,47852.000000,304696.000000,28648.000000,297171565.000000,0.000000
900000028.000000,6834.000000,47838.000000,304608.000000,28640.000000,297504813.000000,0.000000
901000252.000000,6838.000000,47866.000000,304760.000000,28648.000000,297838221.000000,0.000000
902000284.000000,6836.000000,47852.000000,304696.000000,28648.000000,298171565.000000,0.000000
903000028.000000,6834.000000,47838.000000,304608.000000,28640.000000,298504813.000000,0.000000
904000060.000000,6836.000000,47852.000000,304696.000000,28648.000000,298838157.000000,0.000000
905000380.000000,6838.000000,47866.000000,304783.000000,28656.000000,299171596.000000,0.000000
906000028.000000,6834.000000,47838.000000,304585.000000,28632.000000,299504813.000000,0.000000
907000060.000000,6836.000000,47852.000000,304696.000000,28648.000000,299838157.000000,0.000000
908000092.000000,6836.000000,47852.000000,304696.000000,28648.000000,300171501.000000,0.000000
909000124.000000,6836.000000,47852.000000,304695.000000,28648.000000,300504844.000000,0.000000
910000060.000000,6836.000000,47852.000000,304673.000000,28640.000000,300838157.000000,0.000000
911000092.000000,6836.000000,47852.000000,304696.000000,28648.000000,301171501.000000,0.000000
912000124.000000,6836.000000,47852.000000,304696.000000,28648.000000,301504845.000000,0.000000
913000156.000000,6836.000000,47852.000000,304696.000000,28648.000000,301838189.000000,0.000000
914000092.000000,6836.000000,47852.000000,304672.000000,28640.000000,302171501.000000,0.000000
915000124.000000,6836.000000,47852.000000,304696.000000,28648.000000,302504845.000000,0.000000
916000156.000000,6836.000000,47852.000000,304696.000000,28648.000000,302838189.000000,0.000000
917000188.000000,6836.000000,47852.000000,304696.000000,28648.000000,303171533.000000,0.000000
918000124.000000,6836.000000,47852.000000,304672.000000,28640.000000,303504845.000000,0.000000
919000156.000000,6836.000000,47852.000000,304696.000000,28648.000000,303838189.000000,0.000000
920000188.000000,6836.000000,47852.000000,304696.000000,28648.000000,304171533.000000,0.000000
921000220.000000,6836.000000,47852.000000,304696.000000,28648.000000,304504877.000000,0.000000
922000156.000000,6836.000000,47852.000000,304672.000000,28640.000000,304838189.000000,0.000000
923000188.000000,6836.000000,47852.000000,304696.000000,28648.000000,305171533.000000,0.000000
924000220.000000,6836.000000,47852.000000,304696.000000,28648.000000,305504877.000000,0.000000
925000252.000000,6836.000000,47852.000000,304696.000000,28648.000000,305838221.000000,0.000000
926000188.000000,6836.000000,47852.000000,304672.000000,28640.000000,306171533.000000,0.000000
927000220.000000,6836.000000,47852.000000,304696.000000,28648.000000,306504877.000000,0.000000
928000252.000000,6836.000000,47852.000000,304696.000000,28648.000000,306838221.000000,0.000000
929000284.000000,6836.000000,47852.000000,304696.000000,28648.000000,307171565.000000,0.000000
930000316.000000,6836.000000,47852.000000,304695.000000,28648.000000,307504908.000000,0.000000
931000252.000000,6836.000000,47852.000000,304673.000000,28640.000000,307838221.000000,0.000000
932000284.000000,6836.000000,47852.000000,304696.000000,28648.000000,308171565.000000,0.000000
933000028.000000,6834.000000,47838.000000,304608.000000,28640.000000,308504813.000000,0.000000
934000060.000000,6836.000000,47852.000000,304695.000000,28648.000000,308838156.000000,0.000000
935000284.000000,6838.000000,47866.000000,304761.000000,28648.000000,309171565.000000,0.000000
936000028.000000,6834.000000,47838.000000,304608.000000,28640.000000,309504813.000000,0.000000
937000060.000000,6836.000000,47852.000000,304696.000000,28648.000000,309838157.000000,0.000000
938000017.000000,48171.000000,22265.000000,269864.000000,55357.000000,310163378.000000,44850.000000
939000005.000000,84172.000000,31.000000,240081.000000,78103.000000,310481562.000000,83263.000000
940000015.000000,84094.000000,0.000000,239695.000000,78484.000000,310799741.000000,84075.000000
941000031.000000,56119.000000,2018.000000,241374.000000,41644.000000,311082759.000000,53217.000000
942000035.000000,40832.000000,3096.000000,242042.000000,22110.000000,311346911.000000,37735.000000
943000039.000000,40595.000000,3096.000000,242040.000000,22112.000000,311611063.000000,37509.000000
944000043.000000,37997.000000,3096.000000,242040.000000,22112.000000,311875215.000000,34894.000000
945000047.000000,40832.000000,3096.000000,242042.000000,22110.000000,312139367.000000,37735.000000
946000051.000000,40830.000000,3094.000000,242042.000000,22110.000000,312403519.000000,37735.000000
947000055.000000,38898.000000,3096.000000,242040.000000,22112.000000,312667671.000000,35818.000000
948000026.000000,30243.000000,134376.000000,342594.000000,87623.000000,313097888.000000,10142.000000
949000038.000000,19064.000000,15701.000000,252635.000000,17986.000000,313368509.000000,14281.000000
950000102.000000,18303.000000,89.000000,240757.000000,9258.000000,313618524.000000,15682.000000
951000038.000000,18298.000000,118.000000,240715.000000,9270.000000,313868509.000000,15674.000000
952000102.000000,18297.000000,123.000000,240749.000000,9270.000000,314118528.000000,15674.000000
953000038.000000,18297.000000,127.000000,240709.000000,9275.000000,314368512.000000,15673.000000
954000102.000000,18299.000000,109.000000,240749.000000,9267.000000,314618528.000000,15678.000000
955000006.000000,17551.000000,113.000000,240699.000000,9266.000000,314868493.000000,14933.000000
956000102.000000,16626.000000,140.000000,240758.000000,9280.000000,315118531.000000,14014.000000
957000038.000000,17628.000000,114.000000,240716.000000,9268.000000,315368515.000000,14987.000000
958000102.000000,18300.000000,121.000000,240745.000000,9271.000000,315618531.000000,15677.000000
959000038.000000,18297.000000,140.000000,240702.000000,9282.000000,315868515.000000,15676.000000
960000102.000000,18297.000000,127.000000,240743.000000,9273.000000,316118531.000000,15674.000000
961000038.000000,18296.000000,135.000000,240709.000000,9278.000000,316368518.000000,15672.000000
962000102.000000,18300.000000,138.000000,240732.000000,9284.000000,316618534.000000,15679.000000
963000006.000000,17933.000000,87.000000,240711.000000,9254.000000,316868499.000000,15316.000000
964000102.000000,17007.000000,160.000000,240744.000000,9291.000000,317118534.000000,14392.000000
965000060.000000,15852.000000,7045.000000,220869.000000,12818.000000,317352221.000000,12172.000000
966000080.000000,10938.000000,49221.000000,98962.000000,34374.000000,317485557.000000,0.000000
967000160.000000,10938.000000,49221.000000,98964.000000,34380.000000,317618901.000000,0.000000
968000180.000000,10938.000000,49221.000000,98962.000000,34374.000000,317752237.000000,0.000000
969000158.000000,10107.000000,48941.000000,141792.000000,33207.000000,317927236.000000,21.000000
970000190.000000,6836.000000,47852.000000,304696.000000,28648.000000,318260580.000000,0.000000
971000222.000000,6836.000000,47852.000000,304696.000000,28648.000000,318593924.000000,0.000000
972000254.000000,6836.000000,47852.000000,304696.000000,28648.000000,318927268.000000,0.000000
973000190.000000,6836.000000,47852.000000,304672.000000,28640.000000,319260580.000000,0.000000
974000222.000000,6836.000000,47852.000000,304696.000000,28648.000000,319593924.000000,0.000000
975000254.000000,6836.000000,47852.000000,304696.000000,28648.000000,319927268.000000,0.000000
976000002.000000,6835.000000,47838.000000,304608.000000,28640.000000,320260516.000000,0.000000
977000222.000000,6837.000000,47866.000000,304760.000000,28648.000000,320593924.000000,0.000000
978000254.000000,6836.000000,47852.000000,304696.000000,28648.000000,320927268.000000,0.000000
979000002.000000,6835.000000,47838.000000,304608.000000,28640.000000,321260516.000000,0.000000
980000030.000000,6835.000000,47852.000000,304696.000000,28648.000000,321593860.000000,0.000000
981000254.000000,6838.000000,47866.000000,304760.000000,28648.000000,321927268.000000,0.000000
982000002.000000,6835.000000,47838.000000,304608.000000,28640.000000,322260516.000000,0.000000
983000030.000000,6835.000000,47852.000000,304696.000000,28648.000000,322593860.000000,0.000000
984000062.000000,6836.000000,47852.000000,304696.000000,28648.000000,322927204.000000,0.000000
985000002.000000,6837.000000,47852.000000,304672.000000,28640.000000,323260516.000000,0.000000
986000030.000000,6835.000000,47852.000000,304696.000000,28648.000000,323593860.000000,0.000000
987000062.000000,6836.000000,47852.000000,304696.000000,28648.000000,323927204.000000,0.000000
988000094.000000,6836.000000,47852.000000,304696.000000,28648.000000,324260548.000000,0.000000
989000030.000000,6836.000000,47852.000000,304672.000000,28640.000000,324593860.000000,0.000000
990000062.000000,6836.000000,47852.000000,304696.000000,28648.000000,324927204.000000,0.000000
991000094.000000,6836.000000,47852.000000,304696.000000,28648.000000,325260548.000000,0.000000
992000126.000000,6836.000000,47852.000000,304696.000000,28648.000000,325593892.000000,0.000000
993000158.000000,6836.000000,47852.000000,304695.000000,28648.000000,325927235.000000,0.000000
994000094.000000,6836.000000,47852.000000,304673.000000,28640.000000,326260548.000000,0.000000
995000126.000000,6836.000000,47852.000000,304696.000000,28648.000000,326593892.000000,0.000000
996000158.000000,6836.000000,47852.000000,304696.000000,28648.000000,326927236.000000,0.000000
997000190.000000,6836.000000,47852.000000,304696.000000,28648.000000,327260580.000000,0.000000
998000126.000000,6836.000000,47852.000000,304672.000000,28640.000000,327593892.000000,0.000000
999000158.000000,6836.000000,47852.000000,304696.000000,28648.000000,327927236.000000,0.000000
